%time,field.header.seq,field.header.stamp,field.header.frame_id,field.set_point,field.process_value,field.process_value_dot,field.error,field.time_step,field.command,field.p,field.i,field.d,field.i_clamp,field.antiwindup
47951000000,4779,47944000000,,0.0,4.393455498075127e-06,0.0029287712570958287,-4.393455498075127e-06,0.001,-0.0,0.0,0.0,0.0,0.0,0
47954000000,4780,47954000000,,0.0,0.00011418399107920862,0.01755967209957029,-0.00011418399107920862,0.001,-0.0,0.0,0.0,0.0,0.0,0
47964000000,4781,47964000000,,0.0,0.00037004474089563644,0.03214246132583865,-0.00037004474089563644,0.001,-0.0,0.0,0.0,0.0,0.0,0
47974000000,4782,47974000000,,0.0,0.0007714496689636974,0.04667548575395511,-0.0007714496689636974,0.001,-0.0,0.0,0.0,0.0,0.0,0
47984000000,4783,47984000000,,0.0,0.0013181624602518482,0.06121790943708006,-0.0013181624602518482,0.001,-0.0,0.0,0.0,0.0,0.0,0
47994000000,4784,47994000000,,0.0,0.002011011237208926,0.07591922891655116,-0.002011011237208926,0.001,-0.0,0.0,0.0,0.0,0.0,0
48004000000,4785,48004000000,,0.0,0.0028529490493660603,0.0910478504257604,-0.0028529490493660603,0.001,-0.0,0.0,0.0,0.0,0.0,0
48014000000,4786,48014000000,,0.0,0.0038504021933052357,0.1070201891638424,-0.0038504021933052357,0.001,-0.0,0.0,0.0,0.0,0.0,0
48024000000,4787,48024000000,,0.0,0.005014915290528776,0.12443091990438734,-0.005014915290528776,0.001,-0.0,0.0,0.0,0.0,0.0,0
48034000000,4788,48034000000,,0.0,0.006365107789999769,0.14408491904387735,-0.006365107789999769,0.001,-0.0,0.0,0.0,0.0,0.0,0
48044000000,4789,48044000000,,0.0,0.007928960216828429,0.16703104650745826,-0.007928960216828429,0.001,-0.0,0.0,0.0,0.0,0.0,0
48054000000,4790,48054000000,,0.0,0.009746447681853176,0.19459759885440672,-0.009746447681853176,0.001,-0.0,0.0,0.0,0.0,0.0,0
48064000000,4791,48064000000,,0.0,0.011872540107932927,0.22842994120186005,-0.011872540107932927,0.001,-0.0,0.0,0.0,0.0,0.0,0
48074000000,4792,48074000000,,0.0,0.014380588433914987,0.27052944736273926,-0.014380588433914987,0.001,-0.0,0.0,0.0,0.0,0.0,0
48084000000,4793,48084000000,,0.0,0.017366101949947144,0.3232926038023794,-0.017366101949947144,0.001,-0.0,0.0,0.0,0.0,0.0,0
48094000000,4794,48094000000,,0.0,0.020950917932253788,0.3895501971334105,-0.020950917932253788,0.001,-0.0,0.0,0.0,0.0,0.0,0
48104000000,4795,48104000000,,0.0,0.025287713143986146,0.47259307056042726,-0.025287713143986146,0.001,-0.0,0.0,0.0,0.0,0.0,0
48114000000,4796,48114000000,,0.0,0.030564514236581353,0.5761450940553932,-0.030564514236581353,0.001,-0.0,0.0,0.0,0.0,0.0,0
48124000000,4797,48124000000,,0.0,0.037008454776565,0.7042427651955413,-0.037008454776565,0.001,-0.0,0.0,0.0,0.0,0.0,0
48134000000,4798,48134000000,,0.0,0.044887602620497624,0.860974183249291,-0.044887602620497624,0.001,-0.0,0.0,0.0,0.0,0.0,0
48144000000,4799,48144000000,,0.0,-0.008773606678055046,-6.06677478084883,0.008773606678055046,0.001,0.0,0.0,0.0,0.0,0.0,0
48154000000,4800,48154000000,,0.0,-0.06947764700581693,-6.074512788624602,0.06947764700581693,0.001,0.0,0.0,0.0,0.0,0.0,0
48164000000,4801,48164000000,,0.0,-0.13029147897220383,-6.0874382773225175,0.13029147897220383,0.001,0.0,0.0,0.0,0.0,0.0,0
48174000000,4802,48174000000,,0.0,-0.19123698180671234,-6.0998749844999685,0.19123698180671234,0.001,0.0,0.0,0.0,0.0,0.0,0
48184000000,4803,48184000000,,0.0,-0.25227791193574234,-6.106371232609874,0.25227791193574234,0.001,0.0,0.0,0.0,0.0,0.0,0
48194000000,4804,48194000000,,0.0,-0.3133346566623487,-6.10362007317212,0.3133346566623487,0.001,0.0,0.0,0.0,0.0,0.0,0
48204000000,4805,48204000000,,0.0,-0.3743075933976012,-6.090631708959619,0.3743075933976012,0.001,0.0,0.0,0.0,0.0,0.0,0
48214000000,4806,48214000000,,0.0,-0.43509689308401533,-6.068043140183982,0.43509689308401533,0.001,0.0,0.0,0.0,0.0,0.0,0
48224000000,4807,48224000000,,0.0,-0.4956138021208698,-6.037221016906671,0.4956138021208698,0.001,0.0,0.0,0.0,0.0,0.0,0
48234000000,4808,48234000000,,0.0,-0.555783847203168,-5.999560512902384,0.555783847203168,0.001,0.0,0.0,0.0,0.0,0.0,0
48244000000,4809,48244000000,,0.0,-0.6155446237767581,-5.956072105659131,0.6155446237767581,0.001,0.0,0.0,0.0,0.0,0.0,0
48254000000,4810,48254000000,,0.0,-0.6748407835323107,-5.907197192975487,0.6748407835323107,0.001,0.0,0.0,0.0,0.0,0.0,0
48264000000,4811,48264000000,,0.0,-0.7336180222162803,-5.852764983596236,0.7336180222162803,0.001,0.0,0.0,0.0,0.0,0.0,0
48274000000,4812,48274000000,,0.0,-0.7918170850872279,-5.792022944339473,0.7918170850872279,0.001,0.0,0.0,0.0,0.0,0.0,0
48284000000,4813,48284000000,,0.0,-0.8493682815825512,-5.723700157474055,0.8493682815825512,0.001,0.0,0.0,0.0,0.0,0.0,0
48294000000,4814,48294000000,,0.0,-0.9061867147435922,-5.646083596748414,0.9061867147435922,0.001,0.0,0.0,0.0,0.0,0.0,0
48304000000,4815,48304000000,,0.0,-0.962168307361333,-5.55710016220404,0.962168307361333,0.001,0.0,0.0,0.0,0.0,0.0,0
48314000000,4816,48314000000,,0.0,-1.0171866779747756,-5.454404416036574,1.0171866779747756,0.001,0.0,0.0,0.0,0.0,0.0,0
48324000000,4817,48324000000,,0.0,-1.0710909415187757,-5.335475639679693,1.0710909415187757,0.001,0.0,0.0,0.0,0.0,0.0,0
48334000000,4818,48334000000,,0.0,-1.1237045574593694,-5.197729840786592,1.1237045574593694,0.001,0.0,0.0,0.0,0.0,0.0,0
48344000000,4819,48344000000,,0.0,-1.1748254134099234,-5.038653982717445,1.1748254134099234,0.001,0.0,0.0,0.0,0.0,0.0,0
48354000000,4820,48354000000,,0.0,-1.2242274171692102,-4.855972136381698,1.2242274171692102,0.001,0.0,0.0,0.0,0.0,0.0,0
48364000000,4821,48364000000,,0.0,-1.271663989353609,-4.647857699932481,1.271663989353609,0.001,0.0,0.0,0.0,0.0,0.0,0
48374000000,4822,48374000000,,0.0,-1.3168740299955406,-4.413213667771645,1.3168740299955406,0.001,0.0,0.0,0.0,0.0,0.0,0
48384000000,4823,48384000000,,0.0,-1.3595912161549784,-4.152055241314545,1.3595912161549784,0.001,0.0,0.0,0.0,0.0,0.0,0
48394000000,4824,48394000000,,0.0,-1.3995579167644863,-3.8660450359744742,1.3995579167644863,0.001,0.0,0.0,0.0,0.0,0.0,0
48404000000,4825,48404000000,,0.0,-1.4365455908405984,-3.55924355187649,1.4365455908405984,0.001,0.0,0.0,0.0,0.0,0.0,0
48414000000,4826,48414000000,,0.0,-1.470384120133815,-3.2391228364884928,1.470384120133815,0.001,0.0,0.0,0.0,0.0,0.0,0
48424000000,4827,48424000000,,0.0,-1.5010025698464968,-2.9177930248718105,1.5010025698464968,0.001,0.0,0.0,0.0,0.0,0.0,0
48434000000,4828,48434000000,,0.0,-1.528482033064762,-2.6131139020610745,1.528482033064762,0.001,0.0,0.0,0.0,0.0,0.0,0
48444000000,4829,48444000000,,0.0,-1.5531152447592156,-2.3488407659332697,1.5531152447592156,0.001,0.0,0.0,0.0,0.0,0.0,0
48454000000,4830,48454000000,,0.0,-1.5754559133090655,-2.152407217506283,1.5754559133090655,0.001,0.0,0.0,0.0,0.0,0.0,0
48464000000,4831,48464000000,,0.0,-1.5963271496406701,-2.0492432849077087,1.5963271496406701,0.001,0.0,0.0,0.0,0.0,0.0,0
48474000000,4832,48474000000,,0.0,-1.6167577767467751,-2.0547298791845425,1.6167577767467751,0.001,0.0,0.0,0.0,0.0,0.0,0
48484000000,4833,48484000000,,0.0,-1.6378441193743392,-2.1680175019629813,1.6378441193743392,0.001,0.0,0.0,0.0,0.0,0.0,0
48494000000,4834,48494000000,,0.0,-1.6605819380803126,-2.372062408945972,1.6605819380803126,0.001,0.0,0.0,0.0,0.0,0.0,0
48504000000,4835,48504000000,,0.0,-1.6857346106331885,-2.6397457990222386,1.6857346106331885,0.001,0.0,0.0,0.0,0.0,0.0,0
48514000000,4836,48514000000,,0.0,-1.7137759476476084,-2.9416726476244612,1.7137759476476084,0.001,0.0,0.0,0.0,0.0,0.0,0
48524000000,4837,48524000000,,0.0,-1.7449003284883897,-3.2516522980299256,1.7449003284883897,0.001,0.0,0.0,0.0,0.0,0.0,0
48534000000,4838,48534000000,,0.0,-1.779069428678346,-3.5489370729417598,1.779069428678346,0.001,0.0,0.0,0.0,0.0,0.0,0
48544000000,4839,48544000000,,0.0,-1.816068254010343,-3.818296195427745,1.816068254010343,0.001,0.0,0.0,0.0,0.0,0.0,0
48554000000,4840,48554000000,,0.0,-1.855556171272422,-4.049202476609385,1.855556171272422,0.001,0.0,0.0,0.0,0.0,0.0,0
48564000000,4841,48564000000,,0.0,-1.8971086551725556,-4.234880246279105,1.8971086551725556,0.001,0.0,0.0,0.0,0.0,0.0,0
48574000000,4842,48574000000,,0.0,-1.9402501765409355,-4.371491471633868,1.9402501765409355,0.001,0.0,0.0,0.0,0.0,0.0,0
48584000000,4843,48584000000,,0.0,-1.984479942778277,-4.457499282590849,1.984479942778277,0.001,0.0,0.0,0.0,0.0,0.0,0
48594000000,4844,48594000000,,0.0,-2.029292085771882,-4.493172177679677,2.029292085771882,0.001,0.0,0.0,0.0,0.0,0.0,0
48604000000,4845,48604000000,,0.0,-2.0741914648784388,-4.480187505087728,2.0741914648784388,0.001,0.0,0.0,0.0,0.0,0.0,0
48614000000,4846,48614000000,,0.0,-2.1187059242248267,-4.4213081436618955,2.1187059242248267,0.001,0.0,0.0,0.0,0.0,0.0,0
48624000000,4847,48624000000,,0.0,-2.1623956510606863,-4.320118706398554,2.1623956510606863,0.001,0.0,0.0,0.0,0.0,0.0,0
48634000000,4848,48634000000,,0.0,-2.204860187370052,-4.180813546656535,2.204860187370052,0.001,0.0,0.0,0.0,0.0,0.0,0
48644000000,4849,48644000000,,0.0,-2.245743567782297,-4.008028003175244,2.245743567782297,0.001,0.0,0.0,0.0,0.0,0.0,0
48654000000,4850,48654000000,,0.0,-2.2847379524835656,-3.806700682562452,2.2847379524835656,0.001,0.0,0.0,0.0,0.0,0.0,0
48664000000,4851,48664000000,,0.0,-2.321585981154092,-3.5819510647626074,2.321585981154092,0.001,0.0,0.0,0.0,0.0,0.0,0
48674000000,4852,48674000000,,0.0,-2.3560819093215812,-3.338955906010279,2.3560819093215812,0.001,0.0,0.0,0.0,0.0,0.0,0
48684000000,4853,48684000000,,0.0,-2.3880714380773203,-3.0828112867382327,2.3880714380773203,0.001,0.0,0.0,0.0,0.0,0.0,0
48694000000,4854,48694000000,,0.0,-2.4174500556676026,-2.818374842885949,2.4174500556676026,0.001,0.0,0.0,0.0,0.0,0.0,0
48704000000,4855,48704000000,,0.0,-2.4441597115852396,-2.550093276803878,2.4441597115852396,0.001,0.0,0.0,0.0,0.0,0.0,0
48714000000,4856,48714000000,,0.0,-2.4681837540533493,-2.2818307472666,2.4681837540533493,0.001,0.0,0.0,0.0,0.0,0.0,0
48724000000,4857,48724000000,,0.0,-2.489540259819064,-2.0167205682430507,2.489540259819064,0.001,0.0,0.0,0.0,0.0,0.0,0
48734000000,4858,48734000000,,0.0,-2.508274117169247,-1.7570629409748342,2.508274117169247,0.001,0.0,0.0,0.0,0.0,0.0,0
48744000000,4859,48744000000,,0.0,-2.52444841805692,-1.5042845961919322,2.52444841805692,0.001,0.0,0.0,0.0,0.0,0.0,0
48754000000,4860,48754000000,,0.0,-2.5381358116534987,-1.258964424461776,2.5381358116534987,0.001,0.0,0.0,0.0,0.0,0.0,0
48764000000,4861,48764000000,,0.0,-2.549410441772064,-1.020916545574353,2.549410441772064,0.001,0.0,0.0,0.0,0.0,0.0,0
48774000000,4862,48774000000,,0.0,-2.558340950065446,-0.7893130188310207,2.558340950065446,0.001,0.0,0.0,0.0,0.0,0.0,0
48784000000,4863,48784000000,,0.0,-2.5649848250914467,-0.562825010749017,2.5649848250914467,0.001,0.0,0.0,0.0,0.0,0.0,0
48794000000,4864,48794000000,,0.0,-2.5693841748030177,-0.3397636911442757,2.5693841748030177,0.001,0.0,0.0,0.0,0.0,0.0,0
48804000000,4865,48804000000,,0.0,-2.5715628451470067,-0.11820838510040065,2.5715628451470067,0.001,0.0,0.0,0.0,0.0,0.0,0
48814000000,4866,48814000000,,0.0,-2.571524723003156,0.10388321484191175,2.571524723003156,0.001,0.0,0.0,0.0,0.0,0.0,0
48824000000,4867,48824000000,,0.0,-2.569253044494274,0.32858196384563726,2.569253044494274,0.001,0.0,0.0,0.0,0.0,0.0,0
48834000000,4868,48834000000,,0.0,-2.564710559722525,0.5579069044567417,2.564710559722525,0.001,0.0,0.0,0.0,0.0,0.0,0
48844000000,4869,48844000000,,0.0,-2.5578404571053097,0.7937520868355953,2.5578404571053097,0.001,0.0,0.0,0.0,0.0,0.0,0
48854000000,4870,48854000000,,0.0,-2.548568003480363,1.037815673062683,2.548568003480363,0.001,0.0,0.0,0.0,0.0,0.0,0
48864000000,4871,48864000000,,0.0,-2.5368028969023673,1.2915279985664245,2.5368028969023673,0.001,0.0,0.0,0.0,0.0,0.0,0
48874000000,4872,48874000000,,0.0,-2.5224423525981594,1.5559770155168826,2.5224423525981594,0.001,0.0,0.0,0.0,0.0,0.0,0
48884000000,4873,48884000000,,0.0,-2.5053749499204034,1.8318309992037145,2.5053749499204034,0.001,0.0,0.0,0.0,0.0,0.0,0
48894000000,4874,48894000000,,0.0,-2.4854852636735387,2.119259345305429,2.4854852636735387,0.001,0.0,0.0,0.0,0.0,0.0,0
48904000000,4875,48904000000,,0.0,-2.4626592920808417,2.417852735697759,2.4626592920808417,0.001,0.0,0.0,0.0,0.0,0.0,0
48914000000,4876,48914000000,,0.0,-2.436790679840711,2.7265441263814183,2.436790679840711,0.001,0.0,0.0,0.0,0.0,0.0,0
48924000000,4877,48924000000,,0.0,-2.4077877185971115,3.0435323749546774,2.4077877185971115,0.001,0.0,0.0,0.0,0.0,0.0,0
48934000000,4878,48934000000,,0.0,-2.375581083036379,3.3662116099838015,2.375581083036379,0.001,0.0,0.0,0.0,0.0,0.0,0
48944000000,4879,48944000000,,0.0,-2.3401322144045604,3.691112597188871,2.3401322144045604,0.001,0.0,0.0,0.0,0.0,0.0,0
48954000000,4880,48954000000,,0.0,-2.301442170866701,4.013868224609486,2.301442170866701,0.001,0.0,0.0,0.0,0.0,0.0,0
48964000000,4881,48964000000,,0.0,-2.253031993629045,4.83872334877742,2.253031993629045,0.001,0.0,0.0,0.0,0.0,0.0,0
48974000000,4882,48974000000,,0.0,-2.2064552885684074,4.604634874435329,2.2064552885684074,0.001,0.0,0.0,0.0,0.0,0.0,0
48984000000,4883,48984000000,,0.0,-2.1588785214363675,4.946249636416508,2.1588785214363675,0.001,0.0,0.0,0.0,0.0,0.0,0
48994000000,4884,48994000000,,0.0,-2.10755129671551,5.192241458029295,2.10755129671551,0.001,0.0,0.0,0.0,0.0,0.0,0
49004000000,4885,49004000000,,0.0,-2.0556116004539025,5.188040080887289,2.0556116004539025,0.001,0.0,0.0,0.0,0.0,0.0,0
49014000000,4886,49014000000,,0.0,-2.0039542327715134,5.142521281079057,2.0039542327715134,0.001,0.0,0.0,0.0,0.0,0.0,0
49024000000,4887,49024000000,,0.0,-1.9529053688875493,5.071332632265023,1.9529053688875493,0.001,0.0,0.0,0.0,0.0,0.0,0
49034000000,4888,49034000000,,0.0,-1.9026483169128747,4.987202567316062,1.9026483169128747,0.001,0.0,0.0,0.0,0.0,0.0,0
49044000000,4889,49044000000,,0.0,-1.8532625048805222,4.898582213635082,1.8532625048805222,0.001,0.0,0.0,0.0,0.0,0.0,0
49054000000,4890,49054000000,,0.0,-1.804764891991434,4.810029271680412,1.804764891991434,0.001,0.0,0.0,0.0,0.0,0.0,0
49064000000,4891,49064000000,,0.0,-1.7571443036911791,4.723062705915551,1.7571443036911791,0.001,0.0,0.0,0.0,0.0,0.0,0
49074000000,4892,49074000000,,0.0,-1.710387214265296,4.636975872940923,1.710387214265296,0.001,0.0,0.0,0.0,0.0,0.0,0
49084000000,4893,49084000000,,0.0,-1.6644964205315516,4.549457054047947,1.6644964205315516,0.001,0.0,0.0,0.0,0.0,0.0,0
49094000000,4894,49094000000,,0.0,-1.6195045706448479,4.457023723789479,1.6195045706448479,0.001,0.0,0.0,0.0,0.0,0.0,0
49104000000,4895,49104000000,,0.0,-1.5754841219529565,4.355325661274135,1.5754841219529565,0.001,0.0,0.0,0.0,0.0,0.0,0
49114000000,4896,49114000000,,0.0,-1.5325547151577918,4.239374632784343,1.5325547151577918,0.001,0.0,0.0,0.0,0.0,0.0,0
49124000000,4897,49124000000,,0.0,-1.4908884360885661,4.103746289237819,1.4908884360885661,0.001,0.0,0.0,0.0,0.0,0.0,0
49134000000,4898,49134000000,,0.0,-1.4507049525975697,3.9509452353425214,1.4507049525975697,0.001,0.0,0.0,0.0,0.0,0.0,0
49144000000,4899,49144000000,,0.0,-1.4119987579260016,3.8064042970090513,1.4119987579260016,0.001,0.0,0.0,0.0,0.0,0.0,0
49154000000,4900,49154000000,,0.0,-1.3747747637631713,3.6517374966956035,1.3747747637631713,0.001,0.0,0.0,0.0,0.0,0.0,0
49164000000,4901,49164000000,,0.0,-1.3391673497291157,3.484401363976154,1.3391673497291157,0.001,0.0,0.0,0.0,0.0,0.0,0
49174000000,4902,49174000000,,0.0,-1.3053040417631268,3.3041094319570417,1.3053040417631268,0.001,0.0,0.0,0.0,0.0,0.0,0
49184000000,4903,49184000000,,0.0,-1.2733181827367401,3.110155314891522,1.2733181827367401,0.001,0.0,0.0,0.0,0.0,0.0,0
49194000000,4904,49194000000,,0.0,-1.2433505059237797,2.9017950606252545,1.2433505059237797,0.001,0.0,0.0,0.0,0.0,0.0,0
49204000000,4905,49204000000,,0.0,-1.2155489695360675,2.6783294448513164,1.2155489695360675,0.001,0.0,0.0,0.0,0.0,0.0,0
49214000000,4906,49214000000,,0.0,-1.190068176691521,2.4391225829589414,1.190068176691521,0.001,0.0,0.0,0.0,0.0,0.0,0
49224000000,4907,49224000000,,0.0,-1.1670687856673174,2.183589665791566,1.1670687856673174,0.001,0.0,0.0,0.0,0.0,0.0,0
49234000000,4908,49234000000,,0.0,-1.1467172148695672,1.9111518723727798,1.1467172148695672,0.001,0.0,0.0,0.0,0.0,0.0,0
49244000000,4909,49244000000,,0.0,-1.1291860520736172,1.6211416179886258,1.1291860520736172,0.001,0.0,0.0,0.0,0.0,0.0,0
49254000000,4910,49254000000,,0.0,-1.1146558290514923,1.312625244871482,1.1146558290514923,0.001,0.0,0.0,0.0,0.0,0.0,0
49264000000,4911,49264000000,,0.0,-1.103319288650333,0.9840826240510258,1.103319288650333,0.001,0.0,0.0,0.0,0.0,0.0,0
49274000000,4912,49274000000,,0.0,-1.0953901541136952,0.632826011520181,1.0953901541136952,0.001,0.0,0.0,0.0,0.0,0.0,0
49284000000,4913,49284000000,,0.0,-1.0911202153801272,0.25390896974130855,1.0911202153801272,0.001,0.0,0.0,0.0,0.0,0.0,0
49294000000,4914,49294000000,,0.0,-1.090811038692589,-0.1549121400298316,1.090811038692589,0.001,0.0,0.0,0.0,0.0,0.0,0
49304000000,4915,49304000000,,0.0,-1.0947120291390053,-0.5857243755495974,1.0947120291390053,0.001,0.0,0.0,0.0,0.0,0.0,0
49314000000,4916,49314000000,,0.0,-1.1030348511047983,-1.0368906014807822,1.1030348511047983,0.001,0.0,0.0,0.0,0.0,0.0,0
49324000000,4917,49324000000,,0.0,-1.1159679609387236,-1.5053656562461712,1.1159679609387236,0.001,0.0,0.0,0.0,0.0,0.0,0
49334000000,4918,49334000000,,0.0,-1.133654670295595,-1.9851196273942073,1.133654670295595,0.001,0.0,0.0,0.0,0.0,0.0,0
49344000000,4919,49344000000,,0.0,-1.1561493593131544,-2.464408944513118,1.1561493593131544,0.001,0.0,0.0,0.0,0.0,0.0,0
49354000000,4920,49354000000,,0.0,-1.1833397078385985,-2.9219081786895544,1.1833397078385985,0.001,0.0,0.0,0.0,0.0,0.0,0
49364000000,4921,49364000000,,0.0,-1.2148305552049479,-3.3233587850066035,1.2148305552049479,0.001,0.0,0.0,0.0,0.0,0.0,0
49374000000,4922,49374000000,,0.0,-1.2498187203087312,-3.62366967471634,1.2498187203087312,0.001,0.0,0.0,0.0,0.0,0.0,0
49384000000,4923,49384000000,,0.0,-1.287049746285522,-3.7807322693097096,1.287049746285522,0.001,0.0,0.0,0.0,0.0,0.0,0
49394000000,4924,49394000000,,0.0,-1.3249699748812578,-3.7778238922998795,1.3249699748812578,0.001,0.0,0.0,0.0,0.0,0.0,0
49404000000,4925,49404000000,,0.0,-1.362063388362932,-3.635448669678697,1.362063388362932,0.001,0.0,0.0,0.0,0.0,0.0,0
49414000000,4926,49414000000,,0.0,-1.397174647271079,-3.39910039169169,1.397174647271079,0.001,0.0,0.0,0.0,0.0,0.0,0
49424000000,4927,49424000000,,0.0,-1.4296314147689415,-3.1162357272826724,1.4296314147689415,0.001,0.0,0.0,0.0,0.0,0.0,0
49434000000,4928,49434000000,,0.0,-1.4591745902435242,-2.822076010315696,1.4591745902435242,0.001,0.0,0.0,0.0,0.0,0.0,0
49444000000,4929,49444000000,,0.0,-1.4858171287527657,-2.5375868112657614,1.4858171287527657,0.001,0.0,0.0,0.0,0.0,0.0,0
49454000000,4930,49454000000,,0.0,-1.5097196311330343,-2.2731335047400565,1.5097196311330343,0.001,0.0,0.0,0.0,0.0,0.0,0
49464000000,4931,49464000000,,0.0,-1.5311080078906922,-2.0326605582737507,1.5311080078906922,0.001,0.0,0.0,0.0,0.0,0.0,0
49474000000,4932,49474000000,,0.0,-1.5502268140594886,-1.8166787330366614,1.5502268140594886,0.001,0.0,0.0,0.0,0.0,0.0,0
49484000000,4933,49484000000,,0.0,-1.5673155602071471,-1.624048411397942,1.5673155602071471,0.001,0.0,0.0,0.0,0.0,0.0,0
49494000000,4934,49494000000,,0.0,-1.5825980572563285,-1.452949968804033,1.5825980572563285,0.001,0.0,0.0,0.0,0.0,0.0,0
49504000000,4935,49504000000,,0.0,-1.5962786338590949,-1.3013807876508858,1.5962786338590949,0.001,0.0,0.0,0.0,0.0,0.0,0
49514000000,4936,49514000000,,0.0,-1.608541777357873,-1.1673953838612423,1.608541777357873,0.001,0.0,0.0,0.0,0.0,0.0,0
49524000000,4937,49524000000,,0.0,-1.6195533647628153,-1.049211281929937,1.6195533647628153,0.001,0.0,0.0,0.0,0.0,0.0,0
49534000000,4938,49534000000,,0.0,-1.629462537061535,-0.9452463097410668,1.629462537061535,0.001,0.0,0.0,0.0,0.0,0.0,0
49544000000,4939,49544000000,,0.0,-1.638403737251398,-0.8541214171501057,1.638403737251398,0.001,0.0,0.0,0.0,0.0,0.0,0
49554000000,4940,49554000000,,0.0,-1.6464986726207087,-0.7746463993794477,1.6464986726207087,0.001,0.0,0.0,0.0,0.0,0.0,0
49564000000,4941,49564000000,,0.0,-1.6538580834601717,-0.7057972904333926,1.6538580834601717,0.001,0.0,0.0,0.0,0.0,0.0,0
49574000000,4942,49574000000,,0.0,-1.6605832617282505,-0.6466898605375817,1.6605832617282505,0.001,0.0,0.0,0.0,0.0,0.0,0
49584000000,4943,49584000000,,0.0,-1.666767294637534,-0.5965515382342996,1.666767294637534,0.001,0.0,0.0,0.0,0.0,0.0,0
49594000000,4944,49594000000,,0.0,-1.6724960252493375,-0.5546930860092366,1.6724960252493375,0.001,0.0,0.0,0.0,0.0,0.0,0
49604000000,4945,49604000000,,0.0,-1.6778487326963063,-0.5204809107798699,1.6778487326963063,0.001,0.0,0.0,0.0,0.0,0.0,0
49614000000,4946,49614000000,,0.0,-1.6828985422150424,-0.49331068481346013,1.6828985422150424,0.001,0.0,0.0,0.0,0.0,0.0,0
49624000000,4947,49624000000,,0.0,-1.6877125812384506,-0.47258283328040757,1.6877125812384506,0.001,0.0,0.0,0.0,0.0,0.0,0
49634000000,4948,49634000000,,0.0,-1.6923519027747904,-0.45768033695619403,1.6923519027747904,0.001,0.0,0.0,0.0,0.0,0.0,0
49644000000,4949,49644000000,,0.0,-1.696871201116398,-0.44794917359832176,1.696871201116398,0.001,0.0,0.0,0.0,0.0,0.0,0
49654000000,4950,49654000000,,0.0,-1.701318347373899,-0.442681576988166,1.701318347373899,0.001,0.0,0.0,0.0,0.0,0.0,0
49664000000,4951,49664000000,,0.0,-1.7057337732879052,-0.44110214141872506,1.7057337732879052,0.001,0.0,0.0,0.0,0.0,0.0,0
49674000000,4952,49674000000,,0.0,-1.7101497312703255,-0.4423566616487232,1.7101497312703255,0.001,0.0,0.0,0.0,0.0,0.0,0
49684000000,4953,49684000000,,0.0,-1.7145894569251396,-0.44550349552609003,1.7145894569251396,0.001,0.0,0.0,0.0,0.0,0.0,0
49694000000,4954,49694000000,,0.0,-1.7190662578476879,-0.44950718681454066,1.7190662578476879,0.001,0.0,0.0,0.0,0.0,0.0,0
49704000000,4955,49704000000,,0.0,-1.7235825499036288,-0.4532341007513072,1.7235825499036288,0.001,0.0,0.0,0.0,0.0,0.0,0
49714000000,4956,49714000000,,0.0,-1.7281288601113296,-0.4554499068860933,1.7281288601113296,0.001,0.0,0.0,0.0,0.0,0.0,0
49724000000,4957,49724000000,,0.0,-1.732682814329296,-0.45481888461738484,1.732682814329296,0.001,0.0,0.0,0.0,0.0,0.0,0
49734000000,4958,49734000000,,0.0,-1.7372081286713108,-0.4499052064526535,1.7372081286713108,0.001,0.0,0.0,0.0,0.0,0.0,0
49744000000,4959,49744000000,,0.0,-1.741653626149482,-0.4391765382517233,1.741653626149482,0.001,0.0,0.0,0.0,0.0,0.0,0
49754000000,4960,49754000000,,0.0,-1.7459523042615075,-0.42101043396513155,1.7459523042615075,0.001,0.0,0.0,0.0,0.0,0.0,0
49764000000,4961,49764000000,,0.0,-1.750020484275744,-0.3937040272502076,1.750020484275744,0.001,0.0,0.0,0.0,0.0,0.0,0
49774000000,4962,49774000000,,0.0,-1.7537570772650533,-0.3554873553736254,1.7537570772650533,0.001,0.0,0.0,0.0,0.0,0.0,0
49784000000,4963,49784000000,,0.0,-1.757043003155074,-0.3045402169027643,1.757043003155074,0.001,0.0,0.0,0.0,0.0,0.0,0
49794000000,4964,49794000000,,0.0,-1.7597407942138688,-0.23901171514636252,1.7597407942138688,0.001,0.0,0.0,0.0,0.0,0.0,0
49804000000,4965,49804000000,,0.0,-1.76169440034014,-0.15704058083569108,1.76169440034014,0.001,0.0,0.0,0.0,0.0,0.0,0
49814000000,4966,49814000000,,0.0,-1.7627291875571771,-0.056773091920689564,1.7627291875571771,0.001,0.0,0.0,0.0,0.0,0.0,0
49824000000,4967,49824000000,,0.0,-1.7626520819447613,0.06362589064677764,1.7626520819447613,0.001,0.0,0.0,0.0,0.0,0.0,0
49834000000,4968,49834000000,,0.0,-1.7612517609223746,0.20597424794910488,1.7612517609223746,0.001,0.0,0.0,0.0,0.0,0.0,0
49844000000,4969,49844000000,,0.0,-1.758298735631655,0.37209213724869394,1.758298735631655,0.001,0.0,0.0,0.0,0.0,0.0,0
49854000000,4970,49854000000,,0.0,-1.7535451140152922,0.5638446948417616,1.7535451140152922,0.001,0.0,0.0,0.0,0.0,0.0,0
49864000000,4971,49864000000,,0.0,-1.7467237967258225,0.7832102382384606,1.7467237967258225,0.001,0.0,0.0,0.0,0.0,0.0,0
49874000000,4972,49874000000,,0.0,-1.7375468636470073,1.0323704333613593,1.7375468636470073,0.001,0.0,0.0,0.0,0.0,0.0,0
49884000000,4973,49884000000,,0.0,-1.7257030028725184,1.3138069243409871,1.7257030028725184,0.001,0.0,0.0,0.0,0.0,0.0,0
49894000000,4974,49894000000,,0.0,-1.7108541118286853,1.6303637477266948,1.7108541118286853,0.001,0.0,0.0,0.0,0.0,0.0,0
49904000000,4975,49904000000,,0.0,-1.6926318729833278,1.9851800853063049,1.6926318729833278,0.001,0.0,0.0,0.0,0.0,0.0,0
49914000000,4976,49914000000,,0.0,-1.6886019185647179,-0.6193725824171872,1.6886019185647179,0.001,0.0,0.0,0.0,0.0,0.0,0
49924000000,4977,49924000000,,0.0,-1.6948853863692595,-0.5829446958855798,1.6948853863692595,0.001,0.0,0.0,0.0,0.0,0.0,0
49934000000,4978,49934000000,,0.0,-1.7001491191228606,-0.48045565359579007,1.7001491191228606,0.001,0.0,0.0,0.0,0.0,0.0,0
49944000000,4979,49944000000,,0.0,-1.7043966166259796,-0.3792117586686376,1.7043966166259796,0.001,0.0,0.0,0.0,0.0,0.0,0
49954000000,4980,49954000000,,0.0,-1.7076302740771734,-0.27749608626856187,1.7076302740771734,0.001,0.0,0.0,0.0,0.0,0.0,0
49964000000,4981,49964000000,,0.0,-1.7098376306674066,-0.1739130812879397,1.7098376306674066,0.001,0.0,0.0,0.0,0.0,0.0,0
49974000000,4982,49974000000,,0.0,-1.7109925407244848,-0.06710655116622033,1.7109925407244848,0.001,0.0,0.0,0.0,0.0,0.0,0
49984000000,4983,49984000000,,0.0,-1.7113626960343353,-0.00783673878001893,1.7113626960343353,0.001,0.0,0.0,0.0,0.0,0.0,0
49994000000,4984,49994000000,,0.0,-1.710941513488775,0.08317661401953523,1.710941513488775,0.001,0.0,0.0,0.0,0.0,0.0,0
50004000000,4985,50004000000,,0.0,-1.7097279602783537,0.13537989411014525,1.7097279602783537,0.001,0.0,0.0,0.0,0.0,0.0,0
50014000000,4986,50014000000,,0.0,-1.7083752099136413,0.1335864381610625,1.7083752099136413,0.001,0.0,0.0,0.0,0.0,0.0,0
50024000000,4987,50024000000,,0.0,-1.7070608835002394,0.12963275350911987,1.7070608835002394,0.001,0.0,0.0,0.0,0.0,0.0,0
50034000000,4988,50034000000,,0.0,-1.7057809548328597,0.12648330340492495,1.7057809548328597,0.001,0.0,0.0,0.0,0.0,0.0,0
50044000000,4989,50044000000,,0.0,-1.7045325759158585,0.12321624703367062,1.7045325759158585,0.001,0.0,0.0,0.0,0.0,0.0,0
50054000000,4990,50054000000,,0.0,-1.703319741636987,0.11939374961074935,1.703319741636987,0.001,0.0,0.0,0.0,0.0,0.0,0
50064000000,4991,50064000000,,0.0,-1.7021487741151233,0.11490182915907808,1.7021487741151233,0.001,0.0,0.0,0.0,0.0,0.0,0
50074000000,4992,50074000000,,0.0,-1.701026495932438,0.10972371881082771,1.701026495932438,0.001,0.0,0.0,0.0,0.0,0.0,0
50084000000,4993,50084000000,,0.0,-1.6999597327514122,0.10386799027011029,1.6999597327514122,0.001,0.0,0.0,0.0,0.0,0.0,0
50094000000,4994,50094000000,,0.0,-1.698955166499938,0.09735297514371649,1.698955166499938,0.001,0.0,0.0,0.0,0.0,0.0,0
50104000000,4995,50104000000,,0.0,-1.6980192547361614,0.09020439762061268,1.6980192547361614,0.001,0.0,0.0,0.0,0.0,0.0,0
50114000000,4996,50114000000,,0.0,-1.6971581581206898,0.0824551983161152,1.6971581581206898,0.001,0.0,0.0,0.0,0.0,0.0,0
50124000000,4997,50124000000,,0.0,-1.6963776684801548,0.07414547515468822,1.6963776684801548,0.001,0.0,0.0,0.0,0.0,0.0,0
50134000000,4998,50134000000,,0.0,-1.6956831382518818,0.06532227355818196,1.6956831382518818,0.001,0.0,0.0,0.0,0.0,0.0,0
50144000000,4999,50144000000,,0.0,-1.6950794129053195,0.05603921831899414,1.6950794129053195,0.001,0.0,0.0,0.0,0.0,0.0,0
50154000000,5000,50154000000,,0.0,-1.6945707678670976,0.046355997073440285,1.6945707678670976,0.001,0.0,0.0,0.0,0.0,0.0,0
50164000000,5001,50164000000,,0.0,-1.6941608618920974,0.03633469669482905,1.6941608618920974,0.001,0.0,0.0,0.0,0.0,0.0,0
50174000000,5002,50174000000,,0.0,-1.6938526968444885,0.026048287317888767,1.6938526968444885,0.001,0.0,0.0,0.0,0.0,0.0,0
50184000000,5003,50184000000,,0.0,-1.6936484959276168,0.015572208223434449,1.6936484959276168,0.001,0.0,0.0,0.0,0.0,0.0,0
50194000000,5004,50194000000,,0.0,-1.693549889370889,0.004936481688837322,1.693549889370889,0.001,0.0,0.0,0.0,0.0,0.0,0
50204000000,5005,50204000000,,0.0,-1.6935393997904136,0.0004918934011563928,1.6935393997904136,0.001,0.0,0.0,0.0,0.0,0.0,0
50214000000,5006,50214000000,,0.0,-1.6935333526851553,0.0004076018552158262,1.6935333526851553,0.001,0.0,0.0,0.0,0.0,0.0,0
50224000000,5007,50224000000,,0.0,-1.6935302955623541,9.231615696472196e-05,1.6935302955623541,0.001,0.0,0.0,0.0,0.0,0.0,0
50234000000,5008,50234000000,,0.0,-1.693529339141226,-3.390924665272514e-05,1.693529339141226,0.001,0.0,0.0,0.0,0.0,0.0,0
50244000000,5009,50244000000,,0.0,-1.693529013120596,-6.126698886672945e-05,1.693529013120596,0.001,0.0,0.0,0.0,0.0,0.0,0
50254000000,5010,50254000000,,0.0,-1.6935287879701777,-6.335591895803275e-05,1.6935287879701777,0.001,0.0,0.0,0.0,0.0,0.0,0
50264000000,5011,50264000000,,0.0,-1.6935285601818455,-6.241416333035101e-05,1.6935285601818455,0.001,0.0,0.0,0.0,0.0,0.0,0
50274000000,5012,50274000000,,0.0,-1.6935283252271027,-6.194977267380302e-05,1.6935283252271027,0.001,0.0,0.0,0.0,0.0,0.0,0
50284000000,5013,50284000000,,0.0,-1.6935280878873673,-6.18430923378435e-05,1.6935280878873673,0.001,0.0,0.0,0.0,0.0,0.0,0
50294000000,5014,50294000000,,0.0,-1.6935278501450242,-6.183404959312639e-05,1.6935278501450242,0.001,0.0,0.0,0.0,0.0,0.0,0
50304000000,5015,50304000000,,0.0,-1.6935276124081184,-6.183748160147734e-05,1.6935276124081184,0.001,0.0,0.0,0.0,0.0,0.0,0
50314000000,5016,50314000000,,0.0,-1.693527374698335,-6.183926200140317e-05,1.693527374698335,0.001,0.0,0.0,0.0,0.0,0.0,0
50324000000,5017,50324000000,,0.0,-1.6935271369979024,-6.183967288161703e-05,1.6935271369979024,0.001,0.0,0.0,0.0,0.0,0.0,0
50334000000,5018,50334000000,,0.0,-1.6935268992991208,-6.183969815292393e-05,1.6935268992991208,0.001,0.0,0.0,0.0,0.0,0.0,0
50344000000,5019,50344000000,,0.0,-1.6935266616003535,-6.183967130446345e-05,1.6935266616003535,0.001,0.0,0.0,0.0,0.0,0.0,0
50354000000,5020,50354000000,,0.0,-1.6935264239014947,-6.183964989479716e-05,1.6935264239014947,0.001,0.0,0.0,0.0,0.0,0.0,0
50364000000,5021,50364000000,,0.0,-1.69352618620261,-6.183963384990819e-05,1.69352618620261,0.001,0.0,0.0,0.0,0.0,0.0,0
50374000000,5022,50374000000,,0.0,-1.6935259485037317,-6.183961914789895e-05,1.6935259485037317,0.001,0.0,0.0,0.0,0.0,0.0,0
50384000000,5023,50384000000,,0.0,-1.6935257108048631,-6.183960471834779e-05,1.6935257108048631,0.001,0.0,0.0,0.0,0.0,0.0,0
50394000000,5024,50394000000,,0.0,-1.693525473106007,-6.183959039689285e-05,1.693525473106007,0.001,0.0,0.0,0.0,0.0,0.0,0
50404000000,5025,50404000000,,0.0,-1.6935252354071615,-6.183957591422366e-05,1.6935252354071615,0.001,0.0,0.0,0.0,0.0,0.0,0
50414000000,5026,50414000000,,0.0,-1.6935249977083275,-6.183956150743726e-05,1.6935249977083275,0.001,0.0,0.0,0.0,0.0,0.0,0
50424000000,5027,50424000000,,0.0,-1.6935247600095051,-6.183954705242323e-05,1.6935247600095051,0.001,0.0,0.0,0.0,0.0,0.0,0
50434000000,5028,50434000000,,0.0,-1.6935245223106943,-6.183953260483571e-05,1.6935245223106943,0.001,0.0,0.0,0.0,0.0,0.0,0
50444000000,5029,50444000000,,0.0,-1.693524284611895,-6.18395182260339e-05,1.693524284611895,0.001,0.0,0.0,0.0,0.0,0.0,0
50454000000,5030,50454000000,,0.0,-1.6935240469131063,-6.183950372441648e-05,1.6935240469131063,0.001,0.0,0.0,0.0,0.0,0.0,0
50464000000,5031,50464000000,,0.0,-1.6935238092143292,-6.183948927391486e-05,1.6935238092143292,0.001,0.0,0.0,0.0,0.0,0.0,0
50474000000,5032,50474000000,,0.0,-1.6935235715155628,-6.183947489982224e-05,1.6935235715155628,0.001,0.0,0.0,0.0,0.0,0.0,0
50484000000,5033,50484000000,,0.0,-1.6935233338168079,-6.183946049757814e-05,1.6935233338168079,0.001,0.0,0.0,0.0,0.0,0.0,0
50494000000,5034,50494000000,,0.0,-1.6935230961180654,-6.183944604465222e-05,1.6935230961180654,0.001,0.0,0.0,0.0,0.0,0.0,0
50504000000,5035,50504000000,,0.0,-1.6935228584193327,-6.18394315691685e-05,1.6935228584193327,0.001,0.0,0.0,0.0,0.0,0.0,0
50514000000,5036,50514000000,,0.0,-1.6935226207206115,-6.18394171046659e-05,1.6935226207206115,0.001,0.0,0.0,0.0,0.0,0.0,0
50524000000,5037,50524000000,,0.0,-1.693522383021902,-6.183940264063385e-05,1.693522383021902,0.001,0.0,0.0,0.0,0.0,0.0,0
50534000000,5038,50534000000,,0.0,-1.6935221453232048,-6.18393882632664e-05,1.6935221453232048,0.001,0.0,0.0,0.0,0.0,0.0,0
50544000000,5039,50544000000,,0.0,-1.6935219076245174,-6.183937378863534e-05,1.6935219076245174,0.001,0.0,0.0,0.0,0.0,0.0,0
50554000000,5040,50554000000,,0.0,-1.6935216699258415,-6.183935940101188e-05,1.6935216699258415,0.001,0.0,0.0,0.0,0.0,0.0,0
50564000000,5041,50564000000,,0.0,-1.6935214322271772,-6.183934491683026e-05,1.6935214322271772,0.001,0.0,0.0,0.0,0.0,0.0,0
50574000000,5042,50574000000,,0.0,-1.6935211945285245,-6.18393304875779e-05,1.6935211945285245,0.001,0.0,0.0,0.0,0.0,0.0,0
50584000000,5043,50584000000,,0.0,-1.6935209568298824,-6.183931600498024e-05,1.6935209568298824,0.001,0.0,0.0,0.0,0.0,0.0,0
50594000000,5044,50594000000,,0.0,-1.6935207191312527,-6.183930160490532e-05,1.6935207191312527,0.001,0.0,0.0,0.0,0.0,0.0,0
50604000000,5045,50604000000,,0.0,-1.6935204814326337,-6.183928715321943e-05,1.6935204814326337,0.001,0.0,0.0,0.0,0.0,0.0,0
50614000000,5046,50614000000,,0.0,-1.6935202437340253,-6.183927270627644e-05,1.6935202437340253,0.001,0.0,0.0,0.0,0.0,0.0,0
50624000000,5047,50624000000,,0.0,-1.6935200060354294,-6.183925830745273e-05,1.6935200060354294,0.001,0.0,0.0,0.0,0.0,0.0,0
50634000000,5048,50634000000,,0.0,-1.6935197683368441,-6.18392438672603e-05,1.6935197683368441,0.001,0.0,0.0,0.0,0.0,0.0,0
50644000000,5049,50644000000,,0.0,-1.6935195306382695,-6.18392294069242e-05,1.6935195306382695,0.001,0.0,0.0,0.0,0.0,0.0,0
50654000000,5050,50654000000,,0.0,-1.6935192929397074,-6.183921499702371e-05,1.6935192929397074,0.001,0.0,0.0,0.0,0.0,0.0,0
50664000000,5051,50664000000,,0.0,-1.6935190552411559,-6.1839200485224e-05,1.6935190552411559,0.001,0.0,0.0,0.0,0.0,0.0,0
50674000000,5052,50674000000,,0.0,-1.693518817542616,-6.183918602981407e-05,1.693518817542616,0.001,0.0,0.0,0.0,0.0,0.0,0
50684000000,5053,50684000000,,0.0,-1.6935185798440875,-6.183917168978258e-05,1.6935185798440875,0.001,0.0,0.0,0.0,0.0,0.0,0
50694000000,5054,50694000000,,0.0,-1.6935183421455697,-6.183915720758437e-05,1.6935183421455697,0.001,0.0,0.0,0.0,0.0,0.0,0
50704000000,5055,50704000000,,0.0,-1.6935181044470644,-6.183914275644866e-05,1.6935181044470644,0.001,0.0,0.0,0.0,0.0,0.0,0
50714000000,5056,50714000000,,0.0,-1.6935178667485697,-6.183912831668104e-05,1.6935178667485697,0.001,0.0,0.0,0.0,0.0,0.0,0
50724000000,5057,50724000000,,0.0,-1.6935176290500848,-6.183911394951008e-05,1.6935176290500848,0.001,0.0,0.0,0.0,0.0,0.0,0
50734000000,5058,50734000000,,0.0,-1.6935173913516133,-6.183909950289959e-05,1.6935173913516133,0.001,0.0,0.0,0.0,0.0,0.0,0
50744000000,5059,50744000000,,0.0,-1.6935171536531524,-6.1839085045846e-05,1.6935171536531524,0.001,0.0,0.0,0.0,0.0,0.0,0
50754000000,5060,50754000000,,0.0,-1.693516915954703,-6.18390705707499e-05,1.693516915954703,0.001,0.0,0.0,0.0,0.0,0.0,0
50764000000,5061,50764000000,,0.0,-1.6935166782562652,-6.183905616228216e-05,1.6935166782562652,0.001,0.0,0.0,0.0,0.0,0.0,0
50774000000,5062,50774000000,,0.0,-1.693516440557838,-6.183904168784353e-05,1.693516440557838,0.001,0.0,0.0,0.0,0.0,0.0,0
50784000000,5063,50784000000,,0.0,-1.6935162028594224,-6.183902719837406e-05,1.6935162028594224,0.001,0.0,0.0,0.0,0.0,0.0,0
50794000000,5064,50794000000,,0.0,-1.6935159651610183,-6.183901279156436e-05,1.6935159651610183,0.001,0.0,0.0,0.0,0.0,0.0,0
50804000000,5065,50804000000,,0.0,-1.693515727462625,-6.183899840637855e-05,1.693515727462625,0.001,0.0,0.0,0.0,0.0,0.0,0
50814000000,5066,50814000000,,0.0,-1.693515489764243,-6.183898392824971e-05,1.693515489764243,0.001,0.0,0.0,0.0,0.0,0.0,0
50824000000,5067,50824000000,,0.0,-1.6935152520658727,-6.183896949449104e-05,1.6935152520658727,0.001,0.0,0.0,0.0,0.0,0.0,0
50834000000,5068,50834000000,,0.0,-1.693515014367514,-6.183895505380947e-05,1.693515014367514,0.001,0.0,0.0,0.0,0.0,0.0,0
50844000000,5069,50844000000,,0.0,-1.6935147766691667,-6.183894066927564e-05,1.6935147766691667,0.001,0.0,0.0,0.0,0.0,0.0,0
50854000000,5070,50854000000,,0.0,-1.6935145389708293,-6.183892608490024e-05,1.6935145389708293,0.001,0.0,0.0,0.0,0.0,0.0,0
50864000000,5071,50864000000,,0.0,-1.6935143012725042,-6.183891170958021e-05,1.6935143012725042,0.001,0.0,0.0,0.0,0.0,0.0,0
50874000000,5072,50874000000,,0.0,-1.6935140635741899,-6.183889730299266e-05,1.6935140635741899,0.001,0.0,0.0,0.0,0.0,0.0,0
50884000000,5073,50884000000,,0.0,-1.693513825875887,-6.183888287821672e-05,1.693513825875887,0.001,0.0,0.0,0.0,0.0,0.0,0
50894000000,5074,50894000000,,0.0,-1.6935135881775967,-6.183886845102979e-05,1.6935135881775967,0.001,0.0,0.0,0.0,0.0,0.0,0
50904000000,5075,50904000000,,0.0,-1.693513350479316,-6.183885400553122e-05,1.693513350479316,0.001,0.0,0.0,0.0,0.0,0.0,0
50914000000,5076,50914000000,,0.0,-1.6935131127810479,-6.18388395675678e-05,1.6935131127810479,0.001,0.0,0.0,0.0,0.0,0.0,0
50924000000,5077,50924000000,,0.0,-1.6935128750827895,-6.183882507563024e-05,1.6935128750827895,0.001,0.0,0.0,0.0,0.0,0.0,0
50934000000,5078,50934000000,,0.0,-1.6935126373845435,-6.183881060133318e-05,1.6935126373845435,0.001,0.0,0.0,0.0,0.0,0.0,0
50944000000,5079,50944000000,,0.0,-1.693512399686309,-6.183879615732836e-05,1.693512399686309,0.001,0.0,0.0,0.0,0.0,0.0,0
50954000000,5080,50954000000,,0.0,-1.6935121619880853,-6.183878181010107e-05,1.6935121619880853,0.001,0.0,0.0,0.0,0.0,0.0,0
50964000000,5081,50964000000,,0.0,-1.693511924289873,-6.183876736656261e-05,1.693511924289873,0.001,0.0,0.0,0.0,0.0,0.0,0
50974000000,5082,50974000000,,0.0,-1.6935116865916724,-6.183875299526376e-05,1.6935116865916724,0.001,0.0,0.0,0.0,0.0,0.0,0
50984000000,5083,50984000000,,0.0,-1.6935114488934824,-6.183873838117758e-05,1.6935114488934824,0.001,0.0,0.0,0.0,0.0,0.0,0
50994000000,5084,50994000000,,0.0,-1.693511211195304,-6.183872400693196e-05,1.693511211195304,0.001,0.0,0.0,0.0,0.0,0.0,0
51004000000,5085,51004000000,,0.0,-1.693510973497137,-6.183870951606932e-05,1.693510973497137,0.001,0.0,0.0,0.0,0.0,0.0,0
51014000000,5086,51014000000,,0.0,-1.6935107357989816,-6.183869520596846e-05,1.6935107357989816,0.001,0.0,0.0,0.0,0.0,0.0,0
51024000000,5087,51024000000,,0.0,-1.6935104981008369,-6.183868074998638e-05,1.6935104981008369,0.001,0.0,0.0,0.0,0.0,0.0,0
51034000000,5088,51034000000,,0.0,-1.6935102604027046,-6.183866629698166e-05,1.6935102604027046,0.001,0.0,0.0,0.0,0.0,0.0,0
51044000000,5089,51044000000,,0.0,-1.693510022704582,-6.183865186145459e-05,1.693510022704582,0.001,0.0,0.0,0.0,0.0,0.0,0
51054000000,5090,51054000000,,0.0,-1.693509785006472,-6.183863745873727e-05,1.693509785006472,0.001,0.0,0.0,0.0,0.0,0.0,0
51064000000,5091,51064000000,,0.0,-1.6935095473083726,-6.183862298686931e-05,1.6935095473083726,0.001,0.0,0.0,0.0,0.0,0.0,0
51074000000,5092,51074000000,,0.0,-1.6935093096102847,-6.183860852715991e-05,1.6935093096102847,0.001,0.0,0.0,0.0,0.0,0.0,0
51084000000,5093,51084000000,,0.0,-1.6935090719122083,-6.183859414344816e-05,1.6935090719122083,0.001,0.0,0.0,0.0,0.0,0.0,0
51094000000,5094,51094000000,,0.0,-1.6935088342141427,-6.183857966103403e-05,1.6935088342141427,0.001,0.0,0.0,0.0,0.0,0.0,0
51104000000,5095,51104000000,,0.0,-1.6935085965160885,-6.18385651793024e-05,1.6935085965160885,0.001,0.0,0.0,0.0,0.0,0.0,0
51114000000,5096,51114000000,,0.0,-1.693508358818046,-6.183855076109335e-05,1.693508358818046,0.001,0.0,0.0,0.0,0.0,0.0,0
51124000000,5097,51124000000,,0.0,-1.693508121120015,-6.183853637474311e-05,1.693508121120015,0.001,0.0,0.0,0.0,0.0,0.0,0
51134000000,5098,51134000000,,0.0,-1.6935078834219945,-6.183852192119477e-05,1.6935078834219945,0.001,0.0,0.0,0.0,0.0,0.0,0
51144000000,5099,51144000000,,0.0,-1.6935076457239848,-6.183850749509989e-05,1.6935076457239848,0.001,0.0,0.0,0.0,0.0,0.0,0
51154000000,5100,51154000000,,0.0,-1.6935074080259884,-6.183849304066582e-05,1.6935074080259884,0.001,0.0,0.0,0.0,0.0,0.0,0
51164000000,5101,51164000000,,0.0,-1.6935071703280018,-6.183847867314642e-05,1.6935071703280018,0.001,0.0,0.0,0.0,0.0,0.0,0
51174000000,5102,51174000000,,0.0,-1.6935069326300267,-6.183846420409166e-05,1.6935069326300267,0.001,0.0,0.0,0.0,0.0,0.0,0
51184000000,5103,51184000000,,0.0,-1.6935066949320632,-6.183844969911716e-05,1.6935066949320632,0.001,0.0,0.0,0.0,0.0,0.0,0
51194000000,5104,51194000000,,0.0,-1.6935064572341112,-6.183843519515202e-05,1.6935064572341112,0.001,0.0,0.0,0.0,0.0,0.0,0
51204000000,5105,51204000000,,0.0,-1.6935062195361699,-6.183842079366714e-05,1.6935062195361699,0.001,0.0,0.0,0.0,0.0,0.0,0
51214000000,5106,51214000000,,0.0,-1.69350598183824,-6.18384063939794e-05,1.69350598183824,0.001,0.0,0.0,0.0,0.0,0.0,0
51224000000,5107,51224000000,,0.0,-1.6935057441403218,-6.183839196060931e-05,1.6935057441403218,0.001,0.0,0.0,0.0,0.0,0.0,0
51234000000,5108,51234000000,,0.0,-1.6935055064424152,-6.183837743406129e-05,1.6935055064424152,0.001,0.0,0.0,0.0,0.0,0.0,0
51244000000,5109,51244000000,,0.0,-1.6935052687445191,-6.183836312004513e-05,1.6935052687445191,0.001,0.0,0.0,0.0,0.0,0.0,0
51254000000,5110,51254000000,,0.0,-1.6935050310466346,-6.183834865485352e-05,1.6935050310466346,0.001,0.0,0.0,0.0,0.0,0.0,0
51264000000,5111,51264000000,,0.0,-1.6935047933487617,-6.18383340608602e-05,1.6935047933487617,0.001,0.0,0.0,0.0,0.0,0.0,0
51274000000,5112,51274000000,,0.0,-1.6935045556508994,-6.183831973656623e-05,1.6935045556508994,0.001,0.0,0.0,0.0,0.0,0.0,0
51284000000,5113,51284000000,,0.0,-1.6935043179530496,-6.183830540923691e-05,1.6935043179530496,0.001,0.0,0.0,0.0,0.0,0.0,0
51294000000,5114,51294000000,,0.0,-1.6935040802552095,-6.183829090949392e-05,1.6935040802552095,0.001,0.0,0.0,0.0,0.0,0.0,0
51304000000,5115,51304000000,,0.0,-1.6935038425573818,-6.183827648401364e-05,1.6935038425573818,0.001,0.0,0.0,0.0,0.0,0.0,0
51314000000,5116,51314000000,,0.0,-1.6935036048595657,-6.183826206109418e-05,1.6935036048595657,0.001,0.0,0.0,0.0,0.0,0.0,0
51324000000,5117,51324000000,,0.0,-1.6935033671617603,-6.183824762838381e-05,1.6935033671617603,0.001,0.0,0.0,0.0,0.0,0.0,0
51334000000,5118,51334000000,,0.0,-1.6935031294639664,-6.183823317665008e-05,1.6935031294639664,0.001,0.0,0.0,0.0,0.0,0.0,0
51344000000,5119,51344000000,,0.0,-1.6935028917661832,-6.183821864505551e-05,1.6935028917661832,0.001,0.0,0.0,0.0,0.0,0.0,0
51354000000,5120,51354000000,,0.0,-1.6935026540684124,-6.183820433381534e-05,1.6935026540684124,0.001,0.0,0.0,0.0,0.0,0.0,0
51364000000,5121,51364000000,,0.0,-1.6935024163706522,-6.183818978831188e-05,1.6935024163706522,0.001,0.0,0.0,0.0,0.0,0.0,0
51374000000,5122,51374000000,,0.0,-1.6935021786729028,-6.183817542231483e-05,1.6935021786729028,0.001,0.0,0.0,0.0,0.0,0.0,0
51384000000,5123,51384000000,,0.0,-1.6935019409751648,-6.183816098599535e-05,1.6935019409751648,0.001,0.0,0.0,0.0,0.0,0.0,0
51394000000,5124,51394000000,,0.0,-1.6935017032774393,-6.183814645628812e-05,1.6935017032774393,0.001,0.0,0.0,0.0,0.0,0.0,0
51404000000,5125,51404000000,,0.0,-1.6935014655797245,-6.183813206149547e-05,1.6935014655797245,0.001,0.0,0.0,0.0,0.0,0.0,0
51414000000,5126,51414000000,,0.0,-1.6935012278820203,-6.183811764705602e-05,1.6935012278820203,0.001,0.0,0.0,0.0,0.0,0.0,0
51424000000,5127,51424000000,,0.0,-1.6935009901843285,-6.183810324692329e-05,1.6935009901843285,0.001,0.0,0.0,0.0,0.0,0.0,0
51434000000,5128,51434000000,,0.0,-1.6935007524866474,-6.183808875299368e-05,1.6935007524866474,0.001,0.0,0.0,0.0,0.0,0.0,0
51444000000,5129,51444000000,,0.0,-1.693500514788978,-6.183807433769102e-05,1.693500514788978,0.001,0.0,0.0,0.0,0.0,0.0,0
51454000000,5130,51454000000,,0.0,-1.69350027709132,-6.183805995056133e-05,1.69350027709132,0.001,0.0,0.0,0.0,0.0,0.0,0
51464000000,5131,51464000000,,0.0,-1.6935000393936726,-6.183804545531224e-05,1.6935000393936726,0.001,0.0,0.0,0.0,0.0,0.0,0
51474000000,5132,51474000000,,0.0,-1.6934998016960368,-6.183803101893918e-05,1.6934998016960368,0.001,0.0,0.0,0.0,0.0,0.0,0
51484000000,5133,51484000000,,0.0,-1.6934995639984125,-6.183801651308329e-05,1.6934995639984125,0.001,0.0,0.0,0.0,0.0,0.0,0
51494000000,5134,51494000000,,0.0,-1.693499326300799,-6.183800212424005e-05,1.693499326300799,0.001,0.0,0.0,0.0,0.0,0.0,0
51504000000,5135,51504000000,,0.0,-1.6934990886031969,-6.183798773916926e-05,1.6934990886031969,0.001,0.0,0.0,0.0,0.0,0.0,0
51514000000,5136,51514000000,,0.0,-1.6934988509056073,-6.18379732719759e-05,1.6934988509056073,0.001,0.0,0.0,0.0,0.0,0.0,0
51524000000,5137,51524000000,,0.0,-1.6934986132080283,-6.183795885266197e-05,1.6934986132080283,0.001,0.0,0.0,0.0,0.0,0.0,0
51534000000,5138,51534000000,,0.0,-1.69349837551046,-6.183794443639785e-05,1.69349837551046,0.001,0.0,0.0,0.0,0.0,0.0,0
51544000000,5139,51544000000,,0.0,-1.6934981378129041,-6.183793000377497e-05,1.6934981378129041,0.001,0.0,0.0,0.0,0.0,0.0,0
51554000000,5140,51554000000,,0.0,-1.693497900115358,-6.183791553863117e-05,1.693497900115358,0.001,0.0,0.0,0.0,0.0,0.0,0
51564000000,5141,51564000000,,0.0,-1.6934976624178244,-6.183790109010054e-05,1.6934976624178244,0.001,0.0,0.0,0.0,0.0,0.0,0
51574000000,5142,51574000000,,0.0,-1.6934974247203023,-6.183788664208566e-05,1.6934974247203023,0.001,0.0,0.0,0.0,0.0,0.0,0
51584000000,5143,51584000000,,0.0,-1.6934971870227908,-6.183787218346148e-05,1.6934971870227908,0.001,0.0,0.0,0.0,0.0,0.0,0
51594000000,5144,51594000000,,0.0,-1.69349694932529,-6.183785775938237e-05,1.69349694932529,0.001,0.0,0.0,0.0,0.0,0.0,0
51604000000,5145,51604000000,,0.0,-1.6934967116278017,-6.183784330914911e-05,1.6934967116278017,0.001,0.0,0.0,0.0,0.0,0.0,0
51614000000,5146,51614000000,,0.0,-1.6934964739303249,-6.183782892996467e-05,1.6934964739303249,0.001,0.0,0.0,0.0,0.0,0.0,0
51624000000,5147,51624000000,,0.0,-1.6934962362328587,-6.18378144152633e-05,1.6934962362328587,0.001,0.0,0.0,0.0,0.0,0.0,0
51634000000,5148,51634000000,,0.0,-1.6934959985354041,-6.183780000056956e-05,1.6934959985354041,0.001,0.0,0.0,0.0,0.0,0.0,0
51644000000,5149,51644000000,,0.0,-1.6934957608379602,-6.183778555378525e-05,1.6934957608379602,0.001,0.0,0.0,0.0,0.0,0.0,0
51654000000,5150,51654000000,,0.0,-1.6934955231405278,-6.183777113454943e-05,1.6934955231405278,0.001,0.0,0.0,0.0,0.0,0.0,0
51664000000,5151,51664000000,,0.0,-1.6934952854431078,-6.183775683540683e-05,1.6934952854431078,0.001,0.0,0.0,0.0,0.0,0.0,0
51674000000,5152,51674000000,,0.0,-1.6934950477456976,-6.183774233382036e-05,1.6934950477456976,0.001,0.0,0.0,0.0,0.0,0.0,0
51684000000,5153,51684000000,,0.0,-1.6934948100482998,-6.183772784090338e-05,1.6934948100482998,0.001,0.0,0.0,0.0,0.0,0.0,0
51694000000,5154,51694000000,,0.0,-1.6934945723509127,-6.18377134402846e-05,1.6934945723509127,0.001,0.0,0.0,0.0,0.0,0.0,0
51704000000,5155,51704000000,,0.0,-1.6934943346535372,-6.183769898174641e-05,1.6934943346535372,0.001,0.0,0.0,0.0,0.0,0.0,0
51714000000,5156,51714000000,,0.0,-1.6934940969561723,-6.183768453835808e-05,1.6934940969561723,0.001,0.0,0.0,0.0,0.0,0.0,0
51724000000,5157,51724000000,,0.0,-1.693493859258819,-6.183767004716598e-05,1.693493859258819,0.001,0.0,0.0,0.0,0.0,0.0,0
51734000000,5158,51734000000,,0.0,-1.693493621561478,-6.183765566239638e-05,1.693493621561478,0.001,0.0,0.0,0.0,0.0,0.0,0
51744000000,5159,51744000000,,0.0,-1.6934933838641477,-6.183764123927243e-05,1.6934933838641477,0.001,0.0,0.0,0.0,0.0,0.0,0
51754000000,5160,51754000000,,0.0,-1.6934931461668281,-6.183762678325045e-05,1.6934931461668281,0.001,0.0,0.0,0.0,0.0,0.0,0
51764000000,5161,51764000000,,0.0,-1.693492908469521,-6.18376123132764e-05,1.693492908469521,0.001,0.0,0.0,0.0,0.0,0.0,0
51774000000,5162,51774000000,,0.0,-1.6934926707722244,-6.183759794269319e-05,1.6934926707722244,0.001,0.0,0.0,0.0,0.0,0.0,0
51784000000,5163,51784000000,,0.0,-1.6934924330749395,-6.183758346890772e-05,1.6934924330749395,0.001,0.0,0.0,0.0,0.0,0.0,0
51794000000,5164,51794000000,,0.0,-1.6934921953776652,-6.183756905013881e-05,1.6934921953776652,0.001,0.0,0.0,0.0,0.0,0.0,0
51804000000,5165,51804000000,,0.0,-1.6934919576804024,-6.183755455379145e-05,1.6934919576804024,0.001,0.0,0.0,0.0,0.0,0.0,0
51814000000,5166,51814000000,,0.0,-1.693491719983152,-6.183754015609497e-05,1.693491719983152,0.001,0.0,0.0,0.0,0.0,0.0,0
51824000000,5167,51824000000,,0.0,-1.6934914822859115,-6.183752572230759e-05,1.6934914822859115,0.001,0.0,0.0,0.0,0.0,0.0,0
51834000000,5168,51834000000,,0.0,-1.6934912445886834,-6.183751130206947e-05,1.6934912445886834,0.001,0.0,0.0,0.0,0.0,0.0,0
51844000000,5169,51844000000,,0.0,-1.693491006891466,-6.183749685793842e-05,1.693491006891466,0.001,0.0,0.0,0.0,0.0,0.0,0
51854000000,5170,51854000000,,0.0,-1.69349076919426,-6.183748239879398e-05,1.69349076919426,0.001,0.0,0.0,0.0,0.0,0.0,0
51864000000,5171,51864000000,,0.0,-1.6934905314970656,-6.183746799105423e-05,1.6934905314970656,0.001,0.0,0.0,0.0,0.0,0.0,0
51874000000,5172,51874000000,,0.0,-1.693490293799882,-6.183745348036751e-05,1.693490293799882,0.001,0.0,0.0,0.0,0.0,0.0,0
51884000000,5173,51884000000,,0.0,-1.6934900561027106,-6.183743911425053e-05,1.6934900561027106,0.001,0.0,0.0,0.0,0.0,0.0,0
51894000000,5174,51894000000,,0.0,-1.6934898184055491,-6.18374247024041e-05,1.6934898184055491,0.001,0.0,0.0,0.0,0.0,0.0,0
51904000000,5175,51904000000,,0.0,-1.6934895807084,-6.183741028218237e-05,1.6934895807084,0.001,0.0,0.0,0.0,0.0,0.0,0
51914000000,5176,51914000000,,0.0,-1.6934893430112625,-6.183739579956181e-05,1.6934893430112625,0.001,0.0,0.0,0.0,0.0,0.0,0
51924000000,5177,51924000000,,0.0,-1.6934891053141357,-6.183738141886543e-05,1.6934891053141357,0.001,0.0,0.0,0.0,0.0,0.0,0
51934000000,5178,51934000000,,0.0,-1.6934888676170203,-6.183736690636183e-05,1.6934888676170203,0.001,0.0,0.0,0.0,0.0,0.0,0
51944000000,5179,51944000000,,0.0,-1.6934886299199157,-6.183735244393738e-05,1.6934886299199157,0.001,0.0,0.0,0.0,0.0,0.0,0
51954000000,5180,51954000000,,0.0,-1.6934883922228234,-6.183733804892247e-05,1.6934883922228234,0.001,0.0,0.0,0.0,0.0,0.0,0
51964000000,5181,51964000000,,0.0,-1.6934881545257419,-6.183732361370251e-05,1.6934881545257419,0.001,0.0,0.0,0.0,0.0,0.0,0
51974000000,5182,51974000000,,0.0,-1.6934879168286718,-6.183730915517765e-05,1.6934879168286718,0.001,0.0,0.0,0.0,0.0,0.0,0
51984000000,5183,51984000000,,0.0,-1.6934876791316125,-6.183729473158416e-05,1.6934876791316125,0.001,0.0,0.0,0.0,0.0,0.0,0
51994000000,5184,51994000000,,0.0,-1.6934874414345646,-6.183728028028166e-05,1.6934874414345646,0.001,0.0,0.0,0.0,0.0,0.0,0
52004000000,5185,52004000000,,0.0,-1.6934872037375293,-6.183726591258272e-05,1.6934872037375293,0.001,0.0,0.0,0.0,0.0,0.0,0
52014000000,5186,52014000000,,0.0,-1.6934869660405045,-6.183725145042436e-05,1.6934869660405045,0.001,0.0,0.0,0.0,0.0,0.0,0
52024000000,5187,52024000000,,0.0,-1.6934867283434905,-6.183723698385582e-05,1.6934867283434905,0.001,0.0,0.0,0.0,0.0,0.0,0
52034000000,5188,52034000000,,0.0,-1.693486490646488,-6.183722256659456e-05,1.693486490646488,0.001,0.0,0.0,0.0,0.0,0.0,0
52044000000,5189,52044000000,,0.0,-1.693486252949497,-6.183720813009425e-05,1.693486252949497,0.001,0.0,0.0,0.0,0.0,0.0,0
52054000000,5190,52054000000,,0.0,-1.6934860152525175,-6.183719369061954e-05,1.6934860152525175,0.001,0.0,0.0,0.0,0.0,0.0,0
52064000000,5191,52064000000,,0.0,-1.6934857775555496,-6.183717921726288e-05,1.6934857775555496,0.001,0.0,0.0,0.0,0.0,0.0,0
52074000000,5192,52074000000,,0.0,-1.6934855398585924,-6.183716479214815e-05,1.6934855398585924,0.001,0.0,0.0,0.0,0.0,0.0,0
52084000000,5193,52084000000,,0.0,-1.6934853021616458,-6.183715035015505e-05,1.6934853021616458,0.001,0.0,0.0,0.0,0.0,0.0,0
52094000000,5194,52094000000,,0.0,-1.6934850644647117,-6.183713585439169e-05,1.6934850644647117,0.001,0.0,0.0,0.0,0.0,0.0,0
52104000000,5195,52104000000,,0.0,-1.6934848267677882,-6.183712152467236e-05,1.6934848267677882,0.001,0.0,0.0,0.0,0.0,0.0,0
52114000000,5196,52114000000,,0.0,-1.6934845890708772,-6.183710703633624e-05,1.6934845890708772,0.001,0.0,0.0,0.0,0.0,0.0,0
52124000000,5197,52124000000,,0.0,-1.693484351373976,-6.183709263431607e-05,1.693484351373976,0.001,0.0,0.0,0.0,0.0,0.0,0
52134000000,5198,52134000000,,0.0,-1.693484113677087,-6.183707819033483e-05,1.693484113677087,0.001,0.0,0.0,0.0,0.0,0.0,0
52144000000,5199,52144000000,,0.0,-1.6934838759802089,-6.183706373254815e-05,1.6934838759802089,0.001,0.0,0.0,0.0,0.0,0.0,0
52154000000,5200,52154000000,,0.0,-1.6934836382833423,-6.183704934162012e-05,1.6934836382833423,0.001,0.0,0.0,0.0,0.0,0.0,0
52164000000,5201,52164000000,,0.0,-1.6934834005864872,-6.183703488090743e-05,1.6934834005864872,0.001,0.0,0.0,0.0,0.0,0.0,0
52174000000,5202,52174000000,,0.0,-1.6934831628896436,-6.183702044925443e-05,1.6934831628896436,0.001,0.0,0.0,0.0,0.0,0.0,0
52184000000,5203,52184000000,,0.0,-1.6934829251928107,-6.183700594181647e-05,1.6934829251928107,0.001,0.0,0.0,0.0,0.0,0.0,0
52194000000,5204,52194000000,,0.0,-1.6934826874959894,-6.183699160904425e-05,1.6934826874959894,0.001,0.0,0.0,0.0,0.0,0.0,0
52204000000,5205,52204000000,,0.0,-1.6934824497991796,-6.183697711395153e-05,1.6934824497991796,0.001,0.0,0.0,0.0,0.0,0.0,0
52214000000,5206,52214000000,,0.0,-1.6934822121023805,-6.183696272109132e-05,1.6934822121023805,0.001,0.0,0.0,0.0,0.0,0.0,0
52224000000,5207,52224000000,,0.0,-1.6934819744055938,-6.183694820649186e-05,1.6934819744055938,0.001,0.0,0.0,0.0,0.0,0.0,0
52234000000,5208,52234000000,,0.0,-1.6934817367088177,-6.183693385089177e-05,1.6934817367088177,0.001,0.0,0.0,0.0,0.0,0.0,0
52244000000,5209,52244000000,,0.0,-1.6934814990120532,-6.183691935280392e-05,1.6934814990120532,0.001,0.0,0.0,0.0,0.0,0.0,0
52254000000,5210,52254000000,,0.0,-1.6934812613152994,-6.183690494323812e-05,1.6934812613152994,0.001,0.0,0.0,0.0,0.0,0.0,0
52264000000,5211,52264000000,,0.0,-1.6934810236185571,-6.183689051845711e-05,1.6934810236185571,0.001,0.0,0.0,0.0,0.0,0.0,0
52274000000,5212,52274000000,,0.0,-1.6934807859218273,-6.183687606249414e-05,1.6934807859218273,0.001,0.0,0.0,0.0,0.0,0.0,0
52284000000,5213,52284000000,,0.0,-1.6934805482251072,-6.183686170566367e-05,1.6934805482251072,0.001,0.0,0.0,0.0,0.0,0.0,0
52294000000,5214,52294000000,,0.0,-1.6934803105283995,-6.18368472203223e-05,1.6934803105283995,0.001,0.0,0.0,0.0,0.0,0.0,0
52304000000,5215,52304000000,,0.0,-1.6934800728317025,-6.183683273548144e-05,1.6934800728317025,0.001,0.0,0.0,0.0,0.0,0.0,0
52314000000,5216,52314000000,,0.0,-1.693479835135017,-6.183681828439082e-05,1.693479835135017,0.001,0.0,0.0,0.0,0.0,0.0,0
52324000000,5217,52324000000,,0.0,-1.6934795974383423,-6.183680388803849e-05,1.6934795974383423,0.001,0.0,0.0,0.0,0.0,0.0,0
52334000000,5218,52334000000,,0.0,-1.69347935974168,-6.183678951985793e-05,1.69347935974168,0.001,0.0,0.0,0.0,0.0,0.0,0
52344000000,5219,52344000000,,0.0,-1.6934791220450283,-6.18367750625096e-05,1.6934791220450283,0.001,0.0,0.0,0.0,0.0,0.0,0
52354000000,5220,52354000000,,0.0,-1.6934788843483881,-6.183676062421568e-05,1.6934788843483881,0.001,0.0,0.0,0.0,0.0,0.0,0
52364000000,5221,52364000000,,0.0,-1.6934786466517595,-6.183674616627415e-05,1.6934786466517595,0.001,0.0,0.0,0.0,0.0,0.0,0
52374000000,5222,52374000000,,0.0,-1.6934784089551416,-6.183673172123858e-05,1.6934784089551416,0.001,0.0,0.0,0.0,0.0,0.0,0
52384000000,5223,52384000000,,0.0,-1.6934781712585352,-6.183671723927247e-05,1.6934781712585352,0.001,0.0,0.0,0.0,0.0,0.0,0
52394000000,5224,52394000000,,0.0,-1.6934779335619403,-6.18367028499651e-05,1.6934779335619403,0.001,0.0,0.0,0.0,0.0,0.0,0
52404000000,5225,52404000000,,0.0,-1.6934776958653561,-6.18366883832583e-05,1.6934776958653561,0.001,0.0,0.0,0.0,0.0,0.0,0
52414000000,5226,52414000000,,0.0,-1.6934774581687844,-6.183667399675334e-05,1.6934774581687844,0.001,0.0,0.0,0.0,0.0,0.0,0
52424000000,5227,52424000000,,0.0,-1.6934772204722233,-6.183665951892486e-05,1.6934772204722233,0.001,0.0,0.0,0.0,0.0,0.0,0
52434000000,5228,52434000000,,0.0,-1.6934769827756728,-6.183664503453095e-05,1.6934769827756728,0.001,0.0,0.0,0.0,0.0,0.0,0
52444000000,5229,52444000000,,0.0,-1.6934767450791348,-6.183663061099625e-05,1.6934767450791348,0.001,0.0,0.0,0.0,0.0,0.0,0
52454000000,5230,52454000000,,0.0,-1.6934765073826075,-6.183661620455127e-05,1.6934765073826075,0.001,0.0,0.0,0.0,0.0,0.0,0
52464000000,5231,52464000000,,0.0,-1.6934762696860917,-6.183660182013073e-05,1.6934762696860917,0.001,0.0,0.0,0.0,0.0,0.0,0
52474000000,5232,52474000000,,0.0,-1.6934760319895883,-6.183658732905748e-05,1.6934760319895883,0.001,0.0,0.0,0.0,0.0,0.0,0
52484000000,5233,52484000000,,0.0,-1.6934757942930947,-6.1836572964901e-05,1.6934757942930947,0.001,0.0,0.0,0.0,0.0,0.0,0
52494000000,5234,52494000000,,0.0,-1.6934755565966126,-6.183655843685102e-05,1.6934755565966126,0.001,0.0,0.0,0.0,0.0,0.0,0
52504000000,5235,52504000000,,0.0,-1.6934753189001421,-6.183654395792984e-05,1.6934753189001421,0.001,0.0,0.0,0.0,0.0,0.0,0
52514000000,5236,52514000000,,0.0,-1.6934750812036832,-6.183652967790358e-05,1.6934750812036832,0.001,0.0,0.0,0.0,0.0,0.0,0
52524000000,5237,52524000000,,0.0,-1.6934748435072358,-6.183651523560527e-05,1.6934748435072358,0.001,0.0,0.0,0.0,0.0,0.0,0
52534000000,5238,52534000000,,0.0,-1.693474605810799,-6.183650071937278e-05,1.693474605810799,0.001,0.0,0.0,0.0,0.0,0.0,0
52544000000,5239,52544000000,,0.0,-1.693474368114373,-6.183648633924266e-05,1.693474368114373,0.001,0.0,0.0,0.0,0.0,0.0,0
52554000000,5240,52554000000,,0.0,-1.6934741304179592,-6.183647193129505e-05,1.6934741304179592,0.001,0.0,0.0,0.0,0.0,0.0,0
52564000000,5241,52564000000,,0.0,-1.6934738927215571,-6.183645742356443e-05,1.6934738927215571,0.001,0.0,0.0,0.0,0.0,0.0,0
52574000000,5242,52574000000,,0.0,-1.6934736550251657,-6.18364430289041e-05,1.6934736550251657,0.001,0.0,0.0,0.0,0.0,0.0,0
52584000000,5243,52584000000,,0.0,-1.6934734173287858,-6.18364286438608e-05,1.6934734173287858,0.001,0.0,0.0,0.0,0.0,0.0,0
52594000000,5244,52594000000,,0.0,-1.6934731796324174,-6.183641412047872e-05,1.6934731796324174,0.001,0.0,0.0,0.0,0.0,0.0,0
52604000000,5245,52604000000,,0.0,-1.6934729419360597,-6.183639974473209e-05,1.6934729419360597,0.001,0.0,0.0,0.0,0.0,0.0,0
52614000000,5246,52614000000,,0.0,-1.6934727042397135,-6.183638528641093e-05,1.6934727042397135,0.001,0.0,0.0,0.0,0.0,0.0,0
52624000000,5247,52624000000,,0.0,-1.693472466543379,-6.183637088772885e-05,1.693472466543379,0.001,0.0,0.0,0.0,0.0,0.0,0
52634000000,5248,52634000000,,0.0,-1.6934722288470558,-6.183635634883348e-05,1.6934722288470558,0.001,0.0,0.0,0.0,0.0,0.0,0
52644000000,5249,52644000000,,0.0,-1.6934719911507434,-6.183634193371325e-05,1.6934719911507434,0.001,0.0,0.0,0.0,0.0,0.0,0
52654000000,5250,52654000000,,0.0,-1.6934717534544435,-6.183632753721897e-05,1.6934717534544435,0.001,0.0,0.0,0.0,0.0,0.0,0
52664000000,5251,52664000000,,0.0,-1.6934715157581532,-6.183631301900837e-05,1.6934715157581532,0.001,0.0,0.0,0.0,0.0,0.0,0
52674000000,5252,52674000000,,0.0,-1.6934712780618764,-6.183629867143696e-05,1.6934712780618764,0.001,0.0,0.0,0.0,0.0,0.0,0
52684000000,5253,52684000000,,0.0,-1.6934710403656092,-6.183628422187819e-05,1.6934710403656092,0.001,0.0,0.0,0.0,0.0,0.0,0
52694000000,5254,52694000000,,0.0,-1.6934708026693537,-6.18362697373665e-05,1.6934708026693537,0.001,0.0,0.0,0.0,0.0,0.0,0
52704000000,5255,52704000000,,0.0,-1.6934705649731097,-6.183625533151447e-05,1.6934705649731097,0.001,0.0,0.0,0.0,0.0,0.0,0
52714000000,5256,52714000000,,0.0,-1.6934703272768772,-6.183624090976862e-05,1.6934703272768772,0.001,0.0,0.0,0.0,0.0,0.0,0
52724000000,5257,52724000000,,0.0,-1.6934700895806554,-6.183622645748869e-05,1.6934700895806554,0.001,0.0,0.0,0.0,0.0,0.0,0
52734000000,5258,52734000000,,0.0,-1.693469851884445,-6.183621204578112e-05,1.693469851884445,0.001,0.0,0.0,0.0,0.0,0.0,0
52744000000,5259,52744000000,,0.0,-1.6934696141882464,-6.183619753956211e-05,1.6934696141882464,0.001,0.0,0.0,0.0,0.0,0.0,0
52754000000,5260,52754000000,,0.0,-1.6934693764920592,-6.183618315343377e-05,1.6934693764920592,0.001,0.0,0.0,0.0,0.0,0.0,0
52764000000,5261,52764000000,,0.0,-1.6934691387958827,-6.183616869648324e-05,1.6934691387958827,0.001,0.0,0.0,0.0,0.0,0.0,0
52774000000,5262,52774000000,,0.0,-1.6934689010997177,-6.18361543541268e-05,1.6934689010997177,0.001,0.0,0.0,0.0,0.0,0.0,0
52784000000,5263,52784000000,,0.0,-1.6934686634035643,-6.18361398669607e-05,1.6934686634035643,0.001,0.0,0.0,0.0,0.0,0.0,0
52794000000,5264,52794000000,,0.0,-1.6934684257074224,-6.183612551156575e-05,1.6934684257074224,0.001,0.0,0.0,0.0,0.0,0.0,0
52804000000,5265,52804000000,,0.0,-1.6934681880112912,-6.18361109474442e-05,1.6934681880112912,0.001,0.0,0.0,0.0,0.0,0.0,0
52814000000,5266,52814000000,,0.0,-1.6934679503151715,-6.183609656115804e-05,1.6934679503151715,0.001,0.0,0.0,0.0,0.0,0.0,0
52824000000,5267,52824000000,,0.0,-1.6934677126190634,-6.18360821447442e-05,1.6934677126190634,0.001,0.0,0.0,0.0,0.0,0.0,0
52834000000,5268,52834000000,,0.0,-1.693467474922966,-6.183606766442442e-05,1.693467474922966,0.001,0.0,0.0,0.0,0.0,0.0,0
52844000000,5269,52844000000,,0.0,-1.6934672372268809,-6.183605325505985e-05,1.6934672372268809,0.001,0.0,0.0,0.0,0.0,0.0,0
52854000000,5270,52854000000,,0.0,-1.6934669995308065,-6.183603885572073e-05,1.6934669995308065,0.001,0.0,0.0,0.0,0.0,0.0,0
52864000000,5271,52864000000,,0.0,-1.6934667618347437,-6.183602438988122e-05,1.6934667618347437,0.001,0.0,0.0,0.0,0.0,0.0,0
52874000000,5272,52874000000,,0.0,-1.6934665241386915,-6.183600994357122e-05,1.6934665241386915,0.001,0.0,0.0,0.0,0.0,0.0,0
52884000000,5273,52884000000,,0.0,-1.6934662864426517,-6.183599549899054e-05,1.6934662864426517,0.001,0.0,0.0,0.0,0.0,0.0,0
52894000000,5274,52894000000,,0.0,-1.6934660487466227,-6.183598114410457e-05,1.6934660487466227,0.001,0.0,0.0,0.0,0.0,0.0,0
52904000000,5275,52904000000,,0.0,-1.6934658110506042,-6.183596663014274e-05,1.6934658110506042,0.001,0.0,0.0,0.0,0.0,0.0,0
52914000000,5276,52914000000,,0.0,-1.6934655733545982,-6.183595226416178e-05,1.6934655733545982,0.001,0.0,0.0,0.0,0.0,0.0,0
52924000000,5277,52924000000,,0.0,-1.6934653356586038,-6.183593780691956e-05,1.6934653356586038,0.001,0.0,0.0,0.0,0.0,0.0,0
52934000000,5278,52934000000,,0.0,-1.6934650979626191,-6.183592335919427e-05,1.6934650979626191,0.001,0.0,0.0,0.0,0.0,0.0,0
52944000000,5279,52944000000,,0.0,-1.6934648602666478,-6.183590894537416e-05,1.6934648602666478,0.001,0.0,0.0,0.0,0.0,0.0,0
