%time,field.header.seq,field.header.stamp,field.header.frame_id,field.set_point,field.process_value,field.process_value_dot,field.error,field.time_step,field.command,field.p,field.i,field.d,field.i_clamp,field.antiwindup
47951000000,4779,47944000000,,0.0,-0.00027125233547309335,-0.18083506516898226,0.00027125233547309335,0.001,0.0,0.0,0.0,0.0,0.0,0
47954000000,4780,47954000000,,0.0,-0.007052460031147234,-1.0849773552813908,0.007052460031147234,0.001,0.0,0.0,0.0,0.0,0.0,0
47964000000,4781,47964000000,,0.0,-0.02287417929706237,-1.9889161357691882,0.02287417929706237,0.001,0.0,0.0,0.0,0.0,0.0,0
47974000000,4782,47974000000,,0.0,-0.04773241936785588,-2.8922497726469643,0.04773241936785588,0.001,0.0,0.0,0.0,0.0,0.0,0
47984000000,4783,47984000000,,0.0,-0.08161709290966357,-3.7941721024038397,0.08161709290966357,0.001,0.0,0.0,0.0,0.0,0.0,0
47994000000,4784,47994000000,,0.0,-0.1245069823499918,-4.693293042095797,0.1245069823499918,0.001,0.0,0.0,0.0,0.0,0.0,0
48004000000,4785,48004000000,,0.0,-0.17636294053690627,-5.587465507590198,0.17636294053690627,0.001,0.0,0.0,0.0,0.0,0.0,0
48014000000,4786,48014000000,,0.0,-0.2371194338976057,-6.473627096537815,0.2371194338976057,0.001,0.0,0.0,0.0,0.0,0.0,0
48024000000,4787,48024000000,,0.0,-0.30667463678588014,-7.347668209418538,0.30667463678588014,0.001,0.0,0.0,0.0,0.0,0.0,0
48034000000,4788,48034000000,,0.0,-0.38487942295615696,-8.204341867011971,0.38487942295615696,0.001,0.0,0.0,0.0,0.0,0.0,0
48044000000,4789,48044000000,,0.0,-0.47152576641403776,-9.037233002802054,0.47152576641403776,0.001,0.0,0.0,0.0,0.0,0.0,0
48054000000,4790,48054000000,,0.0,-0.5663352764558329,-9.838812753888446,0.5663352764558329,0.001,0.0,0.0,0.0,0.0,0.0,0
48064000000,4791,48064000000,,0.0,-0.6689488910877852,-10.600607705716742,0.6689488910877852,0.001,0.0,0.0,0.0,0.0,0.0,0
48074000000,4792,48074000000,,0.0,-0.7789189157961438,-11.313485805674908,0.7789189157961438,0.001,0.0,0.0,0.0,0.0,0.0,0
48084000000,4793,48084000000,,0.0,-0.8957045206384162,-11.968051022171675,0.8957045206384162,0.001,0.0,0.0,0.0,0.0,0.0,0
48094000000,4794,48094000000,,0.0,-1.018671773265888,-12.55514615279299,1.018671773265888,0.001,0.0,0.0,0.0,0.0,0.0,0
48104000000,4795,48104000000,,0.0,-1.1470993084993157,-13.06646361123483,1.1470993084993157,0.001,0.0,0.0,0.0,0.0,0.0,0
48114000000,4796,48114000000,,0.0,-1.2801904385368967,-13.495183618965445,1.2801904385368967,0.001,0.0,0.0,0.0,0.0,0.0,0
48124000000,4797,48124000000,,0.0,-1.4170898301944437,-13.836223601169053,1.4170898301944437,0.001,0.0,0.0,0.0,0.0,0.0,0
48134000000,4798,48134000000,,0.0,-1.5569010862280805,-14.086285765246283,1.5569010862280805,0.001,0.0,0.0,0.0,0.0,0.0,0
48144000000,4799,48144000000,,0.0,-1.5705748082613402,0.05312931687777207,1.5705748082613402,0.001,0.0,0.0,0.0,0.0,0.0,0
48154000000,4800,48154000000,,0.0,-1.5698747939760525,0.091590373579891,1.5698747939760525,0.001,0.0,0.0,0.0,0.0,0.0,0
48164000000,4801,48164000000,,0.0,-1.5685197895500362,0.17769874331401955,1.5685197895500362,0.001,0.0,0.0,0.0,0.0,0.0,0
48174000000,4802,48174000000,,0.0,-1.566102365988625,0.2981747752905272,1.566102365988625,0.001,0.0,0.0,0.0,0.0,0.0,0
48184000000,4803,48184000000,,0.0,-1.5623594536370007,0.4385628999718892,1.5623594536370007,0.001,0.0,0.0,0.0,0.0,0.0,0
48194000000,4804,48194000000,,0.0,-1.5571605768741863,0.5868885671846309,1.5571605768741863,0.001,0.0,0.0,0.0,0.0,0.0,0
48204000000,4805,48204000000,,0.0,-1.5504753680949594,0.734787566491073,1.5504753680949594,0.001,0.0,0.0,0.0,0.0,0.0,0
48214000000,4806,48214000000,,0.0,-1.542338346411288,0.8771909393869268,1.542338346411288,0.001,0.0,0.0,0.0,0.0,0.0,0
48224000000,4807,48224000000,,0.0,-1.5328207794588113,1.0114204005348097,1.5328207794588113,0.001,0.0,0.0,0.0,0.0,0.0,0
48234000000,4808,48234000000,,0.0,-1.5220117480481985,1.1363138769426568,1.5220117480481985,0.001,0.0,0.0,0.0,0.0,0.0,0
48244000000,4809,48244000000,,0.0,-1.5100066783603845,1.251592688616258,1.5100066783603845,0.001,0.0,0.0,0.0,0.0,0.0,0
48254000000,4810,48254000000,,0.0,-1.4969008718000323,1.357461869242498,1.4969008718000323,0.001,0.0,0.0,0.0,0.0,0.0,0
48264000000,4811,48264000000,,0.0,-1.4827860707721507,1.4543744038641895,1.4827860707721507,0.001,0.0,0.0,0.0,0.0,0.0,0
48274000000,4812,48274000000,,0.0,-1.4677487842292356,1.5428962063480156,1.4677487842292356,0.001,0.0,0.0,0.0,0.0,0.0,0
48284000000,4813,48284000000,,0.0,-1.4518696169892849,1.6236291438615478,1.4518696169892849,0.001,0.0,0.0,0.0,0.0,0.0,0
48294000000,4814,48294000000,,0.0,-1.4352231743353148,1.6971665779261889,1.4352231743353148,0.001,0.0,0.0,0.0,0.0,0.0,0
48304000000,4815,48304000000,,0.0,-1.417878302973829,1.7640670119747328,1.417878302973829,0.001,0.0,0.0,0.0,0.0,0.0,0
48314000000,4816,48314000000,,0.0,-1.3998985345633015,1.8248379788587328,1.3998985345633015,0.001,0.0,0.0,0.0,0.0,0.0,0
48324000000,4817,48324000000,,0.0,-1.3813426544276846,1.879926034332725,1.3813426544276846,0.001,0.0,0.0,0.0,0.0,0.0,0
48334000000,4818,48334000000,,0.0,-1.3622653467760495,1.9297108393585618,1.3622653467760495,0.001,0.0,0.0,0.0,0.0,0.0,0
48344000000,4819,48344000000,,0.0,-1.3427178808335594,1.9745024973672658,1.3427178808335594,0.001,0.0,0.0,0.0,0.0,0.0,0
48354000000,4820,48354000000,,0.0,-1.322748806750396,2.0145419603975507,1.322748806750396,0.001,0.0,0.0,0.0,0.0,0.0,0
48364000000,4821,48364000000,,0.0,-1.3024046296957046,2.0500047249753424,1.3024046296957046,0.001,0.0,0.0,0.0,0.0,0.0,0
48374000000,4822,48374000000,,0.0,-1.2817304259599478,2.0810085053523752,1.2817304259599478,0.001,0.0,0.0,0.0,0.0,0.0,0
48384000000,4823,48384000000,,0.0,-1.260770353453788,2.107626514645818,1.260770353453788,0.001,0.0,0.0,0.0,0.0,0.0,0
48394000000,4824,48394000000,,0.0,-1.239567982292507,2.129910133352014,1.239567982292507,0.001,0.0,0.0,0.0,0.0,0.0,0
48404000000,4825,48404000000,,0.0,-1.2181663107064136,2.1479293482946913,1.2181663107064136,0.001,0.0,0.0,0.0,0.0,0.0,0
48414000000,4826,48414000000,,0.0,-1.1966072047438034,2.161847777795491,1.1966072047438034,0.001,0.0,0.0,0.0,0.0,0.0,0
48424000000,4827,48424000000,,0.0,-1.1749297710115405,2.1720602027358904,1.1749297710115405,0.001,0.0,0.0,0.0,0.0,0.0,0
48434000000,4828,48434000000,,0.0,-1.1531668569981157,2.179424624033606,1.1531668569981157,0.001,0.0,0.0,0.0,0.0,0.0,0
48444000000,4829,48444000000,,0.0,-1.131338649840898,2.185597175750206,1.131338649840898,0.001,0.0,0.0,0.0,0.0,0.0,0
48454000000,4830,48454000000,,0.0,-1.109442654782649,2.1933944018432334,1.109442654782649,0.001,0.0,0.0,0.0,0.0,0.0,0
48464000000,4831,48464000000,,0.0,-1.0874409471501245,2.206943662692595,1.0874409471501245,0.001,0.0,0.0,0.0,0.0,0.0,0
48474000000,4832,48474000000,,0.0,-1.0652486689397431,2.2312913588500907,1.0652486689397431,0.001,0.0,0.0,0.0,0.0,0.0,0
48484000000,4833,48484000000,,0.0,-1.0427300011390148,2.271390056873422,1.0427300011390148,0.001,0.0,0.0,0.0,0.0,0.0,0
48494000000,4834,48494000000,,0.0,-1.0197057961817624,2.3309078418043727,1.0197057961817624,0.001,0.0,0.0,0.0,0.0,0.0,0
48504000000,4835,48504000000,,0.0,-0.995970890827353,2.411526450813232,0.995970890827353,0.001,0.0,0.0,0.0,0.0,0.0,0
48514000000,4836,48514000000,,0.0,-0.9713142559905599,2.512992245644161,0.9713142559905599,0.001,0.0,0.0,0.0,0.0,0.0,0
48524000000,4837,48524000000,,0.0,-0.9455356453266459,2.6336464911841144,0.9455356453266459,0.001,0.0,0.0,0.0,0.0,0.0,0
48534000000,4838,48534000000,,0.0,-0.9184562801860476,2.771024247944917,0.9184562801860476,0.001,0.0,0.0,0.0,0.0,0.0,0
48544000000,4839,48544000000,,0.0,-0.889924303413788,2.922299636666627,0.889924303413788,0.001,0.0,0.0,0.0,0.0,0.0,0
48554000000,4840,48554000000,,0.0,-0.8598168220984821,3.0845450376920533,0.8598168220984821,0.001,0.0,0.0,0.0,0.0,0.0,0
48564000000,4841,48564000000,,0.0,-0.8280402065191419,3.2548432676115326,0.8280402065191419,0.001,0.0,0.0,0.0,0.0,0.0,0
48574000000,4842,48574000000,,0.0,-0.7945298610894405,3.430297905784235,0.7945298610894405,0.001,0.0,0.0,0.0,0.0,0.0,0
48584000000,4843,48584000000,,0.0,-0.7592502842927171,3.607976829637774,0.7592502842927171,0.001,0.0,0.0,0.0,0.0,0.0,0
48594000000,4844,48594000000,,0.0,-0.72219593126247,3.7848158838315973,0.72219593126247,0.001,0.0,0.0,0.0,0.0,0.0,0
48604000000,4845,48604000000,,0.0,-0.6833931538625322,3.9575058652936357,0.6833931538625322,0.001,0.0,0.0,0.0,0.0,0.0,0
48614000000,4846,48614000000,,0.0,-0.6429032391621936,4.122388610285008,0.6429032391621936,0.001,0.0,0.0,0.0,0.0,0.0,0
48624000000,4847,48624000000,,0.0,-0.6008263217324759,4.275387338905835,0.6008263217324759,0.001,0.0,0.0,0.0,0.0,0.0,0
48634000000,4848,48634000000,,0.0,-0.5573056827710934,4.4119967469853725,0.5573056827710934,0.001,0.0,0.0,0.0,0.0,0.0,0
48644000000,4849,48644000000,,0.0,-0.5125317236538223,4.52735270780483,0.5125317236538223,0.001,0.0,0.0,0.0,0.0,0.0,0
48654000000,4850,48654000000,,0.0,-0.46674475133154125,4.616391880944221,0.46674475133154125,0.001,0.0,0.0,0.0,0.0,0.0,0
48664000000,4851,48664000000,,0.0,-0.42023568286277957,4.674097779417493,0.42023568286277957,0.001,0.0,0.0,0.0,0.0,0.0,0
48674000000,4852,48674000000,,0.0,-0.3733438979179011,4.695813877609592,0.3733438979179011,0.001,0.0,0.0,0.0,0.0,0.0,0
48684000000,4853,48684000000,,0.0,-0.3264517480513156,4.677589127296046,0.3264517480513156,0.001,0.0,0.0,0.0,0.0,0.0,0
48694000000,4854,48694000000,,0.0,-0.27997564206150205,4.616510540593952,0.27997564206150205,0.001,0.0,0.0,0.0,0.0,0.0,0
48704000000,4855,48704000000,,0.0,-0.23435410273727797,4.51097479061516,0.23435410273727797,0.001,0.0,0.0,0.0,0.0,0.0,0
48714000000,4856,48714000000,,0.0,-0.1900336402828069,4.360857779130688,0.1900336402828069,0.001,0.0,0.0,0.0,0.0,0.0,0
48724000000,4857,48724000000,,0.0,-0.1474536180727215,4.167556786403943,0.1474536180727215,0.001,0.0,0.0,0.0,0.0,0.0,0
48734000000,4858,48734000000,,0.0,-0.10703142781244512,3.933900701462109,0.10703142781244512,0.001,0.0,0.0,0.0,0.0,0.0,0
48744000000,4859,48744000000,,0.0,-0.06914921744715574,3.6639450919651013,0.06914921744715574,0.001,0.0,0.0,0.0,0.0,0.0,0
48754000000,4860,48754000000,,0.0,-0.034143150189938964,3.3626855795881783,0.034143150189938964,0.001,0.0,0.0,0.0,0.0,0.0,0
48764000000,4861,48764000000,,0.0,-0.002295784992437433,3.035731649609793,0.002295784992437433,0.001,0.0,0.0,0.0,0.0,0.0,0
48774000000,4862,48774000000,,0.0,0.02616827241687414,2.6889826333394917,-0.02616827241687414,0.001,0.0,0.0,0.0,0.0,0.0,0
48784000000,4863,48784000000,,0.0,0.05108362274908895,2.328339632670742,-0.05108362274908895,0.001,0.0,0.0,0.0,0.0,0.0,0
48794000000,4864,48794000000,,0.0,0.07234279070327432,1.959474724567616,-0.07234279070327432,0.001,0.0,0.0,0.0,0.0,0.0,0
48804000000,4865,48804000000,,0.0,0.0898929591763169,1.5876654475369314,-0.0898929591763169,0.001,0.0,0.0,0.0,0.0,0.0,0
48814000000,4866,48814000000,,0.0,0.10373140951055504,1.2176912517899197,-0.10373140951055504,0.001,0.0,0.0,0.0,0.0,0.0,0
48824000000,4867,48824000000,,0.0,0.11390021534756123,0.8537809616178489,-0.11390021534756123,0.001,0.0,0.0,0.0,0.0,0.0,0
48834000000,4868,48834000000,,0.0,0.1204806242285903,0.49959671866625843,-0.1204806242285903,0.001,0.0,0.0,0.0,0.0,0.0,0
48844000000,4869,48844000000,,0.0,0.12358741007640983,0.15823975267525756,-0.12358741007640983,0.001,0.0,0.0,0.0,0.0,0.0,0
48854000000,4870,48854000000,,0.0,0.123363344172013,-0.1677344035290108,-0.123363344172013,0.001,0.0,0.0,0.0,0.0,0.0,0
48864000000,4871,48864000000,,0.0,0.11997382730208983,-0.47630008642158356,-0.11997382730208983,0.001,0.0,0.0,0.0,0.0,0.0,0
48874000000,4872,48874000000,,0.0,0.11360165902668484,-0.7659499656707305,-0.11360165902668484,0.001,0.0,0.0,0.0,0.0,0.0,0
48884000000,4873,48884000000,,0.0,0.10444189161893824,-1.0356890200986528,-0.10444189161893824,0.001,0.0,0.0,0.0,0.0,0.0,0
48894000000,4874,48894000000,,0.0,0.09269672153324393,-1.2850321712381119,-0.09269672153324393,0.001,0.0,0.0,0.0,0.0,0.0,0
48904000000,4875,48904000000,,0.0,0.07857040306304341,-1.51400143447035,-0.07857040306304341,0.001,0.0,0.0,0.0,0.0,0.0,0
48914000000,4876,48914000000,,0.0,0.062264218834998886,-1.72311701529351,-0.062264218834998886,0.001,0.0,0.0,0.0,0.0,0.0,0
48924000000,4877,48924000000,,0.0,0.0439716014225624,-1.913376190585863,-0.0439716014225624,0.001,0.0,0.0,0.0,0.0,0.0,0
48934000000,4878,48934000000,,0.0,0.023873561436827728,-2.0862140264475304,-0.023873561436827728,0.001,0.0,0.0,0.0,0.0,0.0,0
48944000000,4879,48944000000,,0.0,0.002134632234850997,-2.2434409613610153,-0.002134632234850997,0.001,0.0,0.0,0.0,0.0,0.0,0
48954000000,4880,48954000000,,0.0,-0.021100418400681775,-2.387154078860488,0.021100418400681775,0.001,0.0,0.0,0.0,0.0,0.0,0
48964000000,4881,48964000000,,0.0,-0.02669796868185159,0.011575441991063357,0.02669796868185159,0.001,0.0,0.0,0.0,0.0,0.0,0
48974000000,4882,48974000000,,0.0,-0.026628822439071165,0.003252687559922224,0.026628822439071165,0.001,0.0,0.0,0.0,0.0,0.0,0
48984000000,4883,48984000000,,0.0,-0.02665143614819332,-0.007545764961491769,0.02665143614819332,0.001,0.0,0.0,0.0,0.0,0.0,0
48994000000,4884,48994000000,,0.0,-0.02709665358571467,-0.13690162693497654,0.02709665358571467,0.001,0.0,0.0,0.0,0.0,0.0,0
49004000000,4885,49004000000,,0.0,-0.03007810352556195,-0.4281526663997646,0.03007810352556195,0.001,0.0,0.0,0.0,0.0,0.0,0
49014000000,4886,49014000000,,0.0,-0.035907761667565374,-0.7079846470561458,0.035907761667565374,0.001,0.0,0.0,0.0,0.0,0.0,0
49024000000,4887,49024000000,,0.0,-0.04447424974371561,-0.9765535726326525,0.04447424974371561,0.001,0.0,0.0,0.0,0.0,0.0,0
49034000000,4888,49034000000,,0.0,-0.055662488385419984,-1.2334680586760085,0.055662488385419984,0.001,0.0,0.0,0.0,0.0,0.0,0
49044000000,4889,49044000000,,0.0,-0.06935541555699754,-1.478668774225051,0.06935541555699754,0.001,0.0,0.0,0.0,0.0,0.0,0
49054000000,4890,49054000000,,0.0,-0.08543609262857554,-1.7121858710425235,0.08543609262857554,0.001,0.0,0.0,0.0,0.0,0.0,0
49064000000,4891,49064000000,,0.0,-0.10378730677577774,-1.933920594421567,0.10378730677577774,0.001,0.0,0.0,0.0,0.0,0.0,0
49074000000,4892,49074000000,,0.0,-0.1242895832003752,-2.143531829825647,0.1242895832003752,0.001,0.0,0.0,0.0,0.0,0.0,0
49084000000,4893,49084000000,,0.0,-0.14681848363509342,-2.340393421900311,0.14681848363509342,0.001,0.0,0.0,0.0,0.0,0.0,0
49094000000,4894,49094000000,,0.0,-0.1712417150937826,-2.5235911227857106,0.1712417150937826,0.001,0.0,0.0,0.0,0.0,0.0,0
49104000000,4895,49104000000,,0.0,-0.1974163482486384,-2.691943791541126,0.1974163482486384,0.001,0.0,0.0,0.0,0.0,0.0,0
49114000000,4896,49114000000,,0.0,-0.22518636390699687,-2.8440459670263376,0.22518636390699687,0.001,0.0,0.0,0.0,0.0,0.0,0
49124000000,4897,49124000000,,0.0,-0.25438076249418895,-2.978336433188195,0.25438076249418895,0.001,0.0,0.0,0.0,0.0,0.0,0
49134000000,4898,49134000000,,0.0,-0.2846710453736785,-2.950927217503537,0.2846710453736785,0.001,0.0,0.0,0.0,0.0,0.0,0
49144000000,4899,49144000000,,0.0,-0.3132313553978383,-2.879782861487198,0.3132313553978383,0.001,0.0,0.0,0.0,0.0,0.0,0
49154000000,4900,49154000000,,0.0,-0.34255384594133975,-2.971972399820092,0.34255384594133975,0.001,0.0,0.0,0.0,0.0,0.0,0
49164000000,4901,49164000000,,0.0,-0.3726884323924997,-3.044905397827102,0.3726884323924997,0.001,0.0,0.0,0.0,0.0,0.0,0
49174000000,4902,49174000000,,0.0,-0.4034681534425433,-3.1029058168304866,0.4034681534425433,0.001,0.0,0.0,0.0,0.0,0.0,0
49184000000,4903,49184000000,,0.0,-0.43475178415735893,-3.1470851381340283,0.43475178415735893,0.001,0.0,0.0,0.0,0.0,0.0,0
49194000000,4904,49194000000,,0.0,-0.46639979112078134,-3.1770951449306746,0.46639979112078134,0.001,0.0,0.0,0.0,0.0,0.0,0
49204000000,4905,49204000000,,0.0,-0.4982665839352629,-3.1922109326889054,0.4982665839352629,0.001,0.0,0.0,0.0,0.0,0.0,0
49214000000,4906,49214000000,,0.0,-0.53019927612005,-3.1917365613556683,0.53019927612005,0.001,0.0,0.0,0.0,0.0,0.0,0
49224000000,4907,49224000000,,0.0,-0.5620390818104726,-3.175188555139186,0.5620390818104726,0.001,0.0,0.0,0.0,0.0,0.0,0
49234000000,4908,49234000000,,0.0,-0.5936240656240459,-3.142402740821058,0.5936240656240459,0.001,0.0,0.0,0.0,0.0,0.0,0
49244000000,4909,49244000000,,0.0,-0.624792756808108,-3.093606931627954,0.624792756808108,0.001,0.0,0.0,0.0,0.0,0.0,0
49254000000,4910,49254000000,,0.0,-0.6553883583909288,-3.029470365178053,0.6553883583909288,0.001,0.0,0.0,0.0,0.0,0.0,0
49264000000,4911,49264000000,,0.0,-0.6852633413378113,-2.951133936887357,0.6852633413378113,0.001,0.0,0.0,0.0,0.0,0.0,0
49274000000,4912,49274000000,,0.0,-0.7142842699064813,-2.860229482888346,0.7142842699064813,0.001,0.0,0.0,0.0,0.0,0.0,0
49284000000,4913,49284000000,,0.0,-0.7423368559242212,-2.7589108487567557,0.7423368559242212,0.001,0.0,0.0,0.0,0.0,0.0,0
49294000000,4914,49294000000,,0.0,-0.7693294644325244,-2.6492975012650533,0.7693294644325244,0.001,0.0,0.0,0.0,0.0,0.0,0
49304000000,4915,49304000000,,0.0,-0.7951916973844559,-2.5341284894762564,0.7951916973844559,0.001,0.0,0.0,0.0,0.0,0.0,0
49314000000,4916,49314000000,,0.0,-0.8198935725078558,-2.4181232451996015,0.8198935725078558,0.001,0.0,0.0,0.0,0.0,0.0,0
49324000000,4917,49324000000,,0.0,-0.8434546884534635,-2.3064305552108264,0.8434546884534635,0.001,0.0,0.0,0.0,0.0,0.0,0
49334000000,4918,49334000000,,0.0,-0.8659485221074226,-2.204632363610413,0.8659485221074226,0.001,0.0,0.0,0.0,0.0,0.0,0
49344000000,4919,49344000000,,0.0,-0.8875064469269445,-2.1186600915219924,0.8875064469269445,0.001,0.0,0.0,0.0,0.0,0.0,0
49354000000,4920,49354000000,,0.0,-0.9083193733966732,-2.05438136365122,0.9083193733966732,0.001,0.0,0.0,0.0,0.0,0.0,0
49364000000,4921,49364000000,,0.0,-0.928631605948314,-2.016457498990547,0.928631605948314,0.001,0.0,0.0,0.0,0.0,0.0,0
49374000000,4922,49374000000,,0.0,-0.9487178247420998,-2.0062200409175617,0.9487178247420998,0.001,0.0,0.0,0.0,0.0,0.0,0
49384000000,4923,49384000000,,0.0,-0.9688365034598361,-2.019373699598084,0.9688365034598361,0.001,0.0,0.0,0.0,0.0,0.0,0
49394000000,4924,49394000000,,0.0,-0.9891699817414663,-2.0458430523913913,0.9891699817414663,0.001,0.0,0.0,0.0,0.0,0.0,0
49404000000,4925,49404000000,,0.0,-1.0097828969079847,-2.0731840787173765,1.0097828969079847,0.001,0.0,0.0,0.0,0.0,0.0,0
49414000000,4926,49414000000,,0.0,-1.030624215505532,-2.091103300621776,1.030624215505532,0.001,0.0,0.0,0.0,0.0,0.0,0
49424000000,4927,49424000000,,0.0,-1.0515626981248802,-2.093495791421221,1.0515626981248802,0.001,0.0,0.0,0.0,0.0,0.0,0
49434000000,4928,49434000000,,0.0,-1.0724264571290805,-2.0777474096537816,1.0724264571290805,0.001,0.0,0.0,0.0,0.0,0.0,0
49444000000,4929,49444000000,,0.0,-1.0930294933074185,-2.043218952382804,1.0930294933074185,0.001,0.0,0.0,0.0,0.0,0.0,0
49454000000,4930,49454000000,,0.0,-1.113184809532899,-1.9901306258060025,1.113184809532899,0.001,0.0,0.0,0.0,0.0,0.0,0
49464000000,4931,49464000000,,0.0,-1.1327095466732873,-1.919003426557564,1.1327095466732873,0.001,0.0,0.0,0.0,0.0,0.0,0
49474000000,4932,49474000000,,0.0,-1.151426643626201,-1.8304498574812686,1.151426643626201,0.001,0.0,0.0,0.0,0.0,0.0,0
49484000000,4933,49484000000,,0.0,-1.1691654054388865,-1.7251250692160773,1.1691654054388865,0.001,0.0,0.0,0.0,0.0,0.0,0
49494000000,4934,49494000000,,0.0,-1.185761953800978,-1.603735359334264,1.185761953800978,0.001,0.0,0.0,0.0,0.0,0.0,0
49504000000,4935,49504000000,,0.0,-1.2010598539602677,-1.4670593787372186,1.2010598539602677,0.001,0.0,0.0,0.0,0.0,0.0,0
49514000000,4936,49514000000,,0.0,-1.214910942266358,-1.315966059374212,1.214910942266358,0.001,0.0,0.0,0.0,0.0,0.0,0
49524000000,4937,49524000000,,0.0,-1.2271762935864095,-1.1514252224775805,1.2271762935864095,0.001,0.0,0.0,0.0,0.0,0.0,0
49534000000,4938,49534000000,,0.0,-1.237727255067214,-0.9745111416956945,1.237727255067214,0.001,0.0,0.0,0.0,0.0,0.0,0
49544000000,4939,49544000000,,0.0,-1.246446483538457,-0.7864005291011231,1.246446483538457,0.001,0.0,0.0,0.0,0.0,0.0,0
49554000000,4940,49554000000,,0.0,-1.2532289392434128,-0.5883664475432118,1.2532289392434128,0.001,0.0,0.0,0.0,0.0,0.0,0
49564000000,4941,49564000000,,0.0,-1.2579828019732533,-0.38176933194901674,1.2579828019732533,0.001,0.0,0.0,0.0,0.0,0.0,0
49574000000,4942,49574000000,,0.0,-1.2606302854805582,-0.1680459394611079,1.2606302854805582,0.001,0.0,0.0,0.0,0.0,0.0,0
49584000000,4943,49584000000,,0.0,-1.2611083325803012,0.05130323939286807,1.2611083325803012,0.001,0.0,0.0,0.0,0.0,0.0,0
49594000000,4944,49594000000,,0.0,-1.2593691775942908,0.2747277548469661,1.2593691775942908,0.001,0.0,0.0,0.0,0.0,0.0,0
49604000000,4945,49604000000,,0.0,-1.255380765846338,0.5006418777699214,1.255380765846338,0.001,0.0,0.0,0.0,0.0,0.0,0
49614000000,4946,49614000000,,0.0,-1.2491270226915248,0.7274398996230212,1.2491270226915248,0.001,0.0,0.0,0.0,0.0,0.0,0
49624000000,4947,49624000000,,0.0,-1.2406079676882982,0.9535117134829054,1.2406079676882982,0.001,0.0,0.0,0.0,0.0,0.0,0
49634000000,4948,49634000000,,0.0,-1.2298396732854684,1.1772582694540528,1.2298396732854684,0.001,0.0,0.0,0.0,0.0,0.0,0
49644000000,4949,49644000000,,0.0,-1.2168540717814311,1.3971064436762561,1.2168540717814311,0.001,0.0,0.0,0.0,0.0,0.0,0
49654000000,4950,49654000000,,0.0,-1.2016986190706778,1.6115228388809033,1.2016986190706778,0.001,0.0,0.0,0.0,0.0,0.0,0
49664000000,4951,49664000000,,0.0,-1.1844358284316652,1.8190260560552325,1.1844358284316652,0.001,0.0,0.0,0.0,0.0,0.0,0
49674000000,4952,49674000000,,0.0,-1.1651426918866319,2.018197042925789,1.1651426918866319,0.001,0.0,0.0,0.0,0.0,0.0,0
49684000000,4953,49684000000,,0.0,-1.1439100100501038,2.2076872319176775,1.1439100100501038,0.001,0.0,0.0,0.0,0.0,0.0,0
49694000000,4954,49694000000,,0.0,-1.1208416535005892,2.386224322636422,1.1208416535005892,0.001,0.0,0.0,0.0,0.0,0.0,0
49704000000,4955,49704000000,,0.0,-1.0960537792249525,2.552615738636368,1.0960537792249525,0.001,0.0,0.0,0.0,0.0,0.0,0
49714000000,4956,49714000000,,0.0,-1.0696740242721265,2.7057499962037057,1.0696740242721265,0.001,0.0,0.0,0.0,0.0,0.0,0
49724000000,4957,49724000000,,0.0,-1.0418406950631,2.8445964670658466,1.0418406950631,0.001,0.0,0.0,0.0,0.0,0.0,0
49734000000,4958,49734000000,,0.0,-1.012701964473976,2.968204296413691,1.012701964473976,0.001,0.0,0.0,0.0,0.0,0.0,0
49744000000,4959,49744000000,,0.0,-0.9824150795423439,3.0757015397147325,0.9824150795423439,0.001,0.0,0.0,0.0,0.0,0.0,0
49754000000,4960,49754000000,,0.0,-0.9511455703737104,3.166295874891557,0.9511455703737104,0.001,0.0,0.0,0.0,0.0,0.0,0
49764000000,4961,49764000000,,0.0,-0.9190664359216125,3.2392784742196246,0.9190664359216125,0.001,0.0,0.0,0.0,0.0,0.0,0
49774000000,4962,49774000000,,0.0,-0.8863572658794352,3.2940326975125322,0.8863572658794352,0.001,0.0,0.0,0.0,0.0,0.0,0
49784000000,4963,49784000000,,0.0,-0.8532032420631408,3.3300490813881742,0.8532032420631408,0.001,0.0,0.0,0.0,0.0,0.0,0
49794000000,4964,49794000000,,0.0,-0.8197939507252103,3.346947520485497,0.8197939507252103,0.001,0.0,0.0,0.0,0.0,0.0,0
49804000000,4965,49804000000,,0.0,-0.7863219337737526,3.344506457497938,0.7863219337737526,0.001,0.0,0.0,0.0,0.0,0.0,0
49814000000,4966,49814000000,,0.0,-0.7529809171599942,3.3226972910080224,0.7529809171599942,0.001,0.0,0.0,0.0,0.0,0.0,0
49824000000,4967,49824000000,,0.0,-0.719963683319123,3.281720176320552,0.719963683319123,0.001,0.0,0.0,0.0,0.0,0.0,0
49834000000,4968,49834000000,,0.0,-0.687459605233804,3.2220352726236614,0.687459605233804,0.001,0.0,0.0,0.0,0.0,0.0,0
49844000000,4969,49844000000,,0.0,-0.6556519284028139,3.144381688720092,0.6556519284028139,0.001,0.0,0.0,0.0,0.0,0.0,0
49854000000,4970,49854000000,,0.0,-0.6247149716961511,3.0497754472316,0.6247149716961511,0.001,0.0,0.0,0.0,0.0,0.0,0
49864000000,4971,49864000000,,0.0,-0.5948115035430837,2.939478083228412,0.5948115035430837,0.001,0.0,0.0,0.0,0.0,0.0,0
49874000000,4972,49874000000,,0.0,-0.5660906270890615,2.814928892879455,0.5660906270890615,0.001,0.0,0.0,0.0,0.0,0.0,0
49884000000,4973,49884000000,,0.0,-0.5386865671251737,2.677635780423526,0.5386865671251737,0.001,0.0,0.0,0.0,0.0,0.0,0
49894000000,4974,49894000000,,0.0,-0.5127187940152043,2.529020929566697,0.5127187940152043,0.001,0.0,0.0,0.0,0.0,0.0,0
49904000000,4975,49904000000,,0.0,-0.48829395833918543,2.370217106852846,0.48829395833918543,0.001,0.0,0.0,0.0,0.0,0.0,0
49914000000,4976,49914000000,,0.0,-0.4862744554957885,-0.2702959894610488,0.4862744554957885,0.001,0.0,0.0,0.0,0.0,0.0,0
49924000000,4977,49924000000,,0.0,-0.4893291847523127,-0.32564849738230617,0.4893291847523127,0.001,0.0,0.0,0.0,0.0,0.0,0
49934000000,4978,49934000000,,0.0,-0.49282673401040533,-0.3691581128917148,0.49282673401040533,0.001,0.0,0.0,0.0,0.0,0.0,0
49944000000,4979,49944000000,,0.0,-0.4967476535969304,-0.41052310325536917,0.4967476535969304,0.001,0.0,0.0,0.0,0.0,0.0,0
49954000000,4980,49954000000,,0.0,-0.5010694597675158,-0.44952304456615005,0.5010694597675158,0.001,0.0,0.0,0.0,0.0,0.0,0
49964000000,4981,49964000000,,0.0,-0.5057668541355689,-0.48585899282307776,0.5057668541355689,0.001,0.0,0.0,0.0,0.0,0.0,0
49974000000,4982,49974000000,,0.0,-0.5108116746144553,-0.5192613851153468,0.5108116746144553,0.001,0.0,0.0,0.0,0.0,0.0,0
49984000000,4983,49984000000,,0.0,-0.5156722388491293,-0.46880716913110476,0.5156722388491293,0.001,0.0,0.0,0.0,0.0,0.0,0
49994000000,4984,49994000000,,0.0,-0.5204013374525331,-0.47637599835863376,0.5204013374525331,0.001,0.0,0.0,0.0,0.0,0.0,0
50004000000,4985,50004000000,,0.0,-0.5251743362694867,-0.4739011262917643,0.5251743362694867,0.001,0.0,0.0,0.0,0.0,0.0,0
50014000000,4986,50014000000,,0.0,-0.529819083946915,-0.4561105917611269,0.529819083946915,0.001,0.0,0.0,0.0,0.0,0.0,0
50024000000,4987,50024000000,,0.0,-0.5342748582345269,-0.43683466848600544,0.5342748582345269,0.001,0.0,0.0,0.0,0.0,0.0,0
50034000000,4988,50034000000,,0.0,-0.5385355016513795,-0.4170906230992205,0.5385355016513795,0.001,0.0,0.0,0.0,0.0,0.0,0
50044000000,4989,50044000000,,0.0,-0.5425948359932669,-0.3966151905746707,0.5425948359932669,0.001,0.0,0.0,0.0,0.0,0.0,0
50054000000,4990,50054000000,,0.0,-0.5464448667456363,-0.37530928553035164,0.5464448667456363,0.001,0.0,0.0,0.0,0.0,0.0,0
50064000000,4991,50064000000,,0.0,-0.5500772838426098,-0.35318023635550577,0.5500772838426098,0.001,0.0,0.0,0.0,0.0,0.0,0
50074000000,4992,50074000000,,0.0,-0.5534840583213683,-0.33026694213480595,0.5534840583213683,0.001,0.0,0.0,0.0,0.0,0.0,0
50084000000,4993,50084000000,,0.0,-0.556657603323572,-0.3066164641773562,0.556657603323572,0.001,0.0,0.0,0.0,0.0,0.0,0
50094000000,4994,50094000000,,0.0,-0.559590820772101,-0.2822788922094467,0.559590820772101,0.001,0.0,0.0,0.0,0.0,0.0,0
50104000000,4995,50104000000,,0.0,-0.5622771254372907,-0.25730644353402793,0.5622771254372907,0.001,0.0,0.0,0.0,0.0,0.0,0
50114000000,4996,50114000000,,0.0,-0.5647104650281705,-0.2317532760677319,0.5647104650281705,0.001,0.0,0.0,0.0,0.0,0.0,0
50124000000,4997,50124000000,,0.0,-0.5668853389340285,-0.20567536660246372,0.5668853389340285,0.001,0.0,0.0,0.0,0.0,0.0,0
50134000000,4998,50134000000,,0.0,-0.5687968156740091,-0.1791303735724004,0.5687968156740091,0.001,0.0,0.0,0.0,0.0,0.0,0
50144000000,4999,50144000000,,0.0,-0.5704405488782385,-0.15217748282253302,0.5704405488782385,0.001,0.0,0.0,0.0,0.0,0.0,0
50154000000,5000,50154000000,,0.0,-0.5718127916464439,-0.1248772390026922,0.5718127916464439,0.001,0.0,0.0,0.0,0.0,0.0,0
50164000000,5001,50164000000,,0.0,-0.5729104023658831,-0.09728949858683801,0.5729104023658831,0.001,0.0,0.0,0.0,0.0,0.0,0
50174000000,5002,50174000000,,0.0,-0.5737308523686888,-0.06947931195873043,0.5737308523686888,0.001,0.0,0.0,0.0,0.0,0.0,0
50184000000,5003,50184000000,,0.0,-0.5742722791239743,-0.04151080736083853,0.5742722791239743,0.001,0.0,0.0,0.0,0.0,0.0,0
50194000000,5004,50194000000,,0.0,-0.574533363716311,-0.013421681869428643,0.574533363716311,0.001,0.0,0.0,0.0,0.0,0.0,0
50204000000,5005,50204000000,,0.0,-0.5745625684135565,-0.0001863554770688362,0.5745625684135565,0.001,0.0,0.0,0.0,0.0,0.0,0
50214000000,5006,50214000000,,0.0,-0.5745613468249324,0.00012790500579168608,0.5745613468249324,0.001,0.0,0.0,0.0,0.0,0.0,0
50224000000,5007,50224000000,,0.0,-0.5745602934247751,1.5152801173812819e-05,0.5745602934247751,0.001,0.0,0.0,0.0,0.0,0.0,0
50234000000,5008,50234000000,,0.0,-0.5745601065361523,-4.084999477143134e-05,0.5745601065361523,0.001,0.0,0.0,0.0,0.0,0.0,0
50244000000,5009,50244000000,,0.0,-0.5745602045779972,-5.337269375277941e-05,0.5745602045779972,0.001,0.0,0.0,0.0,0.0,0.0,0
50254000000,5010,50254000000,,0.0,-0.5745603486694097,-5.429703030025129e-05,0.5745603486694097,0.001,0.0,0.0,0.0,0.0,0.0,0
50264000000,5011,50264000000,,0.0,-0.5745604912276754,-5.3839344504173545e-05,0.5745604912276754,0.001,0.0,0.0,0.0,0.0,0.0,0
50274000000,5012,50274000000,,0.0,-0.5745606303426953,-5.3617636140079e-05,0.5745606303426953,0.001,0.0,0.0,0.0,0.0,0.0,0
50284000000,5013,50284000000,,0.0,-0.5745607683223675,-5.356702563785264e-05,0.5745607683223675,0.001,0.0,0.0,0.0,0.0,0.0,0
50294000000,5014,50294000000,,0.0,-0.5745609061116728,-5.356279808937073e-05,0.5745609061116728,0.001,0.0,0.0,0.0,0.0,0.0,0
50304000000,5015,50304000000,,0.0,-0.5745610439039037,-5.3564440561114145e-05,0.5745610439039037,0.001,0.0,0.0,0.0,0.0,0.0,0
50314000000,5016,50314000000,,0.0,-0.5745611817090186,-5.356528034314331e-05,0.5745611817090186,0.001,0.0,0.0,0.0,0.0,0.0,0
50324000000,5017,50324000000,,0.0,-0.5745613195184944,-5.356546676624534e-05,0.5745613195184944,0.001,0.0,0.0,0.0,0.0,0.0,0
50334000000,5018,50334000000,,0.0,-0.5745614573286684,-5.3565470052914465e-05,0.5745614573286684,0.001,0.0,0.0,0.0,0.0,0.0,0
50344000000,5019,50344000000,,0.0,-0.5745615951387606,-5.356544887959139e-05,0.5745615951387606,0.001,0.0,0.0,0.0,0.0,0.0,0
50354000000,5020,50354000000,,0.0,-0.5745617329487285,-5.356543037337582e-05,0.5745617329487285,0.001,0.0,0.0,0.0,0.0,0.0,0
50364000000,5021,50364000000,,0.0,-0.5745618707586004,-5.3565414385257194e-05,0.5745618707586004,0.001,0.0,0.0,0.0,0.0,0.0,0
50374000000,5022,50374000000,,0.0,-0.5745620085683907,-5.356539909205928e-05,0.5745620085683907,0.001,0.0,0.0,0.0,0.0,0.0,0
50384000000,5023,50384000000,,0.0,-0.5745621463781045,-5.356538391314851e-05,0.5745621463781045,0.001,0.0,0.0,0.0,0.0,0.0,0
50394000000,5024,50394000000,,0.0,-0.5745622841877385,-5.3565368680619535e-05,0.5745622841877385,0.001,0.0,0.0,0.0,0.0,0.0,0
50404000000,5025,50404000000,,0.0,-0.5745624219972942,-5.356535349023059e-05,0.5745624219972942,0.001,0.0,0.0,0.0,0.0,0.0,0
50414000000,5026,50414000000,,0.0,-0.5745625598067736,-5.356533821447219e-05,0.5745625598067736,0.001,0.0,0.0,0.0,0.0,0.0,0
50424000000,5027,50424000000,,0.0,-0.5745626976161748,-5.356532302959013e-05,0.5745626976161748,0.001,0.0,0.0,0.0,0.0,0.0,0
50434000000,5028,50434000000,,0.0,-0.5745628354254979,-5.356530780777417e-05,0.5745628354254979,0.001,0.0,0.0,0.0,0.0,0.0,0
50444000000,5029,50444000000,,0.0,-0.574562973234741,-5.356529264380784e-05,0.574562973234741,0.001,0.0,0.0,0.0,0.0,0.0,0
50454000000,5030,50454000000,,0.0,-0.5745631110439078,-5.3565277395922746e-05,0.5745631110439078,0.001,0.0,0.0,0.0,0.0,0.0,0
50464000000,5031,50464000000,,0.0,-0.5745632488529964,-5.356526222860473e-05,0.5745632488529964,0.001,0.0,0.0,0.0,0.0,0.0,0
50474000000,5032,50474000000,,0.0,-0.5745633866620086,-5.356524699938081e-05,0.5745633866620086,0.001,0.0,0.0,0.0,0.0,0.0,0
50484000000,5033,50484000000,,0.0,-0.5745635244709391,-5.356523175958348e-05,0.5745635244709391,0.001,0.0,0.0,0.0,0.0,0.0,0
50494000000,5034,50494000000,,0.0,-0.5745636622797949,-5.356521656906745e-05,0.5745636622797949,0.001,0.0,0.0,0.0,0.0,0.0,0
50504000000,5035,50504000000,,0.0,-0.5745638000885709,-5.356520135254066e-05,0.5745638000885709,0.001,0.0,0.0,0.0,0.0,0.0,0
50514000000,5036,50514000000,,0.0,-0.5745639378972704,-5.3565186151474124e-05,0.5745639378972704,0.001,0.0,0.0,0.0,0.0,0.0,0
50524000000,5037,50524000000,,0.0,-0.5745640757058919,-5.3565170893326304e-05,0.5745640757058919,0.001,0.0,0.0,0.0,0.0,0.0,0
50534000000,5038,50534000000,,0.0,-0.5745642135144333,-5.356515573054436e-05,0.5745642135144333,0.001,0.0,0.0,0.0,0.0,0.0,0
50544000000,5039,50544000000,,0.0,-0.5745643513228984,-5.35651404955726e-05,0.5745643513228984,0.001,0.0,0.0,0.0,0.0,0.0,0
50554000000,5040,50554000000,,0.0,-0.5745644891312836,-5.356512530471405e-05,0.5745644891312836,0.001,0.0,0.0,0.0,0.0,0.0,0
50564000000,5041,50564000000,,0.0,-0.5745646269395941,-5.3565110073958974e-05,0.5745646269395941,0.001,0.0,0.0,0.0,0.0,0.0,0
50574000000,5042,50574000000,,0.0,-0.5745647647478247,-5.356509484738402e-05,0.5745647647478247,0.001,0.0,0.0,0.0,0.0,0.0,0
50584000000,5043,50584000000,,0.0,-0.5745649025559754,-5.356507967073117e-05,0.5745649025559754,0.001,0.0,0.0,0.0,0.0,0.0,0
50594000000,5044,50594000000,,0.0,-0.5745650403640514,-5.356506443885147e-05,0.5745650403640514,0.001,0.0,0.0,0.0,0.0,0.0,0
50604000000,5045,50604000000,,0.0,-0.5745651781720476,-5.3565049201020854e-05,0.5745651781720476,0.001,0.0,0.0,0.0,0.0,0.0,0
50614000000,5046,50614000000,,0.0,-0.5745653159799655,-5.3565034002743925e-05,0.5745653159799655,0.001,0.0,0.0,0.0,0.0,0.0,0
50624000000,5047,50624000000,,0.0,-0.5745654537878071,-5.3565018833286066e-05,0.5745654537878071,0.001,0.0,0.0,0.0,0.0,0.0,0
50634000000,5048,50634000000,,0.0,-0.5745655915955687,-5.3565003600293816e-05,0.5745655915955687,0.001,0.0,0.0,0.0,0.0,0.0,0
50644000000,5049,50644000000,,0.0,-0.574565729403254,-5.35649883749939e-05,0.574565729403254,0.001,0.0,0.0,0.0,0.0,0.0,0
50654000000,5050,50654000000,,0.0,-0.5745658672108593,-5.356497317100515e-05,0.5745658672108593,0.001,0.0,0.0,0.0,0.0,0.0,0
50664000000,5051,50664000000,,0.0,-0.5745660050183883,-5.356495797895497e-05,0.5745660050183883,0.001,0.0,0.0,0.0,0.0,0.0,0
50674000000,5052,50674000000,,0.0,-0.5745661428258391,-5.356494275803428e-05,0.5745661428258391,0.001,0.0,0.0,0.0,0.0,0.0,0
50684000000,5053,50684000000,,0.0,-0.5745662806332117,-5.356492754968587e-05,0.5745662806332117,0.001,0.0,0.0,0.0,0.0,0.0,0
50694000000,5054,50694000000,,0.0,-0.5745664184405062,-5.356491230867619e-05,0.5745664184405062,0.001,0.0,0.0,0.0,0.0,0.0,0
50704000000,5055,50704000000,,0.0,-0.5745665562477225,-5.356489711697732e-05,0.5745665562477225,0.001,0.0,0.0,0.0,0.0,0.0,0
50714000000,5056,50714000000,,0.0,-0.5745666940548606,-5.3564881899909034e-05,0.5745666940548606,0.001,0.0,0.0,0.0,0.0,0.0,0
50724000000,5057,50724000000,,0.0,-0.5745668318619206,-5.356486669279707e-05,0.5745668318619206,0.001,0.0,0.0,0.0,0.0,0.0,0
50734000000,5058,50734000000,,0.0,-0.5745669696689042,-5.356485146114606e-05,0.5745669696689042,0.001,0.0,0.0,0.0,0.0,0.0,0
50744000000,5059,50744000000,,0.0,-0.5745671074758079,-5.3564836273708476e-05,0.5745671074758079,0.001,0.0,0.0,0.0,0.0,0.0,0
50754000000,5060,50754000000,,0.0,-0.5745672452826334,-5.356482107322866e-05,0.5745672452826334,0.001,0.0,0.0,0.0,0.0,0.0,0
50764000000,5061,50764000000,,0.0,-0.5745673830893825,-5.356480583495983e-05,0.5745673830893825,0.001,0.0,0.0,0.0,0.0,0.0,0
50774000000,5062,50774000000,,0.0,-0.5745675208960535,-5.356479062387613e-05,0.5745675208960535,0.001,0.0,0.0,0.0,0.0,0.0,0
50784000000,5063,50784000000,,0.0,-0.5745676587026463,-5.3564775404735996e-05,0.5745676587026463,0.001,0.0,0.0,0.0,0.0,0.0,0
50794000000,5064,50794000000,,0.0,-0.5745677965091591,-5.35647602161342e-05,0.5745677965091591,0.001,0.0,0.0,0.0,0.0,0.0,0
50804000000,5065,50804000000,,0.0,-0.5745679343155956,-5.356474497939181e-05,0.5745679343155956,0.001,0.0,0.0,0.0,0.0,0.0,0
50814000000,5066,50814000000,,0.0,-0.5745680721219539,-5.356472974578769e-05,0.5745680721219539,0.001,0.0,0.0,0.0,0.0,0.0,0
50824000000,5067,50824000000,,0.0,-0.5745682099282341,-5.356471455188817e-05,0.5745682099282341,0.001,0.0,0.0,0.0,0.0,0.0,0
50834000000,5068,50834000000,,0.0,-0.5745683477344379,-5.356469933890097e-05,0.5745683477344379,0.001,0.0,0.0,0.0,0.0,0.0,0
50844000000,5069,50844000000,,0.0,-0.5745684855405617,-5.356468415075748e-05,0.5745684855405617,0.001,0.0,0.0,0.0,0.0,0.0,0
50854000000,5070,50854000000,,0.0,-0.5745686233466092,-5.356466895242847e-05,0.5745686233466092,0.001,0.0,0.0,0.0,0.0,0.0,0
50864000000,5071,50864000000,,0.0,-0.5745687611525767,-5.356465372012477e-05,0.5745687611525767,0.001,0.0,0.0,0.0,0.0,0.0,0
50874000000,5072,50874000000,,0.0,-0.5745688989584661,-5.3564638546280966e-05,0.5745688989584661,0.001,0.0,0.0,0.0,0.0,0.0,0
50884000000,5073,50884000000,,0.0,-0.5745690367642791,-5.356462330417457e-05,0.5745690367642791,0.001,0.0,0.0,0.0,0.0,0.0,0
50894000000,5074,50894000000,,0.0,-0.5745691745700139,-5.3564608070344616e-05,0.5745691745700139,0.001,0.0,0.0,0.0,0.0,0.0,0
50904000000,5075,50904000000,,0.0,-0.5745693123756688,-5.356459283127164e-05,0.5745693123756688,0.001,0.0,0.0,0.0,0.0,0.0,0
50914000000,5076,50914000000,,0.0,-0.5745694501812473,-5.3564577688420576e-05,0.5745694501812473,0.001,0.0,0.0,0.0,0.0,0.0,0
50924000000,5077,50924000000,,0.0,-0.5745695879867476,-5.35645624905834e-05,0.5745695879867476,0.001,0.0,0.0,0.0,0.0,0.0,0
50934000000,5078,50934000000,,0.0,-0.5745697257921716,-5.3564547290195e-05,0.5745697257921716,0.001,0.0,0.0,0.0,0.0,0.0,0
50944000000,5079,50944000000,,0.0,-0.5745698635975138,-5.356453199438418e-05,0.5745698635975138,0.001,0.0,0.0,0.0,0.0,0.0,0
50954000000,5080,50954000000,,0.0,-0.5745700014027815,-5.356451681142307e-05,0.5745700014027815,0.001,0.0,0.0,0.0,0.0,0.0,0
50964000000,5081,50964000000,,0.0,-0.5745701392079692,-5.356450163499147e-05,0.5745701392079692,0.001,0.0,0.0,0.0,0.0,0.0,0
50974000000,5082,50974000000,,0.0,-0.5745702770130787,-5.3564486329744445e-05,0.5745702770130787,0.001,0.0,0.0,0.0,0.0,0.0,0
50984000000,5083,50984000000,,0.0,-0.5745704148181119,-5.356447115129394e-05,0.5745704148181119,0.001,0.0,0.0,0.0,0.0,0.0,0
50994000000,5084,50994000000,,0.0,-0.5745705526230669,-5.356445597118457e-05,0.5745705526230669,0.001,0.0,0.0,0.0,0.0,0.0,0
51004000000,5085,51004000000,,0.0,-0.574570690427942,-5.356444075874767e-05,0.574570690427942,0.001,0.0,0.0,0.0,0.0,0.0,0
51014000000,5086,51014000000,,0.0,-0.5745708282327406,-5.356442552732179e-05,0.5745708282327406,0.001,0.0,0.0,0.0,0.0,0.0,0
51024000000,5087,51024000000,,0.0,-0.5745709660374612,-5.356441032185474e-05,0.5745709660374612,0.001,0.0,0.0,0.0,0.0,0.0,0
51034000000,5088,51034000000,,0.0,-0.5745711038421035,-5.356439511273191e-05,0.5745711038421035,0.001,0.0,0.0,0.0,0.0,0.0,0
51044000000,5089,51044000000,,0.0,-0.5745712416466677,-5.356437990453541e-05,0.5745712416466677,0.001,0.0,0.0,0.0,0.0,0.0,0
51054000000,5090,51054000000,,0.0,-0.5745713794511538,-5.35643646930382e-05,0.5745713794511538,0.001,0.0,0.0,0.0,0.0,0.0,0
51064000000,5091,51064000000,,0.0,-0.5745715172555617,-5.3564349432427184e-05,0.5745715172555617,0.001,0.0,0.0,0.0,0.0,0.0,0
51074000000,5092,51074000000,,0.0,-0.5745716550598914,-5.356433426136932e-05,0.5745716550598914,0.001,0.0,0.0,0.0,0.0,0.0,0
51084000000,5093,51084000000,,0.0,-0.574571792864143,-5.3564319056722696e-05,0.574571792864143,0.001,0.0,0.0,0.0,0.0,0.0,0
51094000000,5094,51094000000,,0.0,-0.5745719306683181,-5.35643038635046e-05,0.5745719306683181,0.001,0.0,0.0,0.0,0.0,0.0,0
51104000000,5095,51104000000,,0.0,-0.5745720684724134,-5.356428861587504e-05,0.5745720684724134,0.001,0.0,0.0,0.0,0.0,0.0,0
51114000000,5096,51114000000,,0.0,-0.5745722062764322,-5.356427339434345e-05,0.5745722062764322,0.001,0.0,0.0,0.0,0.0,0.0,0
51124000000,5097,51124000000,,0.0,-0.5745723440803712,-5.356425819152303e-05,0.5745723440803712,0.001,0.0,0.0,0.0,0.0,0.0,0
51134000000,5098,51134000000,,0.0,-0.5745724818842355,-5.356424290711957e-05,0.5745724818842355,0.001,0.0,0.0,0.0,0.0,0.0,0
51144000000,5099,51144000000,,0.0,-0.5745726196880181,-5.356422772749887e-05,0.5745726196880181,0.001,0.0,0.0,0.0,0.0,0.0,0
51154000000,5100,51154000000,,0.0,-0.5745727574917243,-5.3564212524103714e-05,0.5745727574917243,0.001,0.0,0.0,0.0,0.0,0.0,0
51164000000,5101,51164000000,,0.0,-0.5745728952953524,-5.356419733549638e-05,0.5745728952953524,0.001,0.0,0.0,0.0,0.0,0.0,0
51174000000,5102,51174000000,,0.0,-0.5745730330989023,-5.3564182099403764e-05,0.5745730330989023,0.001,0.0,0.0,0.0,0.0,0.0,0
51184000000,5103,51184000000,,0.0,-0.574573170902374,-5.3564166870612215e-05,0.574573170902374,0.001,0.0,0.0,0.0,0.0,0.0,0
51194000000,5104,51194000000,,0.0,-0.5745733087057694,-5.356415168484747e-05,0.5745733087057694,0.001,0.0,0.0,0.0,0.0,0.0,0
51204000000,5105,51204000000,,0.0,-0.5745734465090848,-5.356413649061242e-05,0.5745734465090848,0.001,0.0,0.0,0.0,0.0,0.0,0
51214000000,5106,51214000000,,0.0,-0.5745735843123239,-5.3564121283838466e-05,0.5745735843123239,0.001,0.0,0.0,0.0,0.0,0.0,0
51224000000,5107,51224000000,,0.0,-0.574573722115483,-5.356410607471256e-05,0.574573722115483,0.001,0.0,0.0,0.0,0.0,0.0,0
51234000000,5108,51234000000,,0.0,-0.5745738599185657,-5.356409087809167e-05,0.5745738599185657,0.001,0.0,0.0,0.0,0.0,0.0,0
51244000000,5109,51244000000,,0.0,-0.5745739977215685,-5.356407564601313e-05,0.5745739977215685,0.001,0.0,0.0,0.0,0.0,0.0,0
51254000000,5110,51254000000,,0.0,-0.5745741355244949,-5.356406042161299e-05,0.5745741355244949,0.001,0.0,0.0,0.0,0.0,0.0,0
51264000000,5111,51264000000,,0.0,-0.5745742733273431,-5.356404522984935e-05,0.5745742733273431,0.001,0.0,0.0,0.0,0.0,0.0,0
51274000000,5112,51274000000,,0.0,-0.5745744111301132,-5.356402998670288e-05,0.5745744111301132,0.001,0.0,0.0,0.0,0.0,0.0,0
51284000000,5113,51284000000,,0.0,-0.5745745489328051,-5.356401478918892e-05,0.5745745489328051,0.001,0.0,0.0,0.0,0.0,0.0,0
51294000000,5114,51294000000,,0.0,-0.5745746867354189,-5.356399954620401e-05,0.5745746867354189,0.001,0.0,0.0,0.0,0.0,0.0,0
51304000000,5115,51304000000,,0.0,-0.5745748245379545,-5.356398437257833e-05,0.5745748245379545,0.001,0.0,0.0,0.0,0.0,0.0,0
51314000000,5116,51314000000,,0.0,-0.5745749623404137,-5.3563969168997614e-05,0.5745749623404137,0.001,0.0,0.0,0.0,0.0,0.0,0
51324000000,5117,51324000000,,0.0,-0.574575100142793,-5.3563953931269746e-05,0.574575100142793,0.001,0.0,0.0,0.0,0.0,0.0,0
51334000000,5118,51334000000,,0.0,-0.5745752379450941,-5.3563938699625946e-05,0.5745752379450941,0.001,0.0,0.0,0.0,0.0,0.0,0
51344000000,5119,51344000000,,0.0,-0.5745753757473189,-5.356392353751408e-05,0.5745753757473189,0.001,0.0,0.0,0.0,0.0,0.0,0
51354000000,5120,51354000000,,0.0,-0.5745755135494655,-5.356390833061364e-05,0.5745755135494655,0.001,0.0,0.0,0.0,0.0,0.0,0
51364000000,5121,51364000000,,0.0,-0.5745756513515321,-5.3563893064204635e-05,0.5745756513515321,0.001,0.0,0.0,0.0,0.0,0.0,0
51374000000,5122,51374000000,,0.0,-0.5745757891535224,-5.3563877882213716e-05,0.5745757891535224,0.001,0.0,0.0,0.0,0.0,0.0,0
51384000000,5123,51384000000,,0.0,-0.5745759269554345,-5.356386266923072e-05,0.5745759269554345,0.001,0.0,0.0,0.0,0.0,0.0,0
51394000000,5124,51394000000,,0.0,-0.5745760647572684,-5.356384742368998e-05,0.5745760647572684,0.001,0.0,0.0,0.0,0.0,0.0,0
51404000000,5125,51404000000,,0.0,-0.5745762025590242,-5.356383216531325e-05,0.5745762025590242,0.001,0.0,0.0,0.0,0.0,0.0,0
51414000000,5126,51414000000,,0.0,-0.5745763403607018,-5.3563817012615767e-05,0.5745763403607018,0.001,0.0,0.0,0.0,0.0,0.0,0
51424000000,5127,51424000000,,0.0,-0.5745764781623013,-5.35638018146528e-05,0.5745764781623013,0.001,0.0,0.0,0.0,0.0,0.0,0
51434000000,5128,51434000000,,0.0,-0.5745766159638226,-5.35637866093445e-05,0.5745766159638226,0.001,0.0,0.0,0.0,0.0,0.0,0
51444000000,5129,51444000000,,0.0,-0.5745767537652675,-5.356377132207687e-05,0.5745767537652675,0.001,0.0,0.0,0.0,0.0,0.0,0
51454000000,5130,51454000000,,0.0,-0.5745768915666343,-5.3563756118638914e-05,0.5745768915666343,0.001,0.0,0.0,0.0,0.0,0.0,0
51464000000,5131,51464000000,,0.0,-0.5745770293679211,-5.3563740966004504e-05,0.5745770293679211,0.001,0.0,0.0,0.0,0.0,0.0,0
51474000000,5132,51474000000,,0.0,-0.5745771671691298,-5.356372578289583e-05,0.5745771671691298,0.001,0.0,0.0,0.0,0.0,0.0,0
51484000000,5133,51484000000,,0.0,-0.574577304970262,-5.356371049932715e-05,0.574577304970262,0.001,0.0,0.0,0.0,0.0,0.0,0
51494000000,5134,51494000000,,0.0,-0.5745774427713162,-5.356369533653886e-05,0.5745774427713162,0.001,0.0,0.0,0.0,0.0,0.0,0
51504000000,5135,51504000000,,0.0,-0.5745775805722921,-5.356368005854125e-05,0.5745775805722921,0.001,0.0,0.0,0.0,0.0,0.0,0
51514000000,5136,51514000000,,0.0,-0.5745777183731899,-5.356366483938525e-05,0.5745777183731899,0.001,0.0,0.0,0.0,0.0,0.0,0
51524000000,5137,51524000000,,0.0,-0.5745778561740096,-5.3563649674888914e-05,0.5745778561740096,0.001,0.0,0.0,0.0,0.0,0.0,0
51534000000,5138,51534000000,,0.0,-0.5745779939747511,-5.3563634450199776e-05,0.5745779939747511,0.001,0.0,0.0,0.0,0.0,0.0,0
51544000000,5139,51544000000,,0.0,-0.5745781317754144,-5.356361923731871e-05,0.5745781317754144,0.001,0.0,0.0,0.0,0.0,0.0,0
51554000000,5140,51554000000,,0.0,-0.5745782695760013,-5.3563603971266814e-05,0.5745782695760013,0.001,0.0,0.0,0.0,0.0,0.0,0
51564000000,5141,51564000000,,0.0,-0.5745784073765083,-5.3563588825832956e-05,0.5745784073765083,0.001,0.0,0.0,0.0,0.0,0.0,0
51574000000,5142,51574000000,,0.0,-0.5745785451769372,-5.3563573594018036e-05,0.5745785451769372,0.001,0.0,0.0,0.0,0.0,0.0,0
51584000000,5143,51584000000,,0.0,-0.5745786829772896,-5.356355841914677e-05,0.5745786829772896,0.001,0.0,0.0,0.0,0.0,0.0,0
51594000000,5144,51594000000,,0.0,-0.574578820777564,-5.356354315471529e-05,0.574578820777564,0.001,0.0,0.0,0.0,0.0,0.0,0
51604000000,5145,51604000000,,0.0,-0.5745789585777601,-5.3563527965712926e-05,0.5745789585777601,0.001,0.0,0.0,0.0,0.0,0.0,0
51614000000,5146,51614000000,,0.0,-0.5745790963778763,-5.356351273847524e-05,0.5745790963778763,0.001,0.0,0.0,0.0,0.0,0.0,0
51624000000,5147,51624000000,,0.0,-0.5745792341779161,-5.356349754908875e-05,0.5745792341779161,0.001,0.0,0.0,0.0,0.0,0.0,0
51634000000,5148,51634000000,,0.0,-0.5745793719778778,-5.356348230982359e-05,0.5745793719778778,0.001,0.0,0.0,0.0,0.0,0.0,0
51644000000,5149,51644000000,,0.0,-0.5745795097777631,-5.356346708323929e-05,0.5745795097777631,0.001,0.0,0.0,0.0,0.0,0.0,0
51654000000,5150,51654000000,,0.0,-0.5745796475775684,-5.3563451868824675e-05,0.5745796475775684,0.001,0.0,0.0,0.0,0.0,0.0,0
51664000000,5151,51664000000,,0.0,-0.5745797853772956,-5.356343667205905e-05,0.5745797853772956,0.001,0.0,0.0,0.0,0.0,0.0,0
51674000000,5152,51674000000,,0.0,-0.5745799231769446,-5.356342142939952e-05,0.5745799231769446,0.001,0.0,0.0,0.0,0.0,0.0,0
51684000000,5153,51684000000,,0.0,-0.5745800609765155,-5.356340625295898e-05,0.5745800609765155,0.001,0.0,0.0,0.0,0.0,0.0,0
51694000000,5154,51694000000,,0.0,-0.57458019877601,-5.356339103245129e-05,0.57458019877601,0.001,0.0,0.0,0.0,0.0,0.0,0
51704000000,5155,51704000000,,0.0,-0.5745803365754263,-5.3563375838607945e-05,0.5745803365754263,0.001,0.0,0.0,0.0,0.0,0.0,0
51714000000,5156,51714000000,,0.0,-0.5745804743747627,-5.3563360572838936e-05,0.5745804743747627,0.001,0.0,0.0,0.0,0.0,0.0,0
51724000000,5157,51724000000,,0.0,-0.5745806121740227,-5.356334540077382e-05,0.5745806121740227,0.001,0.0,0.0,0.0,0.0,0.0,0
51734000000,5158,51734000000,,0.0,-0.5745807499732045,-5.356333018038075e-05,0.5745807499732045,0.001,0.0,0.0,0.0,0.0,0.0,0
51744000000,5159,51744000000,,0.0,-0.5745808877723082,-5.356331497851101e-05,0.5745808877723082,0.001,0.0,0.0,0.0,0.0,0.0,0
51754000000,5160,51754000000,,0.0,-0.5745810255713337,-5.356329973697165e-05,0.5745810255713337,0.001,0.0,0.0,0.0,0.0,0.0,0
51764000000,5161,51764000000,,0.0,-0.5745811633702811,-5.356328453815893e-05,0.5745811633702811,0.001,0.0,0.0,0.0,0.0,0.0,0
51774000000,5162,51774000000,,0.0,-0.5745813011691503,-5.356326936036686e-05,0.5745813011691503,0.001,0.0,0.0,0.0,0.0,0.0,0
51784000000,5163,51784000000,,0.0,-0.5745814389679413,-5.356325409397235e-05,0.5745814389679413,0.001,0.0,0.0,0.0,0.0,0.0,0
51794000000,5164,51794000000,,0.0,-0.574581576766656,-5.356323889147868e-05,0.574581576766656,0.001,0.0,0.0,0.0,0.0,0.0,0
51804000000,5165,51804000000,,0.0,-0.5745817145652907,-5.356322366431988e-05,0.5745817145652907,0.001,0.0,0.0,0.0,0.0,0.0,0
51814000000,5166,51814000000,,0.0,-0.5745818523638491,-5.356320847954485e-05,0.5745818523638491,0.001,0.0,0.0,0.0,0.0,0.0,0
51824000000,5167,51824000000,,0.0,-0.5745819901623275,-5.356319328506817e-05,0.5745819901623275,0.001,0.0,0.0,0.0,0.0,0.0,0
51834000000,5168,51834000000,,0.0,-0.5745821279607295,-5.356317809169558e-05,0.5745821279607295,0.001,0.0,0.0,0.0,0.0,0.0,0
51844000000,5169,51844000000,,0.0,-0.5745822657590516,-5.356316280053429e-05,0.5745822657590516,0.001,0.0,0.0,0.0,0.0,0.0,0
51854000000,5170,51854000000,,0.0,-0.5745824035572991,-5.356314760687298e-05,0.5745824035572991,0.001,0.0,0.0,0.0,0.0,0.0,0
51864000000,5171,51864000000,,0.0,-0.5745825413554648,-5.356313243463289e-05,0.5745825413554648,0.001,0.0,0.0,0.0,0.0,0.0,0
51874000000,5172,51874000000,,0.0,-0.5745826791535542,-5.3563117208783764e-05,0.5745826791535542,0.001,0.0,0.0,0.0,0.0,0.0,0
51884000000,5173,51884000000,,0.0,-0.5745828169515654,-5.356310197315323e-05,0.5745828169515654,0.001,0.0,0.0,0.0,0.0,0.0,0
51894000000,5174,51894000000,,0.0,-0.5745829547494985,-5.35630867602449e-05,0.5745829547494985,0.001,0.0,0.0,0.0,0.0,0.0,0
51904000000,5175,51904000000,,0.0,-0.5745830925473552,-5.3563071558243775e-05,0.5745830925473552,0.001,0.0,0.0,0.0,0.0,0.0,0
51914000000,5176,51914000000,,0.0,-0.5745832303451337,-5.356305632627143e-05,0.5745832303451337,0.001,0.0,0.0,0.0,0.0,0.0,0
51924000000,5177,51924000000,,0.0,-0.5745833681428305,-5.356304111545288e-05,0.5745833681428305,0.001,0.0,0.0,0.0,0.0,0.0,0
51934000000,5178,51934000000,,0.0,-0.5745835059404527,-5.3563025860239835e-05,0.5745835059404527,0.001,0.0,0.0,0.0,0.0,0.0,0
51944000000,5179,51944000000,,0.0,-0.5745836437379968,-5.356301067199294e-05,0.5745836437379968,0.001,0.0,0.0,0.0,0.0,0.0,0
51954000000,5180,51954000000,,0.0,-0.5745837815354626,-5.3562995483863785e-05,0.5745837815354626,0.001,0.0,0.0,0.0,0.0,0.0,0
51964000000,5181,51964000000,,0.0,-0.5745839193328504,-5.356298025840579e-05,0.5745839193328504,0.001,0.0,0.0,0.0,0.0,0.0,0
51974000000,5182,51974000000,,0.0,-0.5745840571301581,-5.3562965030472355e-05,0.5745840571301581,0.001,0.0,0.0,0.0,0.0,0.0,0
51984000000,5183,51984000000,,0.0,-0.5745841949273895,-5.3562949808633694e-05,0.5745841949273895,0.001,0.0,0.0,0.0,0.0,0.0,0
51994000000,5184,51994000000,,0.0,-0.5745843327245428,-5.356293457325595e-05,0.5745843327245428,0.001,0.0,0.0,0.0,0.0,0.0,0
52004000000,5185,52004000000,,0.0,-0.5745844705216179,-5.3562919407759784e-05,0.5745844705216179,0.001,0.0,0.0,0.0,0.0,0.0,0
52014000000,5186,52014000000,,0.0,-0.5745846083186166,-5.356290415324618e-05,0.5745846083186166,0.001,0.0,0.0,0.0,0.0,0.0,0
52024000000,5187,52024000000,,0.0,-0.5745847461155353,-5.356288896413566e-05,0.5745847461155353,0.001,0.0,0.0,0.0,0.0,0.0,0
52034000000,5188,52034000000,,0.0,-0.5745848839123759,-5.3562873741743094e-05,0.5745848839123759,0.001,0.0,0.0,0.0,0.0,0.0,0
52044000000,5189,52044000000,,0.0,-0.5745850217091384,-5.3562858544276396e-05,0.5745850217091384,0.001,0.0,0.0,0.0,0.0,0.0,0
52054000000,5190,52054000000,,0.0,-0.5745851595058244,-5.3562843287289966e-05,0.5745851595058244,0.001,0.0,0.0,0.0,0.0,0.0,0
52064000000,5191,52064000000,,0.0,-0.5745852973024324,-5.356282814021215e-05,0.5745852973024324,0.001,0.0,0.0,0.0,0.0,0.0,0
52074000000,5192,52074000000,,0.0,-0.5745854350989603,-5.356281290989409e-05,0.5745854350989603,0.001,0.0,0.0,0.0,0.0,0.0,0
52084000000,5193,52084000000,,0.0,-0.5745855728954119,-5.356279768365693e-05,0.5745855728954119,0.001,0.0,0.0,0.0,0.0,0.0,0
52094000000,5194,52094000000,,0.0,-0.5745857106917853,-5.356278245260352e-05,0.5745857106917853,0.001,0.0,0.0,0.0,0.0,0.0,0
52104000000,5195,52104000000,,0.0,-0.5745858484880806,-5.3562767252467546e-05,0.5745858484880806,0.001,0.0,0.0,0.0,0.0,0.0,0
52114000000,5196,52114000000,,0.0,-0.5745859862842977,-5.3562752076375514e-05,0.5745859862842977,0.001,0.0,0.0,0.0,0.0,0.0,0
52124000000,5197,52124000000,,0.0,-0.5745861240804366,-5.3562736806177214e-05,0.5745861240804366,0.001,0.0,0.0,0.0,0.0,0.0,0
52134000000,5198,52134000000,,0.0,-0.5745862618764974,-5.356272160771892e-05,0.5745862618764974,0.001,0.0,0.0,0.0,0.0,0.0,0
52144000000,5199,52144000000,,0.0,-0.5745863996724818,-5.356270641186467e-05,0.5745863996724818,0.001,0.0,0.0,0.0,0.0,0.0,0
52154000000,5200,52154000000,,0.0,-0.5745865374683863,-5.3562691163526544e-05,0.5745865374683863,0.001,0.0,0.0,0.0,0.0,0.0,0
52164000000,5201,52164000000,,0.0,-0.5745866752642144,-5.356267598962333e-05,0.5745866752642144,0.001,0.0,0.0,0.0,0.0,0.0,0
52174000000,5202,52174000000,,0.0,-0.5745868130599625,-5.3562660751538214e-05,0.5745868130599625,0.001,0.0,0.0,0.0,0.0,0.0,0
52184000000,5203,52184000000,,0.0,-0.5745869508556325,-5.35626455213408e-05,0.5745869508556325,0.001,0.0,0.0,0.0,0.0,0.0,0
52194000000,5204,52194000000,,0.0,-0.5745870886512261,-5.356263032493868e-05,0.5745870886512261,0.001,0.0,0.0,0.0,0.0,0.0,0
52204000000,5205,52204000000,,0.0,-0.5745872264467415,-5.3562615114978857e-05,0.5745872264467415,0.001,0.0,0.0,0.0,0.0,0.0,0
52214000000,5206,52214000000,,0.0,-0.5745873642421788,-5.356259987505924e-05,0.5745873642421788,0.001,0.0,0.0,0.0,0.0,0.0,0
52224000000,5207,52224000000,,0.0,-0.574587502037538,-5.356258465932009e-05,0.574587502037538,0.001,0.0,0.0,0.0,0.0,0.0,0
52234000000,5208,52234000000,,0.0,-0.5745876398328189,-5.3562569503929095e-05,0.5745876398328189,0.001,0.0,0.0,0.0,0.0,0.0,0
52244000000,5209,52244000000,,0.0,-0.5745877776280217,-5.3562554256581325e-05,0.5745877776280217,0.001,0.0,0.0,0.0,0.0,0.0,0
52254000000,5210,52254000000,,0.0,-0.5745879154231464,-5.3562539031917605e-05,0.5745879154231464,0.001,0.0,0.0,0.0,0.0,0.0,0
52264000000,5211,52264000000,,0.0,-0.5745880532181946,-5.356252383985663e-05,0.5745880532181946,0.001,0.0,0.0,0.0,0.0,0.0,0
52274000000,5212,52274000000,,0.0,-0.5745881910131629,-5.3562508607490765e-05,0.5745881910131629,0.001,0.0,0.0,0.0,0.0,0.0,0
52284000000,5213,52284000000,,0.0,-0.5745883288080549,-5.356249336539027e-05,0.5745883288080549,0.001,0.0,0.0,0.0,0.0,0.0,0
52294000000,5214,52294000000,,0.0,-0.5745884666028669,-5.356247817913148e-05,0.5745884666028669,0.001,0.0,0.0,0.0,0.0,0.0,0
52304000000,5215,52304000000,,0.0,-0.5745886043976025,-5.3562462983981414e-05,0.5745886043976025,0.001,0.0,0.0,0.0,0.0,0.0,0
52314000000,5216,52314000000,,0.0,-0.57458874219226,-5.3562447776544244e-05,0.57458874219226,0.001,0.0,0.0,0.0,0.0,0.0,0
52324000000,5217,52324000000,,0.0,-0.5745888799868393,-5.356243255295747e-05,0.5745888799868393,0.001,0.0,0.0,0.0,0.0,0.0,0
52334000000,5218,52334000000,,0.0,-0.5745890177813386,-5.356241730954955e-05,0.5745890177813386,0.001,0.0,0.0,0.0,0.0,0.0,0
52344000000,5219,52344000000,,0.0,-0.5745891555757616,-5.356240207845242e-05,0.5745891555757616,0.001,0.0,0.0,0.0,0.0,0.0,0
52354000000,5220,52354000000,,0.0,-0.5745892933701064,-5.356238691625482e-05,0.5745892933701064,0.001,0.0,0.0,0.0,0.0,0.0,0
52364000000,5221,52364000000,,0.0,-0.5745894311643749,-5.3562371679812436e-05,0.5745894311643749,0.001,0.0,0.0,0.0,0.0,0.0,0
52374000000,5222,52374000000,,0.0,-0.5745895689585616,-5.356235646197838e-05,0.5745895689585616,0.001,0.0,0.0,0.0,0.0,0.0,0
52384000000,5223,52384000000,,0.0,-0.5745897067526737,-5.356234121760144e-05,0.5745897067526737,0.001,0.0,0.0,0.0,0.0,0.0,0
52394000000,5224,52394000000,,0.0,-0.5745898445467059,-5.35623260185155e-05,0.5745898445467059,0.001,0.0,0.0,0.0,0.0,0.0,0
52404000000,5225,52404000000,,0.0,-0.5745899823406617,-5.356231087436807e-05,0.5745899823406617,0.001,0.0,0.0,0.0,0.0,0.0,0
52414000000,5226,52414000000,,0.0,-0.5745901201345394,-5.356229560421801e-05,0.5745901201345394,0.001,0.0,0.0,0.0,0.0,0.0,0
52424000000,5227,52424000000,,0.0,-0.5745902579283371,-5.356228041167336e-05,0.5745902579283371,0.001,0.0,0.0,0.0,0.0,0.0,0
52434000000,5228,52434000000,,0.0,-0.5745903957220584,-5.356226516634642e-05,0.5745903957220584,0.001,0.0,0.0,0.0,0.0,0.0,0
52444000000,5229,52444000000,,0.0,-0.5745905335157016,-5.356224996178399e-05,0.5745905335157016,0.001,0.0,0.0,0.0,0.0,0.0,0
52454000000,5230,52454000000,,0.0,-0.5745906713092648,-5.356223476978406e-05,0.5745906713092648,0.001,0.0,0.0,0.0,0.0,0.0,0
52464000000,5231,52464000000,,0.0,-0.5745908091027516,-5.356221954589522e-05,0.5745908091027516,0.001,0.0,0.0,0.0,0.0,0.0,0
52474000000,5232,52474000000,,0.0,-0.5745909468961621,-5.356220437682683e-05,0.5745909468961621,0.001,0.0,0.0,0.0,0.0,0.0,0
52484000000,5233,52484000000,,0.0,-0.5745910846894926,-5.356218909315155e-05,0.5745910846894926,0.001,0.0,0.0,0.0,0.0,0.0,0
52494000000,5234,52494000000,,0.0,-0.574591222482745,-5.356217386334889e-05,0.574591222482745,0.001,0.0,0.0,0.0,0.0,0.0,0
52504000000,5235,52504000000,,0.0,-0.5745913602759192,-5.356215866586375e-05,0.5745913602759192,0.001,0.0,0.0,0.0,0.0,0.0,0
52514000000,5236,52514000000,,0.0,-0.574591498069017,-5.356214346367586e-05,0.574591498069017,0.001,0.0,0.0,0.0,0.0,0.0,0
52524000000,5237,52524000000,,0.0,-0.5745916358620349,-5.356212824604157e-05,0.5745916358620349,0.001,0.0,0.0,0.0,0.0,0.0,0
52534000000,5238,52534000000,,0.0,-0.5745917736549764,-5.356211301369515e-05,0.5745917736549764,0.001,0.0,0.0,0.0,0.0,0.0,0
52544000000,5239,52544000000,,0.0,-0.5745919114478379,-5.356209782513406e-05,0.5745919114478379,0.001,0.0,0.0,0.0,0.0,0.0,0
52554000000,5240,52554000000,,0.0,-0.5745920492406231,-5.356208256622115e-05,0.5745920492406231,0.001,0.0,0.0,0.0,0.0,0.0,0
52564000000,5241,52564000000,,0.0,-0.5745921870333301,-5.3562067405366045e-05,0.5745921870333301,0.001,0.0,0.0,0.0,0.0,0.0,0
52574000000,5242,52574000000,,0.0,-0.574592324825959,-5.356205214406969e-05,0.574592324825959,0.001,0.0,0.0,0.0,0.0,0.0,0
52584000000,5243,52584000000,,0.0,-0.5745924626185097,-5.3562036953345406e-05,0.5745924626185097,0.001,0.0,0.0,0.0,0.0,0.0,0
52594000000,5244,52594000000,,0.0,-0.5745926004109823,-5.3562021777332894e-05,0.5745926004109823,0.001,0.0,0.0,0.0,0.0,0.0,0
52604000000,5245,52604000000,,0.0,-0.5745927382033766,-5.35620065211405e-05,0.5745927382033766,0.001,0.0,0.0,0.0,0.0,0.0,0
52614000000,5246,52614000000,,0.0,-0.5745928759956946,-5.3561991332147065e-05,0.5745928759956946,0.001,0.0,0.0,0.0,0.0,0.0,0
52624000000,5247,52624000000,,0.0,-0.5745930137879327,-5.3561976096400536e-05,0.5745930137879327,0.001,0.0,0.0,0.0,0.0,0.0,0
52634000000,5248,52634000000,,0.0,-0.5745931515800926,-5.3561960891943614e-05,0.5745931515800926,0.001,0.0,0.0,0.0,0.0,0.0,0
52644000000,5249,52644000000,,0.0,-0.5745932893721744,-5.356194568343345e-05,0.5745932893721744,0.001,0.0,0.0,0.0,0.0,0.0,0
52654000000,5250,52654000000,,0.0,-0.5745934271641797,-5.3561930450292285e-05,0.5745934271641797,0.001,0.0,0.0,0.0,0.0,0.0,0
52664000000,5251,52664000000,,0.0,-0.5745935649561069,-5.3561915287663896e-05,0.5745935649561069,0.001,0.0,0.0,0.0,0.0,0.0,0
52674000000,5252,52674000000,,0.0,-0.574593702747956,-5.356190000901775e-05,0.574593702747956,0.001,0.0,0.0,0.0,0.0,0.0,0
52684000000,5253,52684000000,,0.0,-0.5745938405397251,-5.3561884784146174e-05,0.5745938405397251,0.001,0.0,0.0,0.0,0.0,0.0,0
52694000000,5254,52694000000,,0.0,-0.5745939783314196,-5.3561869619262096e-05,0.5745939783314196,0.001,0.0,0.0,0.0,0.0,0.0,0
52704000000,5255,52704000000,,0.0,-0.5745941161230341,-5.3561854359529816e-05,0.5745941161230341,0.001,0.0,0.0,0.0,0.0,0.0,0
52714000000,5256,52714000000,,0.0,-0.5745942539145705,-5.356183917261488e-05,0.5745942539145705,0.001,0.0,0.0,0.0,0.0,0.0,0
52724000000,5257,52724000000,,0.0,-0.5745943917060288,-5.35618239591685e-05,0.5745943917060288,0.001,0.0,0.0,0.0,0.0,0.0,0
52734000000,5258,52734000000,,0.0,-0.5745945294974089,-5.356180869136446e-05,0.5745945294974089,0.001,0.0,0.0,0.0,0.0,0.0,0
52744000000,5259,52744000000,,0.0,-0.5745946672887126,-5.356179349990059e-05,0.5745946672887126,0.001,0.0,0.0,0.0,0.0,0.0,0
52754000000,5260,52754000000,,0.0,-0.5745948050799363,-5.356177825598797e-05,0.5745948050799363,0.001,0.0,0.0,0.0,0.0,0.0,0
52764000000,5261,52764000000,,0.0,-0.5745949428710819,-5.356176310325136e-05,0.5745949428710819,0.001,0.0,0.0,0.0,0.0,0.0,0
52774000000,5262,52774000000,,0.0,-0.5745950806621511,-5.3561747857954124e-05,0.5745950806621511,0.001,0.0,0.0,0.0,0.0,0.0,0
52784000000,5263,52784000000,,0.0,-0.5745952184531404,-5.3561732640952305e-05,0.5745952184531404,0.001,0.0,0.0,0.0,0.0,0.0,0
52794000000,5264,52794000000,,0.0,-0.5745953562440533,-5.356171744825567e-05,0.5745953562440533,0.001,0.0,0.0,0.0,0.0,0.0,0
52804000000,5265,52804000000,,0.0,-0.5745954940348881,-5.356170223547367e-05,0.5745954940348881,0.001,0.0,0.0,0.0,0.0,0.0,0
52814000000,5266,52814000000,,0.0,-0.5745956318256447,-5.356168702417449e-05,0.5745956318256447,0.001,0.0,0.0,0.0,0.0,0.0,0
52824000000,5267,52824000000,,0.0,-0.5745957696163231,-5.356167177993954e-05,0.5745957696163231,0.001,0.0,0.0,0.0,0.0,0.0,0
52834000000,5268,52834000000,,0.0,-0.5745959074069233,-5.356165662905735e-05,0.5745959074069233,0.001,0.0,0.0,0.0,0.0,0.0,0
52844000000,5269,52844000000,,0.0,-0.5745960451974454,-5.356164136914337e-05,0.5745960451974454,0.001,0.0,0.0,0.0,0.0,0.0,0
52854000000,5270,52854000000,,0.0,-0.5745961829878894,-5.356162615209785e-05,0.5745961829878894,0.001,0.0,0.0,0.0,0.0,0.0,0
52864000000,5271,52864000000,,0.0,-0.574596320778257,-5.356161091994523e-05,0.574596320778257,0.001,0.0,0.0,0.0,0.0,0.0,0
52874000000,5272,52874000000,,0.0,-0.5745964585685446,-5.356159575103621e-05,0.5745964585685446,0.001,0.0,0.0,0.0,0.0,0.0,0
52884000000,5273,52884000000,,0.0,-0.5745965963587558,-5.356158052422613e-05,0.5745965963587558,0.001,0.0,0.0,0.0,0.0,0.0,0
52894000000,5274,52894000000,,0.0,-0.5745967341488871,-5.356156527609389e-05,0.5745967341488871,0.001,0.0,0.0,0.0,0.0,0.0,0
52904000000,5275,52904000000,,0.0,-0.574596871938942,-5.3561550044407764e-05,0.574596871938942,0.001,0.0,0.0,0.0,0.0,0.0,0
52914000000,5276,52914000000,,0.0,-0.5745970097289188,-5.356153484109832e-05,0.5745970097289188,0.001,0.0,0.0,0.0,0.0,0.0,0
52924000000,5277,52924000000,,0.0,-0.5745971475188174,-5.356151963920379e-05,0.5745971475188174,0.001,0.0,0.0,0.0,0.0,0.0,0
52934000000,5278,52934000000,,0.0,-0.5745972853086379,-5.356150442836718e-05,0.5745972853086379,0.001,0.0,0.0,0.0,0.0,0.0,0
52944000000,5279,52944000000,,0.0,-0.5745974230983801,-5.35614891976565e-05,0.5745974230983801,0.001,0.0,0.0,0.0,0.0,0.0,0
