%time,field.header.seq,field.header.stamp,field.header.frame_id,field.set_point,field.process_value,field.process_value_dot,field.error,field.time_step,field.command,field.p,field.i,field.d,field.i_clamp,field.antiwindup
47951000000,4780,47944000000,,0.0,-4.934826169034068e-06,-0.0032898394944818887,4.934826169034068e-06,0.001,0.0,0.0,0.0,0.0,0.0,0
47954000000,4781,47954000000,,0.0,-0.00012824745106954083,-0.01972255582001571,0.00012824745106954083,0.001,0.0,0.0,0.0,0.0,0.0,0
47964000000,4782,47964000000,,0.0,-0.0004155808658357074,-0.036094262375718215,0.0004155808658357074,0.001,0.0,0.0,0.0,0.0,0.0,0
47974000000,4783,47974000000,,0.0,-0.0008662200147728782,-0.052393445839091196,0.0008662200147728782,0.001,0.0,0.0,0.0,0.0,0.0,0
47984000000,4784,47984000000,,0.0,-0.0014796754255019806,-0.06867520917255421,0.0014796754255019806,0.001,0.0,0.0,0.0,0.0,0.0,0
47994000000,4785,47994000000,,0.0,-0.0022565173230830737,-0.08509165747047556,0.0022565173230830737,0.001,0.0,0.0,0.0,0.0,0.0,0
48004000000,4786,48004000000,,0.0,-0.0031995111153495515,-0.10192198578544749,0.0031995111153495515,0.001,0.0,0.0,0.0,0.0,0.0,0
48014000000,4787,48014000000,,0.0,-0.004315054942003016,-0.11960287198604433,0.004315054942003016,0.001,0.0,0.0,0.0,0.0,0.0,0
48024000000,4788,48024000000,,0.0,-0.00561492621819859,-0.13875992987804991,0.00561492621819859,0.001,0.0,0.0,0.0,0.0,0.0,0
48034000000,4789,48034000000,,0.0,-0.007118353394881538,-0.1602412829970186,0.007118353394881538,0.001,0.0,0.0,0.0,0.0,0.0,0
48044000000,4790,48044000000,,0.0,-0.008854440579796119,-0.1851544137467417,0.008854440579796119,0.001,0.0,0.0,0.0,0.0,0.0,0
48054000000,4791,48054000000,,0.0,-0.010864982783511223,-0.21490712498092598,0.010864982783511223,0.001,0.0,0.0,0.0,0.0,0.0,0
48064000000,4792,48064000000,,0.0,-0.013207714705020024,-0.25125278871305445,0.013207714705020024,0.001,0.0,0.0,0.0,0.0,0.0,0
48074000000,4793,48074000000,,0.0,-0.015960027567279766,-0.29633781508541057,0.015960027567279766,0.001,0.0,0.0,0.0,0.0,0.0,0
48084000000,4794,48084000000,,0.0,-0.01922314414580839,-0.35274461692957565,0.01922314414580839,0.001,0.0,0.0,0.0,0.0,0.0,0
48094000000,4795,48094000000,,0.0,-0.02312664492772676,-0.4235187135170113,0.02312664492772676,0.001,0.0,0.0,0.0,0.0,0.0,0
48104000000,4796,48104000000,,0.0,-0.02783310616081458,-0.5121624863731593,0.02783310616081458,0.001,0.0,0.0,0.0,0.0,0.0,0
48114000000,4797,48114000000,,0.0,-0.03354234711876103,-0.6225644813475413,0.03354234711876103,0.001,0.0,0.0,0.0,0.0,0.0,0
48124000000,4798,48124000000,,0.0,-0.04049441598026604,-0.7588202450708178,0.04049441598026604,0.001,0.0,0.0,0.0,0.0,0.0,0
48134000000,4799,48134000000,,0.0,-0.048969968354917626,-0.9248974806560396,0.048969968354917626,0.001,0.0,0.0,0.0,0.0,0.0,0
48144000000,4800,48144000000,,0.0,0.011513634313055299,6.836680405509846,-0.011513634313055299,0.001,0.0,0.0,0.0,0.0,0.0,0
48154000000,4801,48154000000,,0.0,0.07978711811806338,6.81306181777936,-0.07978711811806338,0.001,0.0,0.0,0.0,0.0,0.0,0
48164000000,4802,48164000000,,0.0,0.14757342795495276,6.74313586995129,-0.14757342795495276,0.001,0.0,0.0,0.0,0.0,0.0,0
48174000000,4803,48174000000,,0.0,0.2143786620282624,6.621107501385069,-0.2143786620282624,0.001,-0.0,0.0,0.0,0.0,0.0,0
48184000000,4804,48184000000,,0.0,0.2796564425483332,6.4429119855694745,-0.2796564425483332,0.001,-0.0,0.0,0.0,0.0,0.0,0
48194000000,4805,48194000000,,0.0,0.3428419529343687,6.208629642338912,-0.3428419529343687,0.001,-0.0,0.0,0.0,0.0,0.0,0
48204000000,4806,48204000000,,0.0,0.4033933367640552,5.922194098962256,-0.4033933367640552,0.001,-0.0,0.0,0.0,0.0,0.0,0
48214000000,4807,48214000000,,0.0,0.460822037985289,5.589800995569613,-0.460822037985289,0.001,-0.0,0.0,0.0,0.0,0.0,0
48224000000,4808,48224000000,,0.0,0.5147056099187957,5.218169089906633,-0.5147056099187957,0.001,-0.0,0.0,0.0,0.0,0.0,0
48234000000,4809,48234000000,,0.0,0.5646856333381844,4.813305288799916,-0.5646856333381844,0.001,-0.0,0.0,0.0,0.0,0.0,0
48244000000,4810,48244000000,,0.0,0.6104566982259811,4.379878831327213,-0.6104566982259811,0.001,-0.0,0.0,0.0,0.0,0.0,0
48254000000,4811,48254000000,,0.0,0.6517518082921754,3.921053318220972,-0.6517518082921754,0.001,-0.0,0.0,0.0,0.0,0.0,0
48264000000,4812,48264000000,,0.0,0.688327716850635,3.4385854449043163,-0.688327716850635,0.001,-0.0,0.0,0.0,0.0,0.0,0
48274000000,4813,48274000000,,0.0,0.719952012279248,2.9330450322942725,-0.719952012279248,0.001,-0.0,0.0,0.0,0.0,0.0,0
48284000000,4814,48284000000,,0.0,0.7463926379833277,2.404068147068235,-0.7463926379833277,0.001,-0.0,0.0,0.0,0.0,0.0,0
48294000000,4815,48294000000,,0.0,0.767409902693033,1.8505985048549456,-0.767409902693033,0.001,-0.0,0.0,0.0,0.0,0.0,0
48304000000,4816,48304000000,,0.0,0.7827507499089483,1.2710994560182831,-0.7827507499089483,0.001,-0.0,0.0,0.0,0.0,0.0,0
48314000000,4817,48314000000,,0.0,0.7921449698581329,0.6637341282048981,-0.7921449698581329,0.001,-0.0,0.0,0.0,0.0,0.0,0
48324000000,4818,48324000000,,0.0,0.7953030637676965,0.026519849376089866,-0.7953030637676965,0.001,-0.0,0.0,0.0,0.0,0.0,0
48334000000,4819,48334000000,,0.0,0.7919155649192904,-0.6425310787810368,-0.7919155649192904,0.001,0.0,0.0,0.0,0.0,0.0,0
48344000000,4820,48344000000,,0.0,0.7816537761569071,-1.3452655948041974,-0.7816537761569071,0.001,0.0,0.0,0.0,0.0,0.0,0
48354000000,4821,48354000000,,0.0,0.7641721219661983,-2.0832102277565108,-0.7641721219661983,0.001,0.0,0.0,0.0,0.0,0.0,0
48364000000,4822,48364000000,,0.0,0.7391126880820496,-2.8573117560643944,-0.7391126880820496,0.001,0.0,0.0,0.0,0.0,0.0,0
48374000000,4823,48374000000,,0.0,0.7061131203211284,-3.6675249719079357,-0.7061131203211284,0.001,0.0,0.0,0.0,0.0,0.0,0
48384000000,4824,48384000000,,0.0,0.6648199994054087,-4.512133466905149,-0.6648199994054087,0.001,0.0,0.0,0.0,0.0,0.0,0
48394000000,4825,48394000000,,0.0,0.6149112341652456,-5.386636366076809,-0.6149112341652456,0.001,0.0,0.0,0.0,0.0,0.0,0
48404000000,4826,48404000000,,0.0,0.5561329675576188,-6.281986431168085,-0.5561329675576188,0.001,0.0,0.0,0.0,0.0,0.0,0
48414000000,4827,48414000000,,0.0,0.488358630499131,-7.181983977493784,-0.488358630499131,0.001,0.0,0.0,0.0,0.0,0.0,0
48424000000,4828,48424000000,,0.0,0.41167870680982954,-8.059867686642747,-0.41167870680982954,0.001,0.0,0.0,0.0,0.0,0.0,0
48434000000,4829,48434000000,,0.0,0.32652591946637965,-8.874865124855656,-0.32652591946637965,0.001,0.0,0.0,0.0,0.0,0.0,0
48444000000,4830,48444000000,,0.0,0.23382566831418483,-9.57088404320038,-0.23382566831418483,0.001,0.0,0.0,0.0,0.0,0.0,0
48454000000,4831,48454000000,,0.0,0.13513059353229107,-10.081095066410276,-0.13513059353229107,0.001,0.0,0.0,0.0,0.0,0.0,0
48464000000,4832,48464000000,,0.0,0.03266071898835232,-10.341560229388854,-0.03266071898835232,0.001,0.0,0.0,0.0,0.0,0.0,0
48474000000,4833,48474000000,,0.0,-0.07083440839452049,-10.31135437307211,0.07083440839452049,0.001,0.0,0.0,0.0,0.0,0.0,0
48484000000,4834,48484000000,,0.0,-0.17240109465052011,-9.988279069341012,0.17240109465052011,0.001,0.0,0.0,0.0,0.0,0.0,0
48494000000,4835,48494000000,,0.0,-0.26928413274142127,-9.40878105609751,0.26928413274142127,0.001,0.0,0.0,0.0,0.0,0.0,0
48504000000,4836,48504000000,,0.0,-0.3592365509902029,-8.632489373073433,0.3592365509902029,0.001,0.0,0.0,0.0,0.0,0.0,0
48514000000,4837,48514000000,,0.0,-0.4406434216235029,-7.722963025121972,0.4406434216235029,0.001,0.0,0.0,0.0,0.0,0.0,0
48524000000,4838,48524000000,,0.0,-0.5124835902649627,-6.734937125555153,0.5124835902649627,0.001,0.0,0.0,0.0,0.0,0.0,0
48534000000,4839,48534000000,,0.0,-0.5742121579013544,-5.710105310986091,0.5742121579013544,0.001,0.0,0.0,0.0,0.0,0.0,0
48544000000,4840,48544000000,,0.0,-0.6256336688172501,-4.678284269259977,0.6256336688172501,0.001,0.0,0.0,0.0,0.0,0.0,0
48554000000,4841,48554000000,,0.0,-0.6667995884653104,-3.6604553666775947,0.6667995884653104,0.001,0.0,0.0,0.0,0.0,0.0,0
48564000000,4842,48564000000,,0.0,-0.6979366293106724,-2.671704739561614,0.6979366293106724,0.001,0.0,0.0,0.0,0.0,0.0,0
48574000000,4843,48574000000,,0.0,-0.7194004183917135,-1.7233897273284349,0.7194004183917135,0.001,0.0,0.0,0.0,0.0,0.0,0
48584000000,4844,48584000000,,0.0,-0.7316463475047241,-0.8245113609134238,0.7316463475047241,0.001,0.0,0.0,0.0,0.0,0.0,0
48594000000,4845,48594000000,,0.0,-0.735210644778622,0.017517022305331587,0.735210644778622,0.001,0.0,0.0,0.0,0.0,0.0,0
48604000000,4846,48604000000,,0.0,-0.7306967902003665,0.7965005766117823,0.7306967902003665,0.001,0.0,0.0,0.0,0.0,0.0,0
48614000000,4847,48614000000,,0.0,-0.718764166457623,1.5073379346049256,0.718764166457623,0.001,0.0,0.0,0.0,0.0,0.0,0
48624000000,4848,48624000000,,0.0,-0.7001171381467932,2.146033689136809,0.7001171381467932,0.001,0.0,0.0,0.0,0.0,0.0,0
48634000000,4849,48634000000,,0.0,-0.675493572888012,2.7097813072284014,0.675493572888012,0.001,0.0,0.0,0.0,0.0,0.0,0
48644000000,4850,48644000000,,0.0,-0.6456523668227536,3.1970703981625217,0.6456523668227536,0.001,0.0,0.0,0.0,0.0,0.0,0
48654000000,4851,48654000000,,0.0,-0.6113599331785817,3.6077823901948607,0.6113599331785817,0.001,0.0,0.0,0.0,0.0,0.0,0
48664000000,4852,48664000000,,0.0,-0.5733759515945787,3.9432418340181066,0.5733759515945787,0.001,0.0,0.0,0.0,0.0,0.0,0
48674000000,4853,48674000000,,0.0,-0.5324389923895954,4.2061929248512895,0.5324389923895954,0.001,0.0,0.0,0.0,0.0,0.0,0
48684000000,4854,48684000000,,0.0,-0.48925290175762104,4.4006776933015725,0.48925290175762104,0.001,0.0,0.0,0.0,0.0,0.0,0
48694000000,4855,48694000000,,0.0,-0.4444749965267416,4.531806765703375,0.4444749965267416,0.001,0.0,0.0,0.0,0.0,0.0,0
48704000000,4856,48704000000,,0.0,-0.39870709488319633,4.605434945810691,0.39870709488319633,0.001,0.0,0.0,0.0,0.0,0.0,0
48714000000,4857,48714000000,,0.0,-0.35249015784266824,4.62777705589771,0.35249015784266824,0.001,0.0,0.0,0.0,0.0,0.0,0
48724000000,4858,48724000000,,0.0,-0.3063028595619066,4.60501652440475,0.3063028595619066,0.001,0.0,0.0,0.0,0.0,0.0,0
48734000000,4859,48734000000,,0.0,-0.2605638468133673,4.5429627962908015,0.2605638468133673,0.001,0.0,0.0,0.0,0.0,0.0,0
48744000000,4860,48744000000,,0.0,-0.21563694312807158,4.446801190299328,0.21563694312807158,0.001,0.0,0.0,0.0,0.0,0.0,0
48754000000,4861,48754000000,,0.0,-0.17183824438531126,4.320954451290439,0.17183824438531126,0.001,0.0,0.0,0.0,0.0,0.0,0
48764000000,4862,48764000000,,0.0,-0.1294440118442095,4.169048014980106,0.1294440118442095,0.001,0.0,0.0,0.0,0.0,0.0,0
48774000000,4863,48774000000,,0.0,-0.0886984699721225,3.9939505162155697,0.0886984699721225,0.001,0.0,0.0,0.0,0.0,0.0,0
48784000000,4864,48784000000,,0.0,-0.04982095692883437,3.797853074457095,0.04982095692883437,0.001,0.0,0.0,0.0,0.0,0.0,0
48794000000,4865,48794000000,,0.0,-0.013012241127688284,3.58235537142677,0.013012241127688284,0.001,0.0,0.0,0.0,0.0,0.0,0
48804000000,4866,48804000000,,0.0,0.021540147632846285,3.3485389393879577,-0.021540147632846285,0.001,-0.0,0.0,0.0,0.0,0.0,0
48814000000,4867,48814000000,,0.0,0.053656610914326386,3.097022311212443,-0.053656610914326386,0.001,-0.0,0.0,0.0,0.0,0.0,0
48824000000,4868,48824000000,,0.0,0.08316166047448359,2.828003950244952,-0.08316166047448359,0.001,-0.0,0.0,0.0,0.0,0.0,0
48834000000,4869,48834000000,,0.0,0.10987957752978428,2.5413050459004487,-0.10987957752978428,0.001,-0.0,0.0,0.0,0.0,0.0,0
48844000000,4870,48844000000,,0.0,0.13363104183447394,2.236425643361226,-0.13363104183447394,0.001,-0.0,0.0,0.0,0.0,0.0,0
48854000000,4871,48854000000,,0.0,0.15423033493750005,1.91262584027449,-0.15423033493750005,0.001,-0.0,0.0,0.0,0.0,0.0,0
48864000000,4872,48864000000,,0.0,0.17148354195150883,1.5690408056541405,-0.17148354195150883,0.001,-0.0,0.0,0.0,0.0,0.0,0
48874000000,4873,48874000000,,0.0,0.18518811864376694,1.2048355193215998,-0.18518811864376694,0.001,-0.0,0.0,0.0,0.0,0.0,0
48884000000,4874,48884000000,,0.0,0.19513424281879121,0.8194030110547292,-0.19513424281879121,0.001,-0.0,0.0,0.0,0.0,0.0,0
48894000000,4875,48894000000,,0.0,0.20110839880303022,0.41260843785114787,-0.20110839880303022,0.001,-0.0,0.0,0.0,0.0,0.0,0
48904000000,4876,48904000000,,0.0,0.20289966013877336,-0.01492001318604741,-0.20289966013877336,0.001,0.0,0.0,0.0,0.0,0.0,0
48914000000,4877,48914000000,,0.0,0.20030913414613227,-0.461454713052766,-0.20030913414613227,0.001,0.0,0.0,0.0,0.0,0.0,0
48924000000,4878,48924000000,,0.0,0.19316299534428882,-0.9237927721240711,-0.19316299534428882,0.001,0.0,0.0,0.0,0.0,0.0,0
48934000000,4879,48934000000,,0.0,0.18132942717852796,-1.3968562295689804,-0.18132942717852796,0.001,0.0,0.0,0.0,0.0,0.0,0
48944000000,4880,48944000000,,0.0,0.16473955494146164,-1.8732998453395087,-0.16473955494146164,0.001,0.0,0.0,0.0,0.0,0.0,0
48954000000,4881,48954000000,,0.0,0.14341200808731802,-2.3431828110546267,-0.14341200808731802,0.001,0.0,0.0,0.0,0.0,0.0,0
48964000000,4882,48964000000,,0.0,0.0584666726401748,-9.49687815154423,-0.0584666726401748,0.001,0.0,0.0,0.0,0.0,0.0,0
48974000000,4883,48974000000,,0.0,-0.03461024238875954,-9.34002630934358,0.03461024238875954,0.001,0.0,0.0,0.0,0.0,0.0,0
48984000000,4884,48984000000,,0.0,-0.1330077803391907,-10.396797681070645,0.1330077803391907,0.001,0.0,0.0,0.0,0.0,0.0,0
48994000000,4885,48994000000,,0.0,-0.2426621763527459,-11.082184849569025,0.2426621763527459,0.001,0.0,0.0,0.0,0.0,0.0,0
49004000000,4886,49004000000,,0.0,-0.35175282648312933,-10.74335132304196,0.35175282648312933,0.001,0.0,0.0,0.0,0.0,0.0,0
49014000000,4887,49014000000,,0.0,-0.45664925305324733,-10.264251079699461,0.45664925305324733,0.001,0.0,0.0,0.0,0.0,0.0,0
49024000000,4888,49024000000,,0.0,-0.5561784329341632,-9.68624439618462,0.5561784329341632,0.001,0.0,0.0,0.0,0.0,0.0,0
49034000000,4889,49034000000,,0.0,-0.6495479745913011,-9.043559148786565,0.6495479745913011,0.001,0.0,0.0,0.0,0.0,0.0,0
49044000000,4890,49044000000,,0.0,-0.7362492486478276,-8.359720915590664,0.7362492486478276,0.001,0.0,0.0,0.0,0.0,0.0,0
49054000000,4891,49054000000,,0.0,-0.8159541319633403,-7.648624483687058,0.8159541319633403,0.001,0.0,0.0,0.0,0.0,0.0,0
49064000000,4892,49064000000,,0.0,-0.8884318611354063,-6.916989274051162,0.8884318611354063,0.001,0.0,0.0,0.0,0.0,0.0,0
49074000000,4893,49074000000,,0.0,-0.9534907760020621,-6.166750308329419,0.9534907760020621,0.001,0.0,0.0,0.0,0.0,0.0,0
49084000000,4894,49084000000,,0.0,-1.0109411872045149,-5.3969173009810705,1.0109411872045149,0.001,0.0,0.0,0.0,0.0,0.0,0
49094000000,4895,49094000000,,0.0,-1.060573709805527,-4.60487808043931,1.060573709805527,0.001,0.0,0.0,0.0,0.0,0.0,0
49104000000,4896,49104000000,,0.0,-1.1021481088237648,-3.787263805871188,1.1021481088237648,0.001,0.0,0.0,0.0,0.0,0.0,0
49114000000,4897,49114000000,,0.0,-1.1353889967131918,-2.9405042962794186,1.1353889967131918,0.001,0.0,0.0,0.0,0.0,0.0,0
49124000000,4898,49124000000,,0.0,-1.1599858544713095,-2.061171842274327,1.1599858544713095,0.001,0.0,0.0,0.0,0.0,0.0,0
49134000000,4899,49134000000,,0.0,-1.176689181144357,-2.2457579373099943,1.176689181144357,0.001,0.0,0.0,0.0,0.0,0.0,0
49144000000,4900,49144000000,,0.0,-1.208802175520277,-3.1313242160869046,1.208802175520277,0.001,0.0,0.0,0.0,0.0,0.0,0
49154000000,4901,49154000000,,0.0,-1.2368014939150145,-2.538670358931853,1.2368014939150145,0.001,0.0,0.0,0.0,0.0,0.0,0
49164000000,4902,49164000000,,0.0,-1.259186427867486,-1.9975404548124742,1.259186427867486,0.001,0.0,0.0,0.0,0.0,0.0,0
49174000000,4903,49174000000,,0.0,-1.2762534913520982,-1.4691583788032254,1.2762534913520982,0.001,0.0,0.0,0.0,0.0,0.0,0
49184000000,4904,49184000000,,0.0,-1.288014594184106,-0.9351414397900162,1.288014594184106,0.001,0.0,0.0,0.0,0.0,0.0,0
49194000000,4905,49194000000,,0.0,-1.2943684166193288,-0.3882128835585692,1.2943684166193288,0.001,0.0,0.0,0.0,0.0,0.0,0
49204000000,4906,49204000000,,0.0,-1.29516464676479,0.17519580926531564,1.29516464676479,0.001,0.0,0.0,0.0,0.0,0.0,0
49214000000,4907,49214000000,,0.0,-1.2902245010541806,0.7575652979361727,1.2902245010541806,0.001,0.0,0.0,0.0,0.0,0.0,0
49224000000,4908,49224000000,,0.0,-1.2793453021700723,1.3613128697097467,1.2793453021700723,0.001,0.0,0.0,0.0,0.0,0.0,0
49234000000,4909,49234000000,,0.0,-1.2622977952138488,1.9893729439485157,1.2622977952138488,0.001,0.0,0.0,0.0,0.0,0.0,0
49244000000,4910,49244000000,,0.0,-1.2388178747957337,2.645783213482032,1.2388178747957337,0.001,0.0,0.0,0.0,0.0,0.0,0
49254000000,4911,49254000000,,0.0,-1.2085912100726954,3.3365323836868797,1.2085912100726954,0.001,0.0,0.0,0.0,0.0,0.0,0
49264000000,4912,49264000000,,0.0,-1.171226698564908,4.0709500084131705,1.171226698564908,0.001,0.0,0.0,0.0,0.0,0.0,0
49274000000,4913,49274000000,,0.0,-1.1262109245545666,4.8641243849922144,1.1262109245545666,0.001,0.0,0.0,0.0,0.0,0.0,0
49284000000,4914,49284000000,,0.0,-1.0728283940929453,5.741371056293584,1.0728283940929453,0.001,0.0,0.0,0.0,0.0,0.0,0
49294000000,4915,49294000000,,0.0,-1.010156529433969,6.701470362158806,1.010156529433969,0.001,0.0,0.0,0.0,0.0,0.0,0
49304000000,4916,49304000000,,0.0,-0.9377273685937633,7.690642441378527,0.9377273685937633,0.001,0.0,0.0,0.0,0.0,0.0,0
49314000000,4917,49314000000,,0.0,-0.8552287476656657,8.712553994849705,0.8552287476656657,0.001,0.0,0.0,0.0,0.0,0.0,0
49324000000,4918,49324000000,,0.0,-0.7623260880949063,9.767775857929731,0.7623260880949063,0.001,0.0,0.0,0.0,0.0,0.0,0
49334000000,4919,49334000000,,0.0,-0.658716655232837,10.849138629817523,0.658716655232837,0.001,0.0,0.0,0.0,0.0,0.0,0
49344000000,4920,49344000000,,0.0,-0.5442474295059423,11.933815642246682,0.5442474295059423,0.001,0.0,0.0,0.0,0.0,0.0,0
49354000000,4921,49354000000,,0.0,-0.41913173961925576,12.972031633035684,0.41913173961925576,0.001,0.0,0.0,0.0,0.0,0.0,0
49364000000,4922,49364000000,,0.0,-0.2842799870421038,13.876812843157463,0.2842799870421038,0.001,0.0,0.0,0.0,0.0,0.0,0
49374000000,4923,49374000000,,0.0,-0.1416671651172532,14.528505075946097,0.1416671651172532,0.001,0.0,0.0,0.0,0.0,0.0,0
49384000000,4924,49384000000,,0.0,0.0055149885749354866,14.812043400429397,-0.0055149885749354866,0.001,0.0,0.0,0.0,0.0,0.0,0
49394000000,4925,49394000000,,0.0,0.1532397670725274,14.679206742207073,-0.1532397670725274,0.001,0.0,0.0,0.0,0.0,0.0,0
49404000000,4926,49404000000,,0.0,0.29755560617287014,14.182724656380312,-0.29755560617287014,0.001,0.0,0.0,0.0,0.0,0.0,0
49414000000,4927,49414000000,,0.0,0.4354617446721214,13.443677754561937,-0.4354617446721214,0.001,0.0,0.0,0.0,0.0,0.0,0
49424000000,4928,49424000000,,0.0,0.5652452673608712,12.588456706420637,-0.5652452673608712,0.001,0.0,0.0,0.0,0.0,0.0,0
49434000000,4929,49434000000,,0.0,0.6862887451032975,11.709888555193178,-0.6862887451032975,0.001,0.0,0.0,0.0,0.0,0.0,0
49444000000,4930,49444000000,,0.0,0.7986843715100154,10.861966580856727,-0.7986843715100154,0.001,0.0,0.0,0.0,0.0,0.0,0
49454000000,4931,49454000000,,0.0,0.9028968733654885,10.070123214754002,-0.9028968733654885,0.001,0.0,0.0,0.0,0.0,0.0,0
49464000000,4932,49464000000,,0.0,0.9995434125666058,9.342776234925015,-0.9995434125666058,0.001,0.0,0.0,0.0,0.0,0.0,0
49474000000,4933,49474000000,,0.0,1.0892713522684776,8.67946934804516,-1.0892713522684776,0.001,0.0,0.0,0.0,0.0,0.0,0
49484000000,4934,49484000000,,0.0,1.1726981027635413,8.075645893548124,-1.1726981027635413,0.001,0.0,0.0,0.0,0.0,0.0,0
49494000000,4935,49494000000,,0.0,1.2503854363460576,7.525179543004878,-1.2503854363460576,0.001,0.0,0.0,0.0,0.0,0.0,0
49504000000,4936,49504000000,,0.0,1.3228314017459484,7.021619673578705,-1.3228314017459484,0.001,0.0,0.0,0.0,0.0,0.0,0
49514000000,4937,49514000000,,0.0,1.3904705741195507,6.558755422556918,-1.3904705741195507,0.001,0.0,0.0,0.0,0.0,0.0,0
49524000000,4938,49524000000,,0.0,1.4536778618701236,6.130837247704245,-1.4536778618701236,0.001,0.0,0.0,0.0,0.0,0.0,0
49534000000,4939,49534000000,,0.0,1.5127735278150691,5.732635224720755,-1.5127735278150691,0.001,0.0,0.0,0.0,0.0,0.0,0
49544000000,4940,49544000000,,0.0,1.5680283459197684,5.35942537297184,-1.5680283459197684,0.001,0.0,0.0,0.0,0.0,0.0,0
49554000000,4941,49554000000,,0.0,1.6196684473858785,5.006948845623103,-1.6196684473858785,0.001,0.0,0.0,0.0,0.0,0.0,0
49564000000,4942,49564000000,,0.0,1.667879713305508,4.671364867302795,-1.667879713305508,0.001,0.0,0.0,0.0,0.0,0.0,0
49574000000,4943,49574000000,,0.0,1.7128117065031248,4.349206205486449,-1.7128117065031248,0.001,0.0,0.0,0.0,0.0,0.0,0
49584000000,4944,49584000000,,0.0,1.754581186869574,4.037340032329313,-1.754581186869574,0.001,0.0,0.0,0.0,0.0,0.0,0
49594000000,4945,49594000000,,0.0,1.7932752661481413,3.732934293056819,-1.7932752661481413,0.001,0.0,0.0,0.0,0.0,0.0,0
49604000000,4946,49604000000,,0.0,1.8289542522921476,3.433428594591567,-1.8289542522921476,0.001,0.0,0.0,0.0,0.0,0.0,0
49614000000,4947,49614000000,,0.0,1.8616542216773766,3.1365083540437904,-1.8616542216773766,0.001,0.0,0.0,0.0,0.0,0.0,0
49624000000,4948,49624000000,,0.0,1.8913893453306372,2.840081073210584,-1.8913893453306372,0.001,0.0,0.0,0.0,0.0,0.0,0
49634000000,4949,49634000000,,0.0,1.9181539855547456,2.5422539024811273,-1.9181539855547456,0.001,0.0,0.0,0.0,0.0,0.0,0
49644000000,4950,49644000000,,0.0,1.9419245728440728,2.2413119997273045,-1.9419245728440728,0.001,-0.0,0.0,0.0,0.0,0.0,0
49654000000,4951,49654000000,,0.0,1.9626612698280859,1.9356975076606378,-1.9626612698280859,0.001,-0.0,0.0,0.0,0.0,0.0,0
49664000000,4952,49664000000,,0.0,1.9803094286863363,1.623989229648328,-1.9803094286863363,0.001,-0.0,0.0,0.0,0.0,0.0,0
49674000000,4953,49674000000,,0.0,1.994800850320079,1.3048832606396632,-1.994800850320079,0.001,-0.0,0.0,0.0,0.0,0.0,0
49684000000,4954,49684000000,,0.0,2.006054856694359,0.9771749185537855,-2.006054856694359,0.001,-0.0,0.0,0.0,0.0,0.0,0
49694000000,4955,49694000000,,0.0,2.013979191279855,0.6397423189217843,-2.013979191279855,0.001,-0.0,0.0,0.0,0.0,0.0,0
49704000000,4956,49704000000,,0.0,2.018470765502485,0.29153183982820086,-2.018470765502485,0.001,-0.0,0.0,0.0,0.0,0.0,0
49714000000,4957,49714000000,,0.0,2.0194162706098204,-0.06845446641096925,-2.0194162706098204,0.001,0.0,0.0,0.0,0.0,0.0,0
49724000000,4958,49724000000,,0.0,2.01669267342713,-0.4411697459263242,-2.01669267342713,0.001,0.0,0.0,0.0,0.0,0.0,0
49734000000,4959,49734000000,,0.0,2.0101676101156976,-0.8275321194922921,-2.0101676101156976,0.001,0.0,0.0,0.0,0.0,0.0,0
49744000000,4960,49744000000,,0.0,1.9996996832221328,-1.2284344766638293,-1.9996996832221328,0.001,0.0,0.0,0.0,0.0,0.0,0
49754000000,4961,49754000000,,0.0,1.9851386529058104,-1.644756011965599,-1.9851386529058104,0.001,0.0,0.0,0.0,0.0,0.0,0
49764000000,4962,49764000000,,0.0,1.966325492106936,-2.077377948996569,-1.966325492106936,0.001,0.0,0.0,0.0,0.0,0.0,0
49774000000,4963,49774000000,,0.0,1.9430922465750253,-2.527206704293012,-1.9430922465750253,0.001,0.0,0.0,0.0,0.0,0.0,0
49784000000,4964,49784000000,,0.0,1.9152616036057157,-2.995208566481911,-1.9152616036057157,0.001,0.0,0.0,0.0,0.0,0.0,0
49794000000,4965,49794000000,,0.0,1.8826460284163495,-3.482460700087083,-1.8826460284163495,0.001,0.0,0.0,0.0,0.0,0.0,0
49804000000,4966,49804000000,,0.0,1.8450462759592643,-3.9902237915792624,-1.8450462759592643,0.001,0.0,0.0,0.0,0.0,0.0,0
49814000000,4967,49814000000,,0.0,1.8022490316744388,-4.520041802913677,-1.8022490316744388,0.001,0.0,0.0,0.0,0.0,0.0,0
49824000000,4968,49824000000,,0.0,1.754023381189871,-5.07387396438384,-1.754023381189871,0.001,0.0,0.0,0.0,0.0,0.0,0
49834000000,4969,49834000000,,0.0,1.700115762511988,-5.654263324995674,-1.700115762511988,0.001,0.0,0.0,0.0,0.0,0.0,0
49844000000,4970,49844000000,,0.0,1.6402430170638649,-6.264544738228666,-1.6402430170638649,0.001,0.0,0.0,0.0,0.0,0.0,0
49854000000,4971,49854000000,,0.0,1.574083140243534,-6.909092869021626,-1.574083140243534,0.001,0.0,0.0,0.0,0.0,0.0,0
49864000000,4972,49864000000,,0.0,1.5012633462631726,-7.593606542885953,-1.5012633462631726,0.001,0.0,0.0,0.0,0.0,0.0,0
49874000000,4973,49874000000,,0.0,1.4213451460624924,-8.325415967644231,-1.4213451460624924,0.001,0.0,0.0,0.0,0.0,0.0,0
49884000000,4974,49884000000,,0.0,1.3338063858901403,-9.113775375647549,-1.3338063858901403,0.001,0.0,0.0,0.0,0.0,0.0,0
49894000000,4975,49894000000,,0.0,1.2380208506337773,-9.97004459147471,-1.2380208506337773,0.001,0.0,0.0,0.0,0.0,0.0,0
49904000000,4976,49904000000,,0.0,1.1332376797922983,-10.907521603833597,-1.1332376797922983,0.001,0.0,0.0,0.0,0.0,0.0,0
49914000000,4977,49914000000,,0.0,1.120575375403008,1.725944012122655,-1.120575375403008,0.001,-0.0,0.0,0.0,0.0,0.0,0
49924000000,4978,49924000000,,0.0,1.137559623964279,1.4830315212680072,-1.137559623964279,0.001,-0.0,0.0,0.0,0.0,0.0,0
49934000000,4979,49934000000,,0.0,1.1496270803876385,0.9814629583819217,-1.1496270803876385,0.001,-0.0,0.0,0.0,0.0,0.0,0
49944000000,4980,49944000000,,0.0,1.156697401059561,0.4826376772871039,-1.156697401059561,0.001,-0.0,0.0,0.0,0.0,0.0,0
49954000000,4981,49954000000,,0.0,1.1587799952549362,-0.01643724540347874,-1.1587799952549362,0.001,0.0,0.0,0.0,0.0,0.0,0
49964000000,4982,49964000000,,0.0,1.155860266984086,-0.517929805080075,-1.155860266984086,0.001,0.0,0.0,0.0,0.0,0.0,0
49974000000,4983,49974000000,,0.0,1.1479026100141807,-1.0239152907151572,-1.1479026100141807,0.001,0.0,0.0,0.0,0.0,0.0,0
49984000000,4984,49984000000,,0.0,1.1431114970993432,-0.1867152102722841,-1.1431114970993432,0.001,0.0,0.0,0.0,0.0,0.0,0
49994000000,4985,49994000000,,0.0,1.1406649124373045,-0.2971319245177415,-1.1406649124373045,0.001,0.0,0.0,0.0,0.0,0.0,0
50004000000,4986,50004000000,,0.0,1.1371652887873838,-0.3773272721462123,-1.1371652887873838,0.001,0.0,0.0,0.0,0.0,0.0,0
50014000000,4987,50014000000,,0.0,1.13339848252103,-0.37169262979934786,-1.13339848252103,0.001,0.0,0.0,0.0,0.0,0.0,0
50024000000,4988,50024000000,,0.0,1.1297447986354703,-0.3600983901278373,-1.1297447986354703,0.001,0.0,0.0,0.0,0.0,0.0,0
50034000000,4989,50034000000,,0.0,1.1261924803609658,-0.3507911560635843,-1.1261924803609658,0.001,0.0,0.0,0.0,0.0,0.0,0
50044000000,4990,50044000000,,0.0,1.1227331426692198,-0.3412031734136106,-1.1227331426692198,0.001,0.0,0.0,0.0,0.0,0.0,0
50054000000,4991,50054000000,,0.0,1.1193773908302704,-0.33012503785879765,-1.1193773908302704,0.001,0.0,0.0,0.0,0.0,0.0,0
50064000000,4992,50064000000,,0.0,1.116142207717087,-0.3172493808844327,-1.116142207717087,0.001,0.0,0.0,0.0,0.0,0.0,0
50074000000,4993,50074000000,,0.0,1.1130458781456385,-0.30253791758335197,-1.1130458781456385,0.001,0.0,0.0,0.0,0.0,0.0,0
50084000000,4994,50084000000,,0.0,1.1101066208981285,-0.28602119555888816,-1.1101066208981285,0.001,0.0,0.0,0.0,0.0,0.0,0
50094000000,4995,50094000000,,0.0,1.1073421975758384,-0.26775512166251225,-1.1073421975758384,0.001,0.0,0.0,0.0,0.0,0.0,0
50104000000,4996,50104000000,,0.0,1.1047697071175095,-0.24781420818875818,-1.1047697071175095,0.001,0.0,0.0,0.0,0.0,0.0,0
50114000000,4997,50114000000,,0.0,1.102405404489489,-0.22629093356699106,-1.102405404489489,0.001,0.0,0.0,0.0,0.0,0.0,0
50124000000,4998,50124000000,,0.0,1.1002645222449496,-0.2032954804387601,-1.1002645222449496,0.001,0.0,0.0,0.0,0.0,0.0,0
50134000000,4999,50134000000,,0.0,1.098361096552412,-0.17895511889092733,-1.098361096552412,0.001,0.0,0.0,0.0,0.0,0.0,0
50144000000,5000,50144000000,,0.0,1.0967078014566942,-0.15341321883635972,-1.0967078014566942,0.001,0.0,0.0,0.0,0.0,0.0,0
50154000000,5001,50154000000,,0.0,1.095315794911655,-0.12682792098723678,-1.095315794911655,0.001,0.0,0.0,0.0,0.0,0.0,0
50164000000,5002,50164000000,,0.0,1.094194600110069,-0.09936452312323216,-1.094194600110069,0.001,0.0,0.0,0.0,0.0,0.0,0
50174000000,5003,50174000000,,0.0,1.0933520102620333,-0.07121121515895103,-1.0933520102620333,0.001,0.0,0.0,0.0,0.0,0.0,0
50184000000,5004,50184000000,,0.0,1.0927938170002642,-0.04256473015068099,-1.0927938170002642,0.001,0.0,0.0,0.0,0.0,0.0,0
50194000000,5005,50194000000,,0.0,1.0925241618114176,-0.013533684368556655,-1.0925241618114176,0.001,0.0,0.0,0.0,0.0,0.0,0
50204000000,5006,50204000000,,0.0,1.0924928794253335,-0.0014436026715047821,-1.0924928794253335,0.001,0.0,0.0,0.0,0.0,0.0,0
50214000000,5007,50214000000,,0.0,1.0924762544832154,-0.0010891161218221116,-1.0924762544832154,0.001,0.0,0.0,0.0,0.0,0.0,0
50224000000,5008,50224000000,,0.0,1.0924682108215693,-0.00021682001346022724,-1.0924682108215693,0.001,0.0,0.0,0.0,0.0,0.0,0
50234000000,5009,50234000000,,0.0,1.0924659437707893,0.0001291996409526699,-1.0924659437707893,0.001,0.0,0.0,0.0,0.0,0.0,0
50244000000,5010,50244000000,,0.0,1.0924654042144413,0.0002041917894049894,-1.0924654042144413,0.001,0.0,0.0,0.0,0.0,0.0,0
50254000000,5011,50254000000,,0.0,1.0924651415718616,0.00020996784950464006,-1.0924651415718616,0.001,0.0,0.0,0.0,0.0,0.0,0
50264000000,5012,50264000000,,0.0,1.0924648720570262,0.00020740935228152622,-1.0924648720570262,0.001,0.0,0.0,0.0,0.0,0.0,0
50274000000,5013,50274000000,,0.0,1.092464583018276,0.0002061419900661106,-1.092464583018276,0.001,0.0,0.0,0.0,0.0,0.0,0
50284000000,5014,50284000000,,0.0,1.0924642874641952,0.00020585016825735913,-1.0924642874641952,0.001,0.0,0.0,0.0,0.0,0.0,0
50294000000,5015,50294000000,,0.0,1.0924639908070573,0.00020582524043367834,-1.0924639908070573,0.001,0.0,0.0,0.0,0.0,0.0,0
50304000000,5016,50304000000,,0.0,1.0924636941635741,0.00020583454930531806,-1.0924636941635741,0.001,0.0,0.0,0.0,0.0,0.0,0
50314000000,5017,50314000000,,0.0,1.0924633975938773,0.00020583939165852203,-1.0924633975938773,0.001,0.0,0.0,0.0,0.0,0.0,0
50324000000,5018,50324000000,,0.0,1.092463101049618,0.00020584049906499847,-1.092463101049618,0.001,0.0,0.0,0.0,0.0,0.0,0
50334000000,5019,50334000000,,0.0,1.092462804509771,0.00020584055247006475,-1.092462804509771,0.001,0.0,0.0,0.0,0.0,0.0,0
50344000000,5020,50344000000,,0.0,1.092462507969855,0.00020584046275989856,-1.092462507969855,0.001,0.0,0.0,0.0,0.0,0.0,0
50354000000,5021,50354000000,,0.0,1.0924622114295834,0.0002058403878135724,-1.0924622114295834,0.001,0.0,0.0,0.0,0.0,0.0,0
50364000000,5022,50364000000,,0.0,1.0924619148891326,0.0002058403274961649,-1.0924619148891326,0.001,0.0,0.0,0.0,0.0,0.0,0
50374000000,5023,50374000000,,0.0,1.0924616183485876,0.00020584027097235813,-1.0924616183485876,0.001,0.0,0.0,0.0,0.0,0.0,0
50384000000,5024,50384000000,,0.0,1.0924613218079626,0.00020584021503578567,-1.0924613218079626,0.001,0.0,0.0,0.0,0.0,0.0,0
50394000000,5025,50394000000,,0.0,1.0924610252672613,0.0002058401594078802,-1.0924610252672613,0.001,0.0,0.0,0.0,0.0,0.0,0
50404000000,5026,50404000000,,0.0,1.09246072872648,0.00020584010347001058,-1.09246072872648,0.001,0.0,0.0,0.0,0.0,0.0,0
50414000000,5027,50414000000,,0.0,1.0924604321856242,0.00020584004758422578,-1.0924604321856242,0.001,0.0,0.0,0.0,0.0,0.0,0
50424000000,5028,50424000000,,0.0,1.0924601356446884,0.00020583999150412623,-1.0924601356446884,0.001,0.0,0.0,0.0,0.0,0.0,0
50434000000,5029,50434000000,,0.0,1.0924598391036726,0.00020583993575115699,-1.0924598391036726,0.001,0.0,0.0,0.0,0.0,0.0,0
50444000000,5030,50444000000,,0.0,1.0924595425625823,0.00020583987989621346,-1.0924595425625823,0.001,0.0,0.0,0.0,0.0,0.0,0
50454000000,5031,50454000000,,0.0,1.092459246021412,0.00020583982387824108,-1.092459246021412,0.001,0.0,0.0,0.0,0.0,0.0,0
50464000000,5032,50464000000,,0.0,1.0924589494801635,0.00020583976789182988,-1.0924589494801635,0.001,0.0,0.0,0.0,0.0,0.0,0
50474000000,5033,50474000000,,0.0,1.092458652938837,0.00020583971208507881,-1.092458652938837,0.001,0.0,0.0,0.0,0.0,0.0,0
50484000000,5034,50484000000,,0.0,1.0924583563974304,0.000205839656182027,-1.0924583563974304,0.001,0.0,0.0,0.0,0.0,0.0,0
50494000000,5035,50494000000,,0.0,1.0924580598559475,0.000205839600284119,-1.0924580598559475,0.001,0.0,0.0,0.0,0.0,0.0,0
50504000000,5036,50504000000,,0.0,1.0924577633143864,0.00020583954435136038,-1.0924577633143864,0.001,0.0,0.0,0.0,0.0,0.0,0
50514000000,5037,50514000000,,0.0,1.0924574667727471,0.00020583948826839228,-1.0924574667727471,0.001,0.0,0.0,0.0,0.0,0.0,0
50524000000,5038,50524000000,,0.0,1.0924571702310297,0.00020583943242069225,-1.0924571702310297,0.001,0.0,0.0,0.0,0.0,0.0,0
50534000000,5039,50534000000,,0.0,1.0924568736892324,0.00020583937665392843,-1.0924568736892324,0.001,0.0,0.0,0.0,0.0,0.0,0
50544000000,5040,50544000000,,0.0,1.0924565771473587,0.00020583932058953935,-1.0924565771473587,0.001,0.0,0.0,0.0,0.0,0.0,0
50554000000,5041,50554000000,,0.0,1.0924562806054068,0.00020583926471907753,-1.0924562806054068,0.001,0.0,0.0,0.0,0.0,0.0,0
50564000000,5042,50564000000,,0.0,1.092455984063375,0.00020583920878983463,-1.092455984063375,0.001,0.0,0.0,0.0,0.0,0.0,0
50574000000,5043,50574000000,,0.0,1.0924556875212685,0.0002058391529613381,-1.0924556875212685,0.001,0.0,0.0,0.0,0.0,0.0,0
50584000000,5044,50584000000,,0.0,1.0924553909790804,0.000205839096775987,-1.0924553909790804,0.001,0.0,0.0,0.0,0.0,0.0,0
50594000000,5045,50594000000,,0.0,1.0924550944368159,0.0002058390410454021,-1.0924550944368159,0.001,0.0,0.0,0.0,0.0,0.0,0
50604000000,5046,50604000000,,0.0,1.0924547978944714,0.00020583898509290405,-1.0924547978944714,0.001,0.0,0.0,0.0,0.0,0.0,0
50614000000,5047,50614000000,,0.0,1.0924545013520506,0.00020583892907585595,-1.0924545013520506,0.001,0.0,0.0,0.0,0.0,0.0,0
50624000000,5048,50624000000,,0.0,1.0924542048095516,0.00020583887338463227,-1.0924542048095516,0.001,0.0,0.0,0.0,0.0,0.0,0
50634000000,5049,50634000000,,0.0,1.0924539082669726,0.00020583881722899204,-1.0924539082669726,0.001,0.0,0.0,0.0,0.0,0.0,0
50644000000,5050,50644000000,,0.0,1.0924536117243173,0.00020583876144072088,-1.0924536117243173,0.001,0.0,0.0,0.0,0.0,0.0,0
50654000000,5051,50654000000,,0.0,1.0924533151815838,0.00020583870560207597,-1.0924533151815838,0.001,0.0,0.0,0.0,0.0,0.0,0
50664000000,5052,50664000000,,0.0,1.0924530186387722,0.00020583864952174337,-1.0924530186387722,0.001,0.0,0.0,0.0,0.0,0.0,0
50674000000,5053,50674000000,,0.0,1.0924527220958824,0.00020583859356831084,-1.0924527220958824,0.001,0.0,0.0,0.0,0.0,0.0,0
50684000000,5054,50684000000,,0.0,1.0924524255529127,0.00020583853777563787,-1.0924524255529127,0.001,0.0,0.0,0.0,0.0,0.0,0
50694000000,5055,50694000000,,0.0,1.0924521290098648,0.00020583848183965595,-1.0924521290098648,0.001,0.0,0.0,0.0,0.0,0.0,0
50704000000,5056,50704000000,,0.0,1.0924518324667405,0.00020583842581283545,-1.0924518324667405,0.001,0.0,0.0,0.0,0.0,0.0,0
50714000000,5057,50714000000,,0.0,1.092451535923538,0.00020583836999931744,-1.092451535923538,0.001,0.0,0.0,0.0,0.0,0.0,0
50724000000,5058,50724000000,,0.0,1.0924512393802575,0.00020583831408302675,-1.0924512393802575,0.001,0.0,0.0,0.0,0.0,0.0,0
50734000000,5059,50734000000,,0.0,1.092450942836897,0.000205838258329901,-1.092450942836897,0.001,0.0,0.0,0.0,0.0,0.0,0
50744000000,5060,50744000000,,0.0,1.09245064629346,0.00020583820233921246,-1.09245064629346,0.001,0.0,0.0,0.0,0.0,0.0,0
50754000000,5061,50754000000,,0.0,1.0924503497499432,0.00020583814630439136,-1.0924503497499432,0.001,0.0,0.0,0.0,0.0,0.0,0
50764000000,5062,50764000000,,0.0,1.09245005320635,0.0002058380904063354,-1.09245005320635,0.001,0.0,0.0,0.0,0.0,0.0,0
50774000000,5063,50774000000,,0.0,1.0924497566626785,0.0002058380344631219,-1.0924497566626785,0.001,0.0,0.0,0.0,0.0,0.0,0
50784000000,5064,50784000000,,0.0,1.0924494601189272,0.00020583797851596742,-1.0924494601189272,0.001,0.0,0.0,0.0,0.0,0.0,0
50794000000,5065,50794000000,,0.0,1.0924491635750977,0.00020583792258181167,-1.0924491635750977,0.001,0.0,0.0,0.0,0.0,0.0,0
50804000000,5066,50804000000,,0.0,1.0924488670311918,0.00020583786664099063,-1.0924488670311918,0.001,0.0,0.0,0.0,0.0,0.0,0
50814000000,5067,50814000000,,0.0,1.0924485704872078,0.00020583781068432216,-1.0924485704872078,0.001,0.0,0.0,0.0,0.0,0.0,0
50824000000,5068,50824000000,,0.0,1.0924482739431438,0.00020583775493146264,-1.0924482739431438,0.001,0.0,0.0,0.0,0.0,0.0,0
50834000000,5069,50834000000,,0.0,1.0924479773990017,0.00020583769897020783,-1.0924479773990017,0.001,0.0,0.0,0.0,0.0,0.0,0
50844000000,5070,50844000000,,0.0,1.0924476808547832,0.00020583764313316895,-1.0924476808547832,0.001,0.0,0.0,0.0,0.0,0.0,0
50854000000,5071,50854000000,,0.0,1.0924473843104865,0.00020583758708931342,-1.0924473843104865,0.001,0.0,0.0,0.0,0.0,0.0,0
50864000000,5072,50864000000,,0.0,1.0924470877661099,0.00020583753128099798,-1.0924470877661099,0.001,0.0,0.0,0.0,0.0,0.0,0
50874000000,5073,50874000000,,0.0,1.0924467912216569,0.00020583747519736998,-1.0924467912216569,0.001,0.0,0.0,0.0,0.0,0.0,0
50884000000,5074,50884000000,,0.0,1.0924464946771222,0.00020583741942999532,-1.0924464946771222,0.001,0.0,0.0,0.0,0.0,0.0,0
50894000000,5075,50894000000,,0.0,1.0924461981325129,0.0002058373634940112,-1.0924461981325129,0.001,0.0,0.0,0.0,0.0,0.0,0
50904000000,5076,50904000000,,0.0,1.0924459015878236,0.0002058373075845243,-1.0924459015878236,0.001,0.0,0.0,0.0,0.0,0.0,0
50914000000,5077,50914000000,,0.0,1.092445605043058,0.0002058372516947537,-1.092445605043058,0.001,0.0,0.0,0.0,0.0,0.0,0
50924000000,5078,50924000000,,0.0,1.0924453084982124,0.0002058371955949486,-1.0924453084982124,0.001,0.0,0.0,0.0,0.0,0.0,0
50934000000,5079,50934000000,,0.0,1.0924450119532887,0.00020583713968652136,-1.0924450119532887,0.001,0.0,0.0,0.0,0.0,0.0,0
50944000000,5080,50944000000,,0.0,1.0924447154082886,0.00020583708375544757,-1.0924447154082886,0.001,0.0,0.0,0.0,0.0,0.0,0
50954000000,5081,50954000000,,0.0,1.0924444188632103,0.00020583702797906877,-1.0924444188632103,0.001,0.0,0.0,0.0,0.0,0.0,0
50964000000,5082,50964000000,,0.0,1.092444122318052,0.0002058369719778959,-1.092444122318052,0.001,0.0,0.0,0.0,0.0,0.0,0
50974000000,5083,50974000000,,0.0,1.0924438257728157,0.00020583691618762887,-1.0924438257728157,0.001,0.0,0.0,0.0,0.0,0.0,0
50984000000,5084,50984000000,,0.0,1.0924435292275012,0.00020583686003134043,-1.0924435292275012,0.001,0.0,0.0,0.0,0.0,0.0,0
50994000000,5085,50994000000,,0.0,1.0924432326821085,0.0002058368041932858,-1.0924432326821085,0.001,0.0,0.0,0.0,0.0,0.0,0
51004000000,5086,51004000000,,0.0,1.0924429361366395,0.00020583674822014964,-1.0924429361366395,0.001,0.0,0.0,0.0,0.0,0.0,0
51014000000,5087,51014000000,,0.0,1.0924426395910904,0.0002058366924994464,-1.0924426395910904,0.001,0.0,0.0,0.0,0.0,0.0,0
51024000000,5088,51024000000,,0.0,1.092442343045465,0.00020583663651715494,-1.092442343045465,0.001,0.0,0.0,0.0,0.0,0.0,0
51034000000,5089,51034000000,,0.0,1.0924420464997615,0.0002058365805784964,-1.0924420464997615,0.001,0.0,0.0,0.0,0.0,0.0,0
51044000000,5090,51044000000,,0.0,1.0924417499539762,0.00020583652467175107,-1.0924417499539762,0.001,0.0,0.0,0.0,0.0,0.0,0
51054000000,5091,51054000000,,0.0,1.0924414534081146,0.00020583646881705304,-1.0924414534081146,0.001,0.0,0.0,0.0,0.0,0.0,0
51064000000,5092,51064000000,,0.0,1.0924411568621766,0.0002058364129090488,-1.0924411568621766,0.001,0.0,0.0,0.0,0.0,0.0,0
51074000000,5093,51074000000,,0.0,1.0924408603161586,0.00020583635687334206,-1.0924408603161586,0.001,0.0,0.0,0.0,0.0,0.0,0
51084000000,5094,51084000000,,0.0,1.0924405637700625,0.00020583630107841782,-1.0924405637700625,0.001,0.0,0.0,0.0,0.0,0.0,0
51094000000,5095,51094000000,,0.0,1.0924402672238882,0.00020583624502517944,-1.0924402672238882,0.001,0.0,0.0,0.0,0.0,0.0,0
51104000000,5096,51104000000,,0.0,1.0924399706776358,0.00020583618909204897,-1.0924399706776358,0.001,0.0,0.0,0.0,0.0,0.0,0
51114000000,5097,51114000000,,0.0,1.092439674131307,0.00020583613330375352,-1.092439674131307,0.001,0.0,0.0,0.0,0.0,0.0,0
51124000000,5098,51124000000,,0.0,1.0924393775848982,0.00020583607744152372,-1.0924393775848982,0.001,0.0,0.0,0.0,0.0,0.0,0
51134000000,5099,51134000000,,0.0,1.0924390810384113,0.00020583602145872503,-1.0924390810384113,0.001,0.0,0.0,0.0,0.0,0.0,0
51144000000,5100,51144000000,,0.0,1.0924387844918462,0.00020583596564313799,-1.0924387844918462,0.001,0.0,0.0,0.0,0.0,0.0,0
51154000000,5101,51154000000,,0.0,1.092438487945203,0.00020583590958883039,-1.092438487945203,0.001,0.0,0.0,0.0,0.0,0.0,0
51164000000,5102,51164000000,,0.0,1.0924381913984833,0.0002058358537389278,-1.0924381913984833,0.001,0.0,0.0,0.0,0.0,0.0,0
51174000000,5103,51174000000,,0.0,1.0924378948516837,0.00020583579778572485,-1.0924378948516837,0.001,0.0,0.0,0.0,0.0,0.0,0
51184000000,5104,51184000000,,0.0,1.092437598304806,0.00020583574182909704,-1.092437598304806,0.001,0.0,0.0,0.0,0.0,0.0,0
51194000000,5105,51194000000,,0.0,1.0924373017578501,0.00020583568592110927,-1.0924373017578501,0.001,0.0,0.0,0.0,0.0,0.0,0
51204000000,5106,51204000000,,0.0,1.092437005210816,0.00020583562982798352,-1.092437005210816,0.001,0.0,0.0,0.0,0.0,0.0,0
51214000000,5107,51214000000,,0.0,1.0924367086637057,0.00020583557402641722,-1.0924367086637057,0.001,0.0,0.0,0.0,0.0,0.0,0
51224000000,5108,51224000000,,0.0,1.0924364121165153,0.00020583551809697659,-1.0924364121165153,0.001,0.0,0.0,0.0,0.0,0.0,0
51234000000,5109,51234000000,,0.0,1.0924361155692468,0.00020583546212209767,-1.0924361155692468,0.001,0.0,0.0,0.0,0.0,0.0,0
51244000000,5110,51244000000,,0.0,1.0924358190219001,0.0002058354063802492,-1.0924358190219001,0.001,0.0,0.0,0.0,0.0,0.0,0
51254000000,5111,51254000000,,0.0,1.0924355224744753,0.00020583535035263088,-1.0924355224744753,0.001,0.0,0.0,0.0,0.0,0.0,0
51264000000,5112,51264000000,,0.0,1.092435225926974,0.0002058352942954429,-1.092435225926974,0.001,0.0,0.0,0.0,0.0,0.0,0
51274000000,5113,51274000000,,0.0,1.0924349293793911,0.00020583523847632232,-1.0924349293793911,0.001,0.0,0.0,0.0,0.0,0.0,0
51284000000,5114,51284000000,,0.0,1.0924346328317318,0.00020583518281639264,-1.0924346328317318,0.001,0.0,0.0,0.0,0.0,0.0,0
51294000000,5115,51294000000,,0.0,1.092434336283996,0.0002058351267071513,-1.092434336283996,0.001,0.0,0.0,0.0,0.0,0.0,0
51304000000,5116,51304000000,,0.0,1.0924340397361805,0.00020583507076879173,-1.0924340397361805,0.001,0.0,0.0,0.0,0.0,0.0,0
51314000000,5117,51314000000,,0.0,1.0924337431882867,0.00020583501503059496,-1.0924337431882867,0.001,0.0,0.0,0.0,0.0,0.0,0
51324000000,5118,51324000000,,0.0,1.0924334466403147,0.00020583495904802582,-1.0924334466403147,0.001,0.0,0.0,0.0,0.0,0.0,0
51334000000,5119,51334000000,,0.0,1.0924331500922646,0.00020583490309008094,-1.0924331500922646,0.001,0.0,0.0,0.0,0.0,0.0,0
51344000000,5120,51344000000,,0.0,1.0924328535441363,0.000205834847068007,-1.0924328535441363,0.001,0.0,0.0,0.0,0.0,0.0,0
51354000000,5121,51354000000,,0.0,1.09243255699593,0.00020583479137462537,-1.09243255699593,0.001,0.0,0.0,0.0,0.0,0.0,0
51364000000,5122,51364000000,,0.0,1.0924322604476453,0.00020583473534776,-1.0924322604476453,0.001,0.0,0.0,0.0,0.0,0.0,0
51374000000,5123,51374000000,,0.0,1.0924319638992825,0.00020583467946567376,-1.0924319638992825,0.001,0.0,0.0,0.0,0.0,0.0,0
51384000000,5124,51384000000,,0.0,1.0924316673508416,0.00020583462361551587,-1.0924316673508416,0.001,0.0,0.0,0.0,0.0,0.0,0
51394000000,5125,51394000000,,0.0,1.0924313708023226,0.00020583456754015355,-1.0924313708023226,0.001,0.0,0.0,0.0,0.0,0.0,0
51404000000,5126,51404000000,,0.0,1.0924310742537253,0.00020583451157019005,-1.0924310742537253,0.001,0.0,0.0,0.0,0.0,0.0,0
51414000000,5127,51414000000,,0.0,1.09243077770505,0.00020583445559306502,-1.09243077770505,0.001,0.0,0.0,0.0,0.0,0.0,0
51424000000,5128,51424000000,,0.0,1.0924304811562964,0.0002058343998689123,-1.0924304811562964,0.001,0.0,0.0,0.0,0.0,0.0,0
51434000000,5129,51434000000,,0.0,1.0924301846074647,0.00020583434386084738,-1.0924301846074647,0.001,0.0,0.0,0.0,0.0,0.0,0
51444000000,5130,51444000000,,0.0,1.0924298880585548,0.0002058342880469071,-1.0924298880585548,0.001,0.0,0.0,0.0,0.0,0.0,0
51454000000,5131,51454000000,,0.0,1.0924295915095668,0.0002058342321479644,-1.0924295915095668,0.001,0.0,0.0,0.0,0.0,0.0,0
51464000000,5132,51464000000,,0.0,1.0924292949605023,0.00020583417602382234,-1.0924292949605023,0.001,0.0,0.0,0.0,0.0,0.0,0
51474000000,5133,51474000000,,0.0,1.092428998411358,0.0002058341202965889,-1.092428998411358,0.001,0.0,0.0,0.0,0.0,0.0,0
51484000000,5134,51484000000,,0.0,1.0924287018621337,0.0002058340641423292,-1.0924287018621337,0.001,0.0,0.0,0.0,0.0,0.0,0
51494000000,5135,51494000000,,0.0,1.092428405312833,0.00020583400838633105,-1.092428405312833,0.001,0.0,0.0,0.0,0.0,0.0,0
51504000000,5136,51504000000,,0.0,1.0924281087634542,0.00020583395253438727,-1.0924281087634542,0.001,0.0,0.0,0.0,0.0,0.0,0
51514000000,5137,51514000000,,0.0,1.0924278122139972,0.00020583389663253096,-1.0924278122139972,0.001,0.0,0.0,0.0,0.0,0.0,0
51524000000,5138,51524000000,,0.0,1.092427515664462,0.00020583384071846844,-1.092427515664462,0.001,0.0,0.0,0.0,0.0,0.0,0
51534000000,5139,51534000000,,0.0,1.0924272191148487,0.00020583378484935328,-1.0924272191148487,0.001,0.0,0.0,0.0,0.0,0.0,0
51544000000,5140,51544000000,,0.0,1.0924269225651573,0.00020583372885363139,-1.0924269225651573,0.001,0.0,0.0,0.0,0.0,0.0,0
51554000000,5141,51554000000,,0.0,1.0924266260153876,0.00020583367296910356,-1.0924266260153876,0.001,0.0,0.0,0.0,0.0,0.0,0
51564000000,5142,51564000000,,0.0,1.0924263294655399,0.0002058336170272197,-1.0924263294655399,0.001,0.0,0.0,0.0,0.0,0.0,0
51574000000,5143,51574000000,,0.0,1.0924260329156157,0.0002058335610724336,-1.0924260329156157,0.001,0.0,0.0,0.0,0.0,0.0,0
51584000000,5144,51584000000,,0.0,1.0924257363656098,0.00020583350505385927,-1.0924257363656098,0.001,0.0,0.0,0.0,0.0,0.0,0
51594000000,5145,51594000000,,0.0,1.0924254398155293,0.00020583344928286015,-1.0924254398155293,0.001,0.0,0.0,0.0,0.0,0.0,0
51604000000,5146,51604000000,,0.0,1.092425143265367,0.000205833393183331,-1.092425143265367,0.001,0.0,0.0,0.0,0.0,0.0,0
51614000000,5147,51614000000,,0.0,1.0924248467151303,0.00020583333747001812,-1.0924248467151303,0.001,0.0,0.0,0.0,0.0,0.0,0
51624000000,5148,51624000000,,0.0,1.0924245501648118,0.00020583328136854483,-1.0924245501648118,0.001,0.0,0.0,0.0,0.0,0.0,0
51634000000,5149,51634000000,,0.0,1.0924242536144169,0.0002058332255204028,-1.0924242536144169,0.001,0.0,0.0,0.0,0.0,0.0,0
51644000000,5150,51644000000,,0.0,1.0924239570639438,0.00020583316965630966,-1.0924239570639438,0.001,0.0,0.0,0.0,0.0,0.0,0
51654000000,5151,51654000000,,0.0,1.0924236605133926,0.00020583311376757906,-1.0924236605133926,0.001,0.0,0.0,0.0,0.0,0.0,0
51664000000,5152,51664000000,,0.0,1.0924233639627632,0.000205833057908083,-1.0924233639627632,0.001,0.0,0.0,0.0,0.0,0.0,0
51674000000,5153,51674000000,,0.0,1.0924230674120556,0.00020583300191055702,-1.0924230674120556,0.001,0.0,0.0,0.0,0.0,0.0,0
51684000000,5154,51684000000,,0.0,1.09242277086127,0.0002058329459233307,-1.09242277086127,0.001,0.0,0.0,0.0,0.0,0.0,0
51694000000,5155,51694000000,,0.0,1.092422474310406,0.00020583289021924059,-1.092422474310406,0.001,0.0,0.0,0.0,0.0,0.0,0
51704000000,5156,51704000000,,0.0,1.092422177759464,0.00020583283414657514,-1.092422177759464,0.001,0.0,0.0,0.0,0.0,0.0,0
51714000000,5157,51714000000,,0.0,1.0924218812084439,0.0002058327782728107,-1.0924218812084439,0.001,0.0,0.0,0.0,0.0,0.0,0
51724000000,5158,51724000000,,0.0,1.0924215846573455,0.00020583272220649212,-1.0924215846573455,0.001,0.0,0.0,0.0,0.0,0.0,0
51734000000,5159,51734000000,,0.0,1.092421288106169,0.00020583266645633533,-1.092421288106169,0.001,0.0,0.0,0.0,0.0,0.0,0
51744000000,5160,51744000000,,0.0,1.0924209915549126,0.0002058326105072194,-1.0924209915549126,0.001,0.0,0.0,0.0,0.0,0.0,0
51754000000,5161,51754000000,,0.0,1.0924206950035797,0.00020583255456316896,-1.0924206950035797,0.001,0.0,0.0,0.0,0.0,0.0,0
51764000000,5162,51764000000,,0.0,1.0924203984521705,0.00020583249859542588,-1.0924203984521705,0.001,0.0,0.0,0.0,0.0,0.0,0
51774000000,5163,51774000000,,0.0,1.0924201019006814,0.0002058324427758115,-1.0924201019006814,0.001,0.0,0.0,0.0,0.0,0.0,0
51784000000,5164,51784000000,,0.0,1.0924198053491123,0.00020583238681920544,-1.0924198053491123,0.001,0.0,0.0,0.0,0.0,0.0,0
51794000000,5165,51794000000,,0.0,1.0924195087974669,0.00020583233077865352,-1.0924195087974669,0.001,0.0,0.0,0.0,0.0,0.0,0
51804000000,5166,51804000000,,0.0,1.092419212245745,0.00020583227488981128,-1.092419212245745,0.001,0.0,0.0,0.0,0.0,0.0,0
51814000000,5167,51814000000,,0.0,1.0924189156939415,0.00020583221909321187,-1.0924189156939415,0.001,0.0,0.0,0.0,0.0,0.0,0
51824000000,5168,51824000000,,0.0,1.0924186191420615,0.00020583216317217947,-1.0924186191420615,0.001,0.0,0.0,0.0,0.0,0.0,0
51834000000,5169,51834000000,,0.0,1.0924183225901034,0.00020583210726848482,-1.0924183225901034,0.001,0.0,0.0,0.0,0.0,0.0,0
51844000000,5170,51844000000,,0.0,1.0924180260380671,0.0002058320513391355,-1.0924180260380671,0.001,0.0,0.0,0.0,0.0,0.0,0
51854000000,5171,51854000000,,0.0,1.0924177294859527,0.00020583199529294584,-1.0924177294859527,0.001,0.0,0.0,0.0,0.0,0.0,0
51864000000,5172,51864000000,,0.0,1.0924174329337601,0.00020583193949616222,-1.0924174329337601,0.001,0.0,0.0,0.0,0.0,0.0,0
51874000000,5173,51874000000,,0.0,1.0924171363814894,0.0002058318834008625,-1.0924171363814894,0.001,0.0,0.0,0.0,0.0,0.0,0
51884000000,5174,51884000000,,0.0,1.0924168398291405,0.00020583182772340822,-1.0924168398291405,0.001,0.0,0.0,0.0,0.0,0.0,0
51894000000,5175,51894000000,,0.0,1.0924165432767134,0.0002058317718017133,-1.0924165432767134,0.001,0.0,0.0,0.0,0.0,0.0,0
51904000000,5176,51904000000,,0.0,1.0924162467242082,0.00020583171590403437,-1.0924162467242082,0.001,0.0,0.0,0.0,0.0,0.0,0
51914000000,5177,51914000000,,0.0,1.0924159501716248,0.00020583165985881284,-1.0924159501716248,0.001,0.0,0.0,0.0,0.0,0.0,0
51924000000,5178,51924000000,,0.0,1.0924156536189633,0.00020583160405652172,-1.0924156536189633,0.001,0.0,0.0,0.0,0.0,0.0,0
51934000000,5179,51934000000,,0.0,1.0924153570662236,0.00020583154816648238,-1.0924153570662236,0.001,0.0,0.0,0.0,0.0,0.0,0
51944000000,5180,51944000000,,0.0,1.0924150605134058,0.00020583149203529843,-1.0924150605134058,0.001,0.0,0.0,0.0,0.0,0.0,0
51954000000,5181,51954000000,,0.0,1.0924147639605097,0.00020583143630963254,-1.0924147639605097,0.001,0.0,0.0,0.0,0.0,0.0,0
51964000000,5182,51964000000,,0.0,1.0924144674075356,0.00020583138031371521,-1.0924144674075356,0.001,0.0,0.0,0.0,0.0,0.0,0
51974000000,5183,51974000000,,0.0,1.0924141708544832,0.00020583132428381835,-1.0924141708544832,0.001,0.0,0.0,0.0,0.0,0.0,0
51984000000,5184,51984000000,,0.0,1.092413874301351,0.00020583126843684633,-1.092413874301351,0.001,0.0,0.0,0.0,0.0,0.0,0
51994000000,5185,51994000000,,0.0,1.0924135777481423,0.00020583121249166507,-1.0924135777481423,0.001,0.0,0.0,0.0,0.0,0.0,0
52004000000,5186,52004000000,,0.0,1.0924132811948555,0.0002058311567655699,-1.0924132811948555,0.001,0.0,0.0,0.0,0.0,0.0,0
52014000000,5187,52014000000,,0.0,1.0924129846414923,0.0002058311007777947,-1.0924129846414923,0.001,0.0,0.0,0.0,0.0,0.0,0
52024000000,5188,52024000000,,0.0,1.0924126880880474,0.00020583104485233657,-1.0924126880880474,0.001,0.0,0.0,0.0,0.0,0.0,0
52034000000,5189,52034000000,,0.0,1.092412391534526,0.0002058309889565017,-1.092412391534526,0.001,0.0,0.0,0.0,0.0,0.0,0
52044000000,5190,52044000000,,0.0,1.0924120949809266,0.00020583093294336883,-1.0924120949809266,0.001,0.0,0.0,0.0,0.0,0.0,0
52054000000,5191,52054000000,,0.0,1.092411798427249,0.00020583087707728667,-1.092411798427249,0.001,0.0,0.0,0.0,0.0,0.0,0
52064000000,5192,52064000000,,0.0,1.092411501873495,0.00020583082114886868,-1.092411501873495,0.001,0.0,0.0,0.0,0.0,0.0,0
52074000000,5193,52074000000,,0.0,1.0924112053196593,0.00020583076516563685,-1.0924112053196593,0.001,0.0,0.0,0.0,0.0,0.0,0
52084000000,5194,52084000000,,0.0,1.0924109087657472,0.00020583070925391325,-1.0924109087657472,0.001,0.0,0.0,0.0,0.0,0.0,0
52094000000,5195,52094000000,,0.0,1.092410612211757,0.00020583065335702929,-1.092410612211757,0.001,0.0,0.0,0.0,0.0,0.0,0
52104000000,5196,52104000000,,0.0,1.0924103156576885,0.00020583059753877822,-1.0924103156576885,0.001,0.0,0.0,0.0,0.0,0.0,0
52114000000,5197,52114000000,,0.0,1.092410019103542,0.00020583054160676985,-1.092410019103542,0.001,0.0,0.0,0.0,0.0,0.0,0
52124000000,5198,52124000000,,0.0,1.0924097225493172,0.00020583048566561412,-1.0924097225493172,0.001,0.0,0.0,0.0,0.0,0.0,0
52134000000,5199,52134000000,,0.0,1.0924094259950143,0.00020583042980061843,-1.0924094259950143,0.001,0.0,0.0,0.0,0.0,0.0,0
52144000000,5200,52144000000,,0.0,1.0924091294406333,0.0002058303737023746,-1.0924091294406333,0.001,0.0,0.0,0.0,0.0,0.0,0
52154000000,5201,52154000000,,0.0,1.092408832886174,0.00020583031796358978,-1.092408832886174,0.001,0.0,0.0,0.0,0.0,0.0,0
52164000000,5202,52164000000,,0.0,1.0924085363316367,0.0002058302620895433,-1.0924085363316367,0.001,0.0,0.0,0.0,0.0,0.0,0
52174000000,5203,52174000000,,0.0,1.0924082397770212,0.00020583020604966298,-1.0924082397770212,0.001,0.0,0.0,0.0,0.0,0.0,0
52184000000,5204,52184000000,,0.0,1.0924079432223275,0.00020583015011225127,-1.0924079432223275,0.001,0.0,0.0,0.0,0.0,0.0,0
52194000000,5205,52194000000,,0.0,1.0924076466675556,0.0002058300942874104,-1.0924076466675556,0.001,0.0,0.0,0.0,0.0,0.0,0
52204000000,5206,52204000000,,0.0,1.0924073501127056,0.00020583003833811626,-1.0924073501127056,0.001,0.0,0.0,0.0,0.0,0.0,0
52214000000,5207,52214000000,,0.0,1.0924070535577775,0.0002058299823996125,-1.0924070535577775,0.001,0.0,0.0,0.0,0.0,0.0,0
52224000000,5208,52224000000,,0.0,1.092406757002773,0.00020582992643155531,-1.092406757002773,0.001,0.0,0.0,0.0,0.0,0.0,0
52234000000,5209,52234000000,,0.0,1.0924064604476866,0.0002058298706639047,-1.0924064604476866,0.001,0.0,0.0,0.0,0.0,0.0,0
52244000000,5210,52244000000,,0.0,1.092406163892524,0.00020582981459397751,-1.092406163892524,0.001,0.0,0.0,0.0,0.0,0.0,0
52254000000,5211,52254000000,,0.0,1.0924058673372832,0.0002058297587501488,-1.0924058673372832,0.001,0.0,0.0,0.0,0.0,0.0,0
52264000000,5212,52264000000,,0.0,1.0924055707819642,0.0002058297028741748,-1.0924055707819642,0.001,0.0,0.0,0.0,0.0,0.0,0
52274000000,5213,52274000000,,0.0,1.092405274226567,0.00020582964696678606,-1.092405274226567,0.001,0.0,0.0,0.0,0.0,0.0,0
52284000000,5214,52284000000,,0.0,1.0924049776710936,0.0002058295911603281,-1.0924049776710936,0.001,0.0,0.0,0.0,0.0,0.0,0
52294000000,5215,52294000000,,0.0,1.0924046811155401,0.0002058295350725506,-1.0924046811155401,0.001,0.0,0.0,0.0,0.0,0.0,0
52304000000,5216,52304000000,,0.0,1.0924043845599085,0.00020582947915871128,-1.0924043845599085,0.001,0.0,0.0,0.0,0.0,0.0,0
52314000000,5217,52314000000,,0.0,1.0924040880041987,0.00020582942318926823,-1.0924040880041987,0.001,0.0,0.0,0.0,0.0,0.0,0
52324000000,5218,52324000000,,0.0,1.0924037914484108,0.0002058293672049156,-1.0924037914484108,0.001,0.0,0.0,0.0,0.0,0.0,0
52334000000,5219,52334000000,,0.0,1.0924034948925447,0.00020582931148686455,-1.0924034948925447,0.001,0.0,0.0,0.0,0.0,0.0,0
52344000000,5220,52344000000,,0.0,1.0924031983366005,0.0002058292555118074,-1.0924031983366005,0.001,0.0,0.0,0.0,0.0,0.0,0
52354000000,5221,52354000000,,0.0,1.092402901780578,0.0002058291996840421,-1.092402901780578,0.001,0.0,0.0,0.0,0.0,0.0,0
52364000000,5222,52364000000,,0.0,1.0924026052244775,0.0002058291437205002,-1.0924026052244775,0.001,0.0,0.0,0.0,0.0,0.0,0
52374000000,5223,52374000000,,0.0,1.0924023086683006,0.00020582908790486767,-1.0924023086683006,0.001,0.0,0.0,0.0,0.0,0.0,0
52384000000,5224,52384000000,,0.0,1.092402012112042,0.00020582903172710587,-1.092402012112042,0.001,0.0,0.0,0.0,0.0,0.0,0
52394000000,5225,52394000000,,0.0,1.0924017155557069,0.000205828975956661,-1.0924017155557069,0.001,0.0,0.0,0.0,0.0,0.0,0
52404000000,5226,52404000000,,0.0,1.0924014189992937,0.00020582891989219323,-1.0924014189992937,0.001,0.0,0.0,0.0,0.0,0.0,0
52414000000,5227,52414000000,,0.0,1.092401122442804,0.00020582886413028355,-1.092401122442804,0.001,0.0,0.0,0.0,0.0,0.0,0
52424000000,5228,52424000000,,0.0,1.0924008258862345,0.0002058288082386707,-1.0924008258862345,0.001,0.0,0.0,0.0,0.0,0.0,0
52434000000,5229,52434000000,,0.0,1.0924005293295869,0.00020582875218730135,-1.0924005293295869,0.001,0.0,0.0,0.0,0.0,0.0,0
52444000000,5230,52444000000,,0.0,1.092400232772861,0.00020582869622471684,-1.092400232772861,0.001,0.0,0.0,0.0,0.0,0.0,0
52454000000,5231,52454000000,,0.0,1.092399936216057,0.00020582864038377232,-1.092399936216057,0.001,0.0,0.0,0.0,0.0,0.0,0
52464000000,5232,52464000000,,0.0,1.0923996396591749,0.00020582858451836442,-1.0923996396591749,0.001,0.0,0.0,0.0,0.0,0.0,0
52474000000,5233,52474000000,,0.0,1.0923993431022163,0.00020582852854591067,-1.0923993431022163,0.001,0.0,0.0,0.0,0.0,0.0,0
52484000000,5234,52484000000,,0.0,1.0923990465451778,0.00020582847273378197,-1.0923990465451778,0.001,0.0,0.0,0.0,0.0,0.0,0
52494000000,5235,52494000000,,0.0,1.0923987499880594,0.00020582841667243377,-1.0923987499880594,0.001,0.0,0.0,0.0,0.0,0.0,0
52504000000,5236,52504000000,,0.0,1.0923984534308664,0.00020582836066918622,-1.0923984534308664,0.001,0.0,0.0,0.0,0.0,0.0,0
52514000000,5237,52514000000,,0.0,1.0923981568735934,0.0002058283050513422,-1.0923981568735934,0.001,0.0,0.0,0.0,0.0,0.0,0
52524000000,5238,52524000000,,0.0,1.092397860316244,0.00020582824923168558,-1.092397860316244,0.001,0.0,0.0,0.0,0.0,0.0,0
52534000000,5239,52534000000,,0.0,1.092397563758813,0.00020582819309753747,-1.092397563758813,0.001,0.0,0.0,0.0,0.0,0.0,0
52544000000,5240,52544000000,,0.0,1.0923972672013056,0.00020582813727763294,-1.0923972672013056,0.001,0.0,0.0,0.0,0.0,0.0,0
52554000000,5241,52554000000,,0.0,1.0923969706437218,0.0002058280814504457,-1.0923969706437218,0.001,0.0,0.0,0.0,0.0,0.0,0
52564000000,5242,52564000000,,0.0,1.0923966740860598,0.00020582802525496752,-1.0923966740860598,0.001,0.0,0.0,0.0,0.0,0.0,0
52574000000,5243,52574000000,,0.0,1.092396377528316,0.00020582796942128354,-1.092396377528316,0.001,0.0,0.0,0.0,0.0,0.0,0
52584000000,5244,52584000000,,0.0,1.092396080970496,0.00020582791362864575,-1.092396080970496,0.001,0.0,0.0,0.0,0.0,0.0,0
52594000000,5245,52594000000,,0.0,1.0923957844125995,0.00020582785757797988,-1.0923957844125995,0.001,0.0,0.0,0.0,0.0,0.0,0
52604000000,5246,52604000000,,0.0,1.0923954878546231,0.0002058278017971151,-1.0923954878546231,0.001,0.0,0.0,0.0,0.0,0.0,0
52614000000,5247,52614000000,,0.0,1.0923951912965686,0.0002058277458231005,-1.0923951912965686,0.001,0.0,0.0,0.0,0.0,0.0,0
52624000000,5248,52624000000,,0.0,1.0923948947384376,0.00020582769002862485,-1.0923948947384376,0.001,0.0,0.0,0.0,0.0,0.0,0
52634000000,5249,52634000000,,0.0,1.0923945981802268,0.00020582763390175276,-1.0923945981802268,0.001,0.0,0.0,0.0,0.0,0.0,0
52644000000,5250,52644000000,,0.0,1.0923943016219377,0.0002058275779522148,-1.0923943016219377,0.001,0.0,0.0,0.0,0.0,0.0,0
52654000000,5251,52654000000,,0.0,1.0923940050635705,0.00020582752201132008,-1.0923940050635705,0.001,0.0,0.0,0.0,0.0,0.0,0
52664000000,5252,52664000000,,0.0,1.092393708505127,0.0002058274661293981,-1.092393708505127,0.001,0.0,0.0,0.0,0.0,0.0,0
52674000000,5253,52674000000,,0.0,1.0923934119466034,0.00020582741032297263,-1.0923934119466034,0.001,0.0,0.0,0.0,0.0,0.0,0
52684000000,5254,52684000000,,0.0,1.0923931153880018,0.00020582735446280433,-1.0923931153880018,0.001,0.0,0.0,0.0,0.0,0.0,0
52694000000,5255,52694000000,,0.0,1.092392818829322,0.0002058272984296296,-1.092392818829322,0.001,0.0,0.0,0.0,0.0,0.0,0
52704000000,5256,52704000000,,0.0,1.092392522270564,0.00020582724251199525,-1.092392522270564,0.001,0.0,0.0,0.0,0.0,0.0,0
52714000000,5257,52714000000,,0.0,1.0923922257117296,0.00020582718673312962,-1.0923922257117296,0.001,0.0,0.0,0.0,0.0,0.0,0
52724000000,5258,52724000000,,0.0,1.0923919291528152,0.00020582713069776704,-1.0923919291528152,0.001,0.0,0.0,0.0,0.0,0.0,0
52734000000,5259,52734000000,,0.0,1.0923916325938245,0.00020582707492625683,-1.0923916325938245,0.001,0.0,0.0,0.0,0.0,0.0,0
52744000000,5260,52744000000,,0.0,1.092391336034754,0.00020582701874270683,-1.092391336034754,0.001,0.0,0.0,0.0,0.0,0.0,0
52754000000,5261,52754000000,,0.0,1.092391039475607,0.0002058269630518959,-1.092391039475607,0.001,0.0,0.0,0.0,0.0,0.0,0
52764000000,5262,52764000000,,0.0,1.09239074291638,0.00020582690701030393,-1.09239074291638,0.001,0.0,0.0,0.0,0.0,0.0,0
52774000000,5263,52774000000,,0.0,1.0923904463570766,0.0002058268513011775,-1.0923904463570766,0.001,0.0,0.0,0.0,0.0,0.0,0
52784000000,5264,52784000000,,0.0,1.0923901497976933,0.00020582679523916867,-1.0923901497976933,0.001,0.0,0.0,0.0,0.0,0.0,0
52794000000,5265,52794000000,,0.0,1.092389853238232,0.00020582673950650295,-1.092389853238232,0.001,0.0,0.0,0.0,0.0,0.0,0
52804000000,5266,52804000000,,0.0,1.092389556678694,0.0002058266834617111,-1.092389556678694,0.001,0.0,0.0,0.0,0.0,0.0,0
52814000000,5267,52814000000,,0.0,1.0923892601190763,0.00020582662754624863,-1.0923892601190763,0.001,0.0,0.0,0.0,0.0,0.0,0
52824000000,5268,52824000000,,0.0,1.0923889635593822,0.00020582657162150243,-1.0923889635593822,0.001,0.0,0.0,0.0,0.0,0.0,0
52834000000,5269,52834000000,,0.0,1.0923886669996064,0.00020582651557118475,-1.0923886669996064,0.001,0.0,0.0,0.0,0.0,0.0,0
52844000000,5270,52844000000,,0.0,1.092388370439756,0.0002058264598425198,-1.092388370439756,0.001,0.0,0.0,0.0,0.0,0.0,0
52854000000,5271,52854000000,,0.0,1.0923880738798255,0.00020582640387699038,-1.0923880738798255,0.001,0.0,0.0,0.0,0.0,0.0,0
52864000000,5272,52864000000,,0.0,1.0923877773198187,0.00020582634796448014,-1.0923877773198187,0.001,0.0,0.0,0.0,0.0,0.0,0
52874000000,5273,52874000000,,0.0,1.0923874807597338,0.0002058262919974479,-1.0923874807597338,0.001,0.0,0.0,0.0,0.0,0.0,0
52884000000,5274,52884000000,,0.0,1.092387184199569,0.0002058262361150032,-1.092387184199569,0.001,0.0,0.0,0.0,0.0,0.0,0
52894000000,5275,52894000000,,0.0,1.092386887639326,0.0002058261803367434,-1.092386887639326,0.001,0.0,0.0,0.0,0.0,0.0,0
52904000000,5276,52904000000,,0.0,1.0923865910790065,0.00020582612431928424,-1.0923865910790065,0.001,0.0,0.0,0.0,0.0,0.0,0
52914000000,5277,52914000000,,0.0,1.092386294518609,0.00020582606851652724,-1.092386294518609,0.001,0.0,0.0,0.0,0.0,0.0,0
52924000000,5278,52924000000,,0.0,1.0923859979581332,0.0002058260124413777,-1.0923859979581332,0.001,0.0,0.0,0.0,0.0,0.0,0
52934000000,5279,52934000000,,0.0,1.0923857013975757,0.00020582595654989813,-1.0923857013975757,0.001,0.0,0.0,0.0,0.0,0.0,0
52944000000,5280,52944000000,,0.0,1.0923854048369437,0.0002058259006942966,-1.0923854048369437,0.001,0.0,0.0,0.0,0.0,0.0,0
