%time,field.header.seq,field.header.stamp,field.header.frame_id,field.set_point,field.process_value,field.process_value_dot,field.error,field.time_step,field.command,field.p,field.i,field.d,field.i_clamp,field.antiwindup
18342000000,1817,18337000000,,0.0,4.020941670912492e-05,0.02267345954213278,-4.020941670912492e-05,0.001,-0.02307555326221511,10.0,0.0,1.0,0.0,0
18347000000,1818,18347000000,,-1.6201578504096181,-0.0865841184504701,-11.80216741830026,-1.533573731959148,0.001,-3.533659622720897,10.0,0.0,1.0,0.0,0
18357000000,1819,18357000000,,-1.6201578504096181,-0.20089722875851646,-11.066803703315424,-1.4192606216511017,0.001,-3.1259542254565176,10.0,0.0,1.0,0.0,0
18367000000,1820,18367000000,,-1.6201578504096181,-0.30959419042801617,-10.683700483180516,-1.310563659981602,0.001,-2.4221546676114336,10.0,0.0,1.0,0.0,0
18377000000,1821,18377000000,,-1.6201578504096181,-0.4136115436955121,-10.158073279727825,-1.206546306714106,0.001,-1.9076532150628012,10.0,0.0,1.0,0.0,0
18387000000,1822,18387000000,,-1.6201578504096181,-0.5120599664430499,-9.586674094557628,-1.1080978839665683,0.001,-1.4945976846980003,10.0,0.0,1.0,0.0,0
18397000000,1823,18397000000,,-1.6201578504096181,-0.60475398638195,-9.011075379146032,-1.0154038640276681,0.001,-1.1432725780621666,10.0,0.0,1.0,0.0,0
18407000000,1824,18407000000,,-1.6201578504096181,-0.6917363653876221,-8.444834385091344,-0.9284214850219961,0.001,-0.8396933045005639,10.0,0.0,1.0,0.0,0
18417000000,1825,18417000000,,-1.6201578504096181,-0.7731396530019952,-7.894490076649582,-0.847018197407623,0.001,-0.5759961523605917,10.0,0.0,1.0,0.0,0
18427000000,1826,18427000000,,-1.6201578504096181,-0.8491469079004146,-7.364129624458858,-0.7710109425092035,0.001,-0.3462651451343035,10.0,0.0,1.0,0.0,0
18437000000,1827,18437000000,,-1.6201578504096181,-0.9199724433767456,-6.856114332392323,-0.7001854070328726,0.001,-0.145998358288999,10.0,0.0,1.0,0.0,0
18447000000,1828,18447000000,,-1.6201578504096181,-0.9858448565422799,-6.371120678979887,-0.6343129938673382,0.001,0.027763898605019932,10.0,0.0,1.0,0.0,0
18457000000,1829,18457000000,,-1.6201578504096181,-1.0453231336560096,-4.226177128002041,-0.5748347167536085,0.001,-1.5079647879953662,10.0,0.0,1.0,0.0,0
18467000000,1830,18467000000,,-1.6201578504096181,-1.0851966633943286,-4.102097159016676,-0.5349611870152895,0.001,-1.246959179441145,10.0,0.0,1.0,0.0,0
18477000000,1831,18477000000,,-1.6201578504096181,-1.1244859281193245,-3.766858805150354,-0.49567192229029367,0.001,-1.1898509643403976,10.0,0.0,1.0,0.0,0
18487000000,1832,18487000000,,-1.6201578504096181,-1.1606884635349752,-3.5248674247560015,-0.4594693868746429,0.001,-1.0698379025590832,10.0,0.0,1.0,0.0,0
18497000000,1833,18497000000,,-1.6201578504096181,-1.1952586145573632,-3.4045220507840983,-0.424899235852255,0.001,-0.8444799733964814,10.0,0.0,1.0,0.0,0
18507000000,1834,18507000000,,-1.6201578504096181,-1.2285895615986062,-3.2710870864462622,-0.3915682888110119,0.001,-0.6446081515111857,10.0,0.0,1.0,0.0,0
18517000000,1835,18517000000,,-1.6201578504096181,-1.2604626311793483,-3.115961267007259,-0.3596952192302698,0.001,-0.4810049190266774,10.0,0.0,1.0,0.0,0
18527000000,1836,18527000000,,-1.6201578504096181,-1.290693492421446,-2.945257605838459,-0.3294643579881722,0.001,-0.34940050763452746,10.0,0.0,1.0,0.0,0
18537000000,1837,18537000000,,-1.6201578504096181,-1.3191595722726541,-2.764851973993226,-0.300998278136964,0.001,-0.24514491829917162,10.0,0.0,1.0,0.0,0
18547000000,1838,18547000000,,-1.6201578504096181,-1.3457908132062135,-2.5794716957212485,-0.2743670372034046,0.001,-0.16421164361801743,10.0,0.0,1.0,0.0,0
18557000000,1839,18557000000,,-1.6201578504096181,-1.3705583958649177,-2.3927750679787367,-0.24959945454470045,0.001,-0.1032308468595744,10.0,0.0,1.0,0.0,0
18567000000,1840,18567000000,,-1.6201578504096181,-1.393465166223094,-2.207559543899671,-0.22669268418652422,0.001,-0.05937685953149696,10.0,0.0,1.0,0.0,0
18577000000,1841,18577000000,,-1.6201578504096181,-1.4145381968137523,-2.025970841745777,-0.20561965359586587,0.001,-0.030233434932451786,10.0,0.0,1.0,0.0,0
18587000000,1842,18587000000,,-1.6201578504096181,-1.4338232669741027,-1.849677901865153,-0.18633458343551546,0.001,-0.01367397956292038,10.0,0.0,1.0,0.0,0
18597000000,1843,18597000000,,-1.6201578504096181,-1.451380850580617,-1.6800033494951072,-0.16877699982900118,0.001,-0.007771214586060893,10.0,0.0,1.0,0.0,0
18607000000,1844,18607000000,,-1.6201578504096181,-1.4672831666458892,-1.5180107682712514,-0.15287468376372892,0.001,-0.0107394045530107,10.0,0.0,1.0,0.0,0
18617000000,1845,18617000000,,-1.6201578504096181,-1.481611897374079,-1.3645560117874584,-0.13854595303553907,0.001,-0.020905876657693057,10.0,0.0,1.0,0.0,0
18627000000,1846,18627000000,,-1.6201578504096181,-1.4944562662832181,-1.2203122257973027,-0.12570158412639998,0.001,-0.03670522920881325,10.0,0.0,1.0,0.0,0
18637000000,1847,18637000000,,-1.6201578504096181,-1.5059112684751694,-1.0857784880117798,-0.1142465819344487,0.001,-0.05668839970493167,10.0,0.0,1.0,0.0,0
18647000000,1848,18647000000,,-1.6201578504096181,-1.5160759387487976,-0.961280817936552,-0.10408191166082048,0.001,-0.07953898222119449,10.0,0.0,1.0,0.0,0
18657000000,1849,18657000000,,-1.6201578504096181,-1.5250516204533318,-0.8469723471531367,-0.09510622995628637,0.001,-0.10409037430868295,10.0,0.0,1.0,0.0,0
18667000000,1850,18667000000,,-1.6201578504096181,-1.5329402533236918,-0.7428371374629845,-0.08721759708592636,0.001,-0.12933908393614857,10.0,0.0,1.0,0.0,0
18677000000,1851,18677000000,,-1.6201578504096181,-1.5398427308540183,-0.6486998852872657,-0.08031511955559978,0.001,-0.154451452844242,10.0,0.0,1.0,0.0,0
18687000000,1852,18687000000,,-1.6201578504096181,-1.5458573893534604,-0.5642418598003074,-0.07430046105615773,0.001,-0.17876282805222132,10.0,0.0,1.0,0.0,0
18697000000,1853,18697000000,,-1.6201578504096181,-1.5510786863781094,-0.4890220701959577,-0.06907916403150871,0.001,-0.20176960968003144,10.0,0.0,1.0,0.0,0
18707000000,1854,18707000000,,-1.6201578504096181,-1.5555961114936698,-0.42250189041661823,-0.0645617389159483,0.001,-0.22311551759791826,10.0,0.0,1.0,0.0,0
18717000000,1855,18717000000,,-1.6201578504096181,-1.559493352861936,-0.3640711222165249,-0.06066449754768222,0.001,-0.2425738614454609,10.0,0.0,1.0,0.0,0
18727000000,1856,18727000000,,-1.6201578504096181,-1.5628477234615792,-0.3130736168711884,-0.05731012694803894,0.001,-0.2600276557375025,10.0,0.0,1.0,0.0,0
18737000000,1857,18737000000,,-1.6201578504096181,-1.5657298338771062,-0.26883094921304174,-0.05442801653251195,0.001,-0.27544921712049586,10.0,0.0,1.0,0.0,0
18747000000,1858,18747000000,,-1.6201578504096181,-1.5682034860808125,-0.23066310795069478,-0.051954364328805624,0.001,-0.28888053563731475,10.0,0.0,1.0,0.0,0
18757000000,1859,18757000000,,-1.6201578504096181,-1.5703257548670804,-0.19790563154302443,-0.04983209554253776,0.001,-0.3004153240688012,10.0,0.0,1.0,0.0,0
18767000000,1860,18767000000,,-1.6201578504096181,-1.5721472201515079,-0.16992301681182317,-0.048010630258110254,0.001,-0.3101832860311582,10.0,0.0,1.0,0.0,0
18777000000,1861,18777000000,,-1.6201578504096181,-1.573712313366177,-0.14611852992142557,-0.04644553704344112,0.001,-0.3183368408704901,10.0,0.0,1.0,0.0,0
18787000000,1862,18787000000,,-1.6201578504096181,-1.5750597436767064,-0.12594075283653444,-0.0450981067329117,0.001,-0.3250403149032266,10.0,0.0,1.0,0.0,0
18797000000,1863,18797000000,,-1.6201578504096181,-1.576222973780541,-0.10888731422039505,-0.043934876629077024,0.001,-0.33046145248700753,10.0,0.0,1.0,0.0,0
18807000000,1864,18807000000,,-1.6201578504096181,-1.5772307198401618,-0.09450630009845735,-0.042927130569456295,0.001,-0.3347650059841456,10.0,0.0,1.0,0.0,0
18817000000,1865,18817000000,,-1.6201578504096181,-1.5781074550713603,-0.08239583590113989,-0.04205039533825783,0.001,-0.33810811781656014,10.0,0.0,1.0,0.0,0
18827000000,1866,18827000000,,-1.6201578504096181,-1.5788739012437913,-0.07220229517161138,-0.04128394916582678,0.001,-0.34063719676336035,10.0,0.0,1.0,0.0,0
18837000000,1867,18837000000,,-1.6201578504096181,-1.5795474966134337,-0.06361753555155678,-0.040610353796184384,0.001,-0.34248600262971607,10.0,0.0,1.0,0.0,0
18847000000,1868,18847000000,,-1.6201578504096181,-1.5801428324715348,-0.05637550006329266,-0.040015017938083375,0.001,-0.3437746794893748,10.0,0.0,1.0,0.0,0
18857000000,1869,18857000000,,-1.6201578504096181,-1.580672053525908,-0.05024845858511587,-0.03948579688371012,0.001,-0.34460951037807774,10.0,0.0,1.0,0.0,0
18867000000,1870,18867000000,,-1.6201578504096181,-1.5811452197493319,-0.04504310524248829,-0.03901263066028626,0.001,-0.3450832014566707,10.0,0.0,1.0,0.0,0
18877000000,1871,18877000000,,-1.6201578504096181,-1.5815706291917424,-0.04059667482902977,-0.03858722121787572,0.001,-0.34527553741733996,10.0,0.0,1.0,0.0,0
18887000000,1872,18887000000,,-1.6201578504096181,-1.5819551026298493,-0.036773196355733125,-0.03820274777976884,0.001,-0.345254281489229,10.0,0.0,1.0,0.0,0
18897000000,1873,18897000000,,-1.6201578504096181,-1.5823042318981981,-0.03345996465240624,-0.037853618511419995,0.001,-0.3450762204947466,10.0,0.0,1.0,0.0,0
18907000000,1874,18907000000,,-1.6201578504096181,-1.582622594384575,-0.03056428104332489,-0.03753525602504304,0.001,-0.34478827922788113,10.0,0.0,1.0,0.0,0
18917000000,1875,18917000000,,-1.6201578504096181,-1.5829139365498408,-0.028010490843448303,-0.03724391385977732,0.001,-0.34442864777142645,10.0,0.0,1.0,0.0,0
18927000000,1876,18927000000,,-1.6201578504096181,-1.583181329508446,-0.025737327771415453,-0.036976520901172094,0.001,-0.3440278812529307,10.0,0.0,1.0,0.0,0
18937000000,1877,18937000000,,-1.6201578504096181,-1.5834272997321852,-0.023695562469523104,-0.036730550677432916,0.001,-0.3436099443128171,10.0,0.0,1.0,0.0,0
18947000000,1878,18947000000,,-1.6201578504096181,-1.5836539378591832,-0.021845943259381544,-0.03650391255043495,0.001,-0.3431931822508538,10.0,0.0,1.0,0.0,0
18957000000,1879,18957000000,,-1.6201578504096181,-1.5838629884359348,-0.020157411254170733,-0.03629486197368337,0.001,-0.34279120848733413,10.0,0.0,1.0,0.0,0
18967000000,1880,18967000000,,-1.6201578504096181,-1.5840559232197426,-0.018605568288742446,-0.03610192718987548,0.001,-0.3424137036127206,10.0,0.0,1.0,0.0,0
18977000000,1881,18977000000,,-1.6201578504096181,-1.584234000442021,-0.017171374285474276,-0.03592384996759712,0.001,-0.342067125394383,10.0,0.0,1.0,0.0,0
18987000000,1882,18987000000,,-1.6201578504096181,-1.5843983121951632,-0.015840050102333057,-0.03575953821445488,0.001,-0.34175533204452435,10.0,0.0,1.0,0.0,0
18997000000,1883,18997000000,,-1.6201578504096181,-1.5845498218675926,-0.014600162318523891,-0.035608028542025494,0.001,-0.3414801231037856,10.0,0.0,1.0,0.0,0
19007000000,1884,19007000000,,-1.6201578504096181,-1.5846893933214217,-0.013442867415507386,-0.03546845708819646,0.001,-0.34124170346895966,10.0,0.0,1.0,0.0,0
19017000000,1885,19017000000,,-1.6201578504096181,-1.5848178132892725,-0.012361294252651494,-0.03534003712034561,0.001,-0.34103907695214986,10.0,0.0,1.0,0.0,0
19027000000,1886,19027000000,,-1.6201578504096181,-1.584935808264908,-0.011350045405785648,-0.03522204214471003,0.001,-0.3408703760422327,10.0,0.0,1.0,0.0,0
19037000000,1887,19037000000,,-1.6201578504096181,-1.5850440569777797,-0.010404799727041274,-0.0351137934318384,0.001,-0.3407331345908027,10.0,0.0,1.0,0.0,0
19047000000,1888,19047000000,,-1.6201578504096181,-1.5851431993750724,-0.009522000283789559,-0.03501465103454571,0.001,-0.3406245100620886,10.0,0.0,1.0,0.0,0
19057000000,1889,19057000000,,-1.6201578504096181,-1.5852338428863169,-0.008698613619296351,-0.03492400752330127,0.001,-0.34054146161338394,10.0,0.0,1.0,0.0,0
19067000000,1890,19067000000,,-1.6201578504096181,-1.5853165666143232,-0.007931947961892992,-0.03484128379529494,0.001,-0.3404808899940548,10.0,0.0,1.0,0.0,0
19077000000,1891,19077000000,,-1.6201578504096181,-1.5853919239814411,-0.007219519600798403,-0.034765926428176996,0.001,-0.34043974468273674,10.0,0.0,1.0,0.0,0
19087000000,1892,19087000000,,-1.6201578504096181,-1.585460444260323,-0.006558958112758209,-0.03469740614929506,0.001,-0.340415103380316,10.0,0.0,1.0,0.0,0
19097000000,1893,19097000000,,-1.6201578504096181,-1.5855226333328671,-0.005947942464494951,-0.03463521707675099,0.001,-0.3404042283018427,10.0,0.0,1.0,0.0,0
19107000000,1894,19107000000,,-1.6201578504096181,-1.5855789739478956,-0.005384161224971858,-0.03457887646172253,0.001,-0.3404046033936936,10.0,0.0,1.0,0.0,0
19117000000,1895,19117000000,,-1.6201578504096181,-1.5856299256865798,-0.0048652912060897936,-0.03452792472303834,0.001,-0.340413956024026,10.0,0.0,1.0,0.0,0
19127000000,1896,19127000000,,-1.6201578504096181,-1.5856759247931516,-0.004388989805172735,-0.03448192561646657,0.001,-0.34043026636018325,10.0,0.0,1.0,0.0,0
19137000000,1897,19137000000,,-1.6201578504096181,-1.5857173839860392,-0.003952897180699305,-0.0344404664235789,0.001,-0.3404517670546525,10.0,0.0,1.0,0.0,0
19147000000,1898,19147000000,,-1.6201578504096181,-1.5857546923298136,-0.0035546451170312995,-0.03440315807980454,0.001,-0.3404769356829007,10.0,0.0,1.0,0.0,0
19157000000,1899,19157000000,,-1.6201578504096181,-1.585788215220675,-0.003191870076293354,-0.03436963518894309,0.001,-0.34050448181274007,10.0,0.0,1.0,0.0,0
19167000000,1900,19167000000,,-1.6201578504096181,-1.5858182945161117,-0.002862228480669967,-0.03433955589350646,0.001,-0.34053333045417133,10.0,0.0,1.0,0.0,0
19177000000,1901,19177000000,,-1.6201578504096181,-1.5858452488225288,-0.0025634127330844926,-0.034312601587089375,0.001,-0.3405626031390341,10.0,0.0,1.0,0.0,0
19187000000,1902,19187000000,,-1.6201578504096181,-1.5858693739417875,-0.002293166865063572,-0.03428847646783062,0.001,-0.3405915978130203,10.0,0.0,1.0,0.0,0
19197000000,1903,19197000000,,-1.6201578504096181,-1.5858909434683843,-0.002049301024975169,-0.0342669069412338,0.001,-0.3406197683883505,10.0,0.0,1.0,0.0,0
19207000000,1904,19207000000,,-1.6201578504096181,-1.5859102095226207,-0.0018297042873487938,-0.03424764088699739,0.001,-0.34064670458144874,10.0,0.0,1.0,0.0,0
19217000000,1905,19217000000,,-1.6201578504096181,-1.58592740360102,-0.0016323554582844215,-0.0342304468085981,0.001,-0.34067211262629016,10.0,0.0,1.0,0.0,0
19227000000,1906,19227000000,,-1.6201578504096181,-1.5859427375230846,-0.0014553317361400936,-0.03421511288653356,0.001,-0.34069579712754816,10.0,0.0,1.0,0.0,0
19237000000,1907,19237000000,,-1.6201578504096181,-1.5859564044526708,-0.0012968151990751294,-0.034201445956947296,0.001,-0.34071764437024754,10.0,0.0,1.0,0.0,0
19247000000,1908,19247000000,,-1.6201578504096181,-1.5859685799726035,-0.0011550971946405753,-0.034189270437014585,0.001,-0.34073760717536317,10.0,0.0,1.0,0.0,0
19257000000,1909,19257000000,,-1.6201578504096181,-1.5859794231922715,-0.0010285807645618627,-0.03417842721734665,0.001,-0.3407556914115695,10.0,0.0,1.0,0.0,0
19267000000,1910,19267000000,,-1.6201578504096181,-1.5859890778695496,-0.0009157813021461256,-0.03416877254006856,0.001,-0.34077194409745104,10.0,0.0,1.0,0.0,0
19277000000,1911,19277000000,,-1.6201578504096181,-1.5859976735304668,-0.0008153256344443943,-0.034160176879151294,0.001,-0.3407864431569507,10.0,0.0,1.0,0.0,0
19287000000,1912,19287000000,,-1.6201578504096181,-1.5860053265722085,-0.0007259497740851779,-0.03415252383740963,0.001,-0.3407992885991362,10.0,0.0,1.0,0.0,0
19297000000,1913,19297000000,,-1.6201578504096181,-1.5860121413372488,-0.0006464955521653344,-0.03414570907236936,0.001,-0.34081059517149015,10.0,0.0,1.0,0.0,0
19307000000,1914,19307000000,,-1.6201578504096181,-1.5860182111487662,-0.000575906353898801,-0.03413963926085195,0.001,-0.3408204862530262,10.0,0.0,1.0,0.0,0
19317000000,1915,19317000000,,-1.6201578504096181,-1.5860236192994277,-0.0005132221700063542,-0.03413423111019043,0.001,-0.3408290889331411,10.0,0.0,1.0,0.0,0
19327000000,1916,19327000000,,-1.6201578504096181,-1.586028439987822,-0.00045757414484552195,-0.03412941042179618,0.001,-0.3408365300722771,10.0,0.0,1.0,0.0,0
19337000000,1917,19337000000,,-1.6201578504096181,-1.5860327391983775,-0.00040817879326358224,-0.03412511121124062,0.001,-0.3408429333203067,10.0,0.0,1.0,0.0,0
19347000000,1918,19347000000,,-1.6201578504096181,-1.586036575522395,-0.00036433204161710736,-0.03412127488722305,0.001,-0.3408484168303616,10.0,0.0,1.0,0.0,0
19357000000,1919,19357000000,,-1.6201578504096181,-1.5860400009190299,-0.0003254032042395928,-0.03411784949058827,0.001,-0.34085309170283296,10.0,0.0,1.0,0.0,0
19367000000,1920,19367000000,,-1.6201578504096181,-1.586043061416322,-0.0002908290257794822,-0.03411478899329623,0.001,-0.34085706090809964,10.0,0.0,1.0,0.0,0
19377000000,1921,19377000000,,-1.6201578504096181,-1.5860457977533011,-0.0002601078537418265,-0.034112052656317005,0.001,-0.34086041870969197,10.0,0.0,1.0,0.0,0
19387000000,1922,19387000000,,-1.6201578504096181,-1.5860482459649559,-0.00023279402795778876,-0.03410960444466227,0.001,-0.3408632504207887,10.0,0.0,1.0,0.0,0
19397000000,1923,19397000000,,-1.6201578504096181,-1.586050437912509,-0.00020849253171851664,-0.034107412497109024,0.001,-0.3408656324394066,10.0,0.0,1.0,0.0,0
19407000000,1924,19407000000,,-1.6201578504096181,-1.5860524017618092,-0.0001868539428716862,-0.034105448647808956,0.001,-0.3408676325359927,10.0,0.0,1.0,0.0,0
19417000000,1925,19417000000,,-1.6201578504096181,-1.5860541624130677,-0.00016756971506065604,-0.03410368799655039,0.001,-0.3408693102491789,10.0,0.0,1.0,0.0,0
19427000000,1926,19427000000,,-1.6201578504096181,-1.5860557418852332,-0.00015036780104957738,-0.03410210852438489,0.001,-0.34087071744385966,10.0,0.0,1.0,0.0,0
19437000000,1927,19437000000,,-1.6201578504096181,-1.5860571596585542,-0.00013500862255116214,-0.03410069075106392,0.001,-0.3408718988876913,10.0,0.0,1.0,0.0,0
19447000000,1928,19447000000,,-1.6201578504096181,-1.5860584329786986,-0.00012128138649784751,-0.03409941743091949,0.001,-0.34087289292425993,10.0,0.0,1.0,0.0,0
19457000000,1929,19457000000,,-1.6201578504096181,-1.5860595771259574,-0.00010900073895201627,-0.034098273283660774,0.001,-0.34087373209928273,10.0,0.0,1.0,0.0,0
19467000000,1930,19467000000,,-1.6201578504096181,-1.5860606056527375,-9.800374445451193e-05,-0.034097244756880585,0.001,-0.3408744438267952,10.0,0.0,1.0,0.0,0
19477000000,1931,19477000000,,-1.6201578504096181,-1.586061530592592,-8.814717320457558e-05,-0.0340963198170261,0.001,-0.34087505099714477,10.0,0.0,1.0,0.0,0
19487000000,1932,19487000000,,-1.6201578504096181,-1.586062362643708,-7.930507775330537e-05,-0.03409548776591009,0.001,-0.3408755725828172,10.0,0.0,1.0,0.0,0
19497000000,1933,19497000000,,-1.6201578504096181,-1.5860631113296924,-7.136664100112613e-05,-0.03409473907992577,0.001,-0.3408760241568842,10.0,0.0,1.0,0.0,0
19507000000,1934,19507000000,,-1.6201578504096181,-1.5860637851401735,-6.4234268712052e-05,-0.034094065269444584,0.001,-0.3408764184267632,10.0,0.0,1.0,0.0,0
19517000000,1935,19517000000,,-1.6201578504096181,-1.5860643916536565,-5.782191378190602e-05,-0.03409345875596159,0.001,-0.34087676564524827,10.0,0.0,1.0,0.0,0
19527000000,1936,19527000000,,-1.6201578504096181,-1.5860649376446956,-5.205360110846827e-05,-0.034092912764922545,0.001,-0.3408770740486844,10.0,0.0,1.0,0.0,0
19537000000,1937,19537000000,,-1.6201578504096181,-1.5860654291774123,-4.6862141729726235e-05,-0.034092421232205794,0.001,-0.3408773501794471,10.0,0.0,1.0,0.0,0
19547000000,1938,19547000000,,-1.6201578504096181,-1.586065871687036,-4.2188007499921254e-05,-0.034091978722582184,0.001,-0.3408775992198443,10.0,0.0,1.0,0.0,0
19557000000,1939,19557000000,,-1.6201578504096181,-1.5860662700510604,-3.7978360169646137e-05,-0.03409158035855775,0.001,-0.3408778252255651,10.0,0.0,1.0,0.0,0
19567000000,1940,19567000000,,-1.6201578504096181,-1.5860666286513583,-3.418620079514055e-05,-0.03409122175825985,0.001,-0.3408780313820614,10.0,0.0,1.0,0.0,0
19577000000,1941,19577000000,,-1.6201578504096181,-1.5860669514284913,-3.076964257492668e-05,-0.03409089898112683,0.001,-0.34087822017021097,10.0,0.0,1.0,0.0,0
19587000000,1942,19587000000,,-1.6201578504096181,-1.5860672419292667,-2.7691277236716013e-05,-0.03409060848035139,0.001,-0.34087839352846316,10.0,0.0,1.0,0.0,0
19597000000,1943,19597000000,,-1.6201578504096181,-1.586067503348457,-2.4917629204774063e-05,-0.0340903470611611,0.001,-0.3408785529827618,10.0,0.0,1.0,0.0,0
19607000000,1944,19607000000,,-1.6201578504096181,-1.586067738565485,-2.2418686343579397e-05,-0.03409011184413302,0.001,-0.3408786997539792,10.0,0.0,1.0,0.0,0
19617000000,1945,19617000000,,-1.6201578504096181,-1.5860679501767825,-2.016749377457683e-05,-0.034089900232835646,0.001,-0.34087883483401527,10.0,0.0,1.0,0.0,0
19627000000,1946,19627000000,,-1.6201578504096181,-1.586068140524394,-1.8139804870620944e-05,-0.034089709885224195,0.001,-0.34087895904791665,10.0,0.0,1.0,0.0,0
19637000000,1947,19637000000,,-1.6201578504096181,-1.5860683117213545,-1.6313777743568147e-05,-0.03408953868826359,0.001,-0.34087907310386356,10.0,0.0,1.0,0.0,0
19647000000,1948,19647000000,,-1.6201578504096181,-1.5860684656742565,-1.4669711173160432e-05,-0.034089384735361605,0.001,-0.34087917764461295,10.0,0.0,1.0,0.0,0
19657000000,1949,19657000000,,-1.6201578504096181,-1.5860686041034038,-1.3189821004572522e-05,-0.03408924630621435,0.001,-0.340879273239576,10.0,0.0,1.0,0.0,0
19667000000,1950,19667000000,,-1.6201578504096181,-1.5860687285608241,-1.1858036650245322e-05,-0.03408912184879398,0.001,-0.34087936045160916,10.0,0.0,1.0,0.0,0
19677000000,1951,19677000000,,-1.6201578504096181,-1.586068840446477,-1.0659831310799152e-05,-0.03408900996314124,0.001,-0.34087943979928426,10.0,0.0,1.0,0.0,0
19687000000,1952,19687000000,,-1.6201578504096181,-1.5860689410227975,-9.582066133062342e-06,-0.03408890938682063,0.001,-0.34087951180151066,10.0,0.0,1.0,0.0,0
19697000000,1953,19697000000,,-1.6201578504096181,-1.5860690314278463,-8.612856669341735e-06,-0.03408881898177185,0.001,-0.34087957695973614,10.0,0.0,1.0,0.0,0
19707000000,1954,19707000000,,-1.6201578504096181,-1.5860691126871673,-7.741454362091168e-06,-0.0340887377224508,0.001,-0.3408796357708077,10.0,0.0,1.0,0.0,0
19717000000,1955,19717000000,,-1.6201578504096181,-1.5860691857245603,-6.95813759189165e-06,-0.03408866468505778,0.001,-0.3408796887116239,10.0,0.0,1.0,0.0,0
19727000000,1956,19727000000,,-1.6201578504096181,-1.586069251371799,-6.254116805560703e-06,-0.03408859903781902,0.001,-0.3408797362609661,10.0,0.0,1.0,0.0,0
19737000000,1957,19737000000,,-1.6201578504096181,-1.5860693103774972,-5.62144902762407e-06,-0.03408854003212092,0.001,-0.340879778871237,10.0,0.0,1.0,0.0,0
19747000000,1958,19747000000,,-1.6201578504096181,-1.5860693634151213,-5.05295985450357e-06,-0.03408848699449685,0.001,-0.3408798169860283,10.0,0.0,1.0,0.0,0
19757000000,1959,19757000000,,-1.6201578504096181,-1.5860694110902935,-4.542173835741933e-06,-0.03408843931932459,0.001,-0.34087985102038587,10.0,0.0,1.0,0.0,0
19767000000,1960,19767000000,,-1.6201578504096181,-1.586069453947414,-4.083248869243572e-06,-0.034088396462204074,0.001,-0.3408798813727465,10.0,0.0,1.0,0.0,0
19777000000,1961,19777000000,,-1.6201578504096181,-1.5860694924756755,-3.6709184815343227e-06,-0.034088357933942603,0.001,-0.34087990842163407,10.0,0.0,1.0,0.0,0
19787000000,1962,19787000000,,-1.6201578504096181,-1.586069527114529,-3.300439692957833e-06,-0.03408832329508904,0.001,-0.3408799325118572,10.0,0.0,1.0,0.0,0
19797000000,1963,19797000000,,-1.6201578504096181,-1.5860695582586368,-2.967543089243864e-06,-0.0340882921509813,0.001,-0.340879953967157,10.0,0.0,1.0,0.0,0
19807000000,1964,19807000000,,-1.6201578504096181,-1.5860695862623606,-2.6683885002796407e-06,-0.03408826414725752,0.001,-0.3408799730843981,10.0,0.0,1.0,0.0,0
19817000000,1965,19817000000,,-1.6201578504096181,-1.5860696114438335,-2.39952417161041e-06,-0.03408823896578461,0.001,-0.3408799901337112,10.0,0.0,1.0,0.0,0
19827000000,1966,19827000000,,-1.6201578504096181,-1.5860696340886316,-2.1578500659052666e-06,-0.034088216320986575,0.001,-0.3408800053590788,10.0,0.0,1.0,0.0,0
19837000000,1967,19837000000,,-1.6201578504096181,-1.586069654453099,-1.940583069839535e-06,-0.03408819595651913,0.001,-0.3408800189841621,10.0,0.0,1.0,0.0,0
19847000000,1968,19847000000,,-1.6201578504096181,-1.5860696727673558,-1.7452268052324396e-06,-0.03408817764226235,0.001,-0.34088003119466137,10.0,0.0,1.0,0.0,0
19857000000,1969,19857000000,,-1.6201578504096181,-1.5860696892379798,-1.5695407271807185e-06,-0.034088161171638376,0.001,-0.34088004217721846,10.0,0.0,1.0,0.0,0
19867000000,1970,19867000000,,-1.6201578504096181,-1.5860697040504634,-1.411518201215729e-06,-0.03408814635915469,0.001,-0.34088005207353334,10.0,0.0,1.0,0.0,0
19877000000,1971,19877000000,,-1.6201578504096181,-1.5860697173713794,-1.2693595996072114e-06,-0.034088133038238766,0.001,-0.3408800610226592,10.0,0.0,1.0,0.0,0
19887000000,1972,19887000000,,-1.6201578504096181,-1.5860697293503518,-1.141453226009787e-06,-0.034088121059266285,0.001,-0.340880069141285,10.0,0.0,1.0,0.0,0
19897000000,1973,19897000000,,-1.6201578504096181,-1.5860697401218316,-1.026354355684385e-06,-0.03408811028778658,0.001,-0.34088007652375296,10.0,0.0,1.0,0.0,0
19907000000,1974,19907000000,,-1.6201578504096181,-1.5860697498066498,-9.227676776527014e-07,-0.034088100602968296,0.001,-0.34088008326381924,10.0,0.0,1.0,0.0,0
19917000000,1975,19917000000,,-1.6201578504096181,-1.5860697585134504,-8.295345096691874e-07,-0.03408809189616768,0.001,-0.3408800894279018,10.0,0.0,1.0,0.0,0
19927000000,1976,19927000000,,-1.6201578504096181,-1.5860697663399472,-7.45613322194715e-07,-0.0340880840696709,0.001,-0.3408800950851365,10.0,0.0,1.0,0.0,0
19937000000,1977,19937000000,,-1.6201578504096181,-1.5860697733740556,-6.700727878059356e-07,-0.03408807703556249,0.001,-0.3408801002818507,10.0,0.0,1.0,0.0,0
19947000000,1978,19947000000,,-1.6201578504096181,-1.5860697796948964,-6.020756025062732e-07,-0.03408807071472175,0.001,-0.3408801050723831,10.0,0.0,1.0,0.0,0
19957000000,1979,19957000000,,-1.6201578504096181,-1.5860697853737138,-5.40870924052829e-07,-0.034088065035904336,0.001,-0.3408801094885838,10.0,0.0,1.0,0.0,0
19967000000,1980,19967000000,,-1.6201578504096181,-1.5860697904746628,-4.85785168147855e-07,-0.03408805993495534,0.001,-0.34088011356391945,10.0,0.0,1.0,0.0,0
19977000000,1981,19977000000,,-1.6201578504096181,-1.5860697950555425,-4.362110603199799e-07,-0.034088055354075664,0.001,-0.3408801173314657,10.0,0.0,1.0,0.0,0
19987000000,1982,19987000000,,-1.6201578504096181,-1.5860697991684356,-3.9160500590726105e-07,-0.034088051241182526,0.001,-0.3408801208068546,10.0,0.0,1.0,0.0,0
19997000000,1983,19997000000,,-1.6201578504096181,-1.5860698028602753,-3.514766855493226e-07,-0.034088047549342804,0.001,-0.34088012401635837,10.0,0.0,1.0,0.0,0
20007000000,1984,20007000000,,-1.6201578504096181,-1.5860698061733745,-3.15384129067585e-07,-0.034088044236243675,0.001,-0.34088012697738534,10.0,0.0,1.0,0.0,0
20017000000,1985,20017000000,,-1.6201578504096181,-1.5860698091458696,-2.8293033722119134e-07,-0.034088041263748536,0.001,-0.3408801297064734,10.0,0.0,1.0,0.0,0
20027000000,1986,20027000000,,-1.6201578504096181,-1.5860698118121475,-2.5375612777515775e-07,-0.03408803859747067,0.001,-0.3408801322185795,10.0,0.0,1.0,0.0,0
20037000000,1987,20037000000,,-1.6201578504096181,-1.586069814203202,-2.2753942944347099e-07,-0.034088036206416206,0.001,-0.34088013452350907,10.0,0.0,1.0,0.0,0
20047000000,1988,20047000000,,-1.6201578504096181,-1.5860698163469715,-2.039868235003218e-07,-0.0340880340626466,0.001,-0.3408801366403047,10.0,0.0,1.0,0.0,0
20057000000,1989,20057000000,,-1.6201578504096181,-1.5860698182686344,-1.828366153928056e-07,-0.03408803214098377,0.001,-0.34088013857298094,10.0,0.0,1.0,0.0,0
20067000000,1990,20067000000,,-1.6201578504096181,-1.5860698199908798,-1.6385004690708693e-07,-0.03408803041873831,0.001,-0.34088014033622827,10.0,0.0,1.0,0.0,0
20077000000,1991,20077000000,,-1.6201578504096181,-1.586069821534143,-1.4681199688002225e-07,-0.03408802887547502,0.001,-0.3408801419424101,10.0,0.0,1.0,0.0,0
20087000000,1992,20087000000,,-1.6201578504096181,-1.586069822916829,-1.3152850541678083e-07,-0.03408802749278905,0.001,-0.3408801433993247,10.0,0.0,1.0,0.0,0
20097000000,1993,20097000000,,-1.6201578504096181,-1.5860698241555022,-1.1782373151299402e-07,-0.03408802625411589,0.001,-0.34088014471896244,10.0,0.0,1.0,0.0,0
20107000000,1994,20107000000,,-1.6201578504096181,-1.5860698252650698,-1.0553968349720145e-07,-0.03408802514454834,0.001,-0.34088014590501814,10.0,0.0,1.0,0.0,0
20117000000,1995,20117000000,,-1.6201578504096181,-1.5860698262589308,-9.45329231681472e-08,-0.034088024150687346,0.001,-0.3408801469727152,10.0,0.0,1.0,0.0,0
20127000000,1996,20127000000,,-1.6201578504096181,-1.586069827149136,-8.467365156766057e-08,-0.0340880232604821,0.001,-0.34088014793121957,10.0,0.0,1.0,0.0,0
20137000000,1997,20137000000,,-1.6201578504096181,-1.5860698279465124,-7.584513860476433e-08,-0.034088022463105716,0.001,-0.34088014878417283,10.0,0.0,1.0,0.0,0
20147000000,1998,20147000000,,-1.6201578504096181,-1.586069828660773,-6.794187712492977e-08,-0.034088021748845065,0.001,-0.34088014954635426,10.0,0.0,1.0,0.0,0
20157000000,1999,20157000000,,-1.6201578504096181,-1.5860698293006417,-6.086887189277665e-08,-0.03408802110897646,0.001,-0.34088015022112117,10.0,0.0,1.0,0.0,0
20167000000,2000,20167000000,,-1.6201578504096181,-1.5860698298739413,-5.453977972388086e-08,-0.03408802053567683,0.001,-0.34088015081550793,10.0,0.0,1.0,0.0,0
20177000000,2001,20177000000,,-1.6201578504096181,-1.5860698303876761,-4.887780801353936e-08,-0.034088020021942,0.001,-0.3408801513411852,10.0,0.0,1.0,0.0,0
20187000000,2002,20187000000,,-1.6201578504096181,-1.586069830848131,-4.381307531642569e-08,-0.034088019561487215,0.001,-0.34088015179925435,10.0,0.0,1.0,0.0,0
20197000000,2003,20197000000,,-1.6201578504096181,-1.5860698312609225,-3.928225385965498e-08,-0.034088019148695636,0.001,-0.3408801522046012,10.0,0.0,1.0,0.0,0
20207000000,2004,20207000000,,-1.6201578504096181,-1.5860698316310833,-3.522968229630104e-08,-0.034088018778534845,0.001,-0.3408801525566396,10.0,0.0,1.0,0.0,0
20217000000,2005,20217000000,,-1.6201578504096181,-1.5860698319631128,-3.160489962333866e-08,-0.03408801844650533,0.001,-0.3408801528601124,10.0,0.0,1.0,0.0,0
20227000000,2006,20227000000,,-1.6201578504096181,-1.5860698322610292,-2.836203634100679e-08,-0.03408801814858897,0.001,-0.3408801531245764,10.0,0.0,1.0,0.0,0
20237000000,2007,20237000000,,-1.6201578504096181,-1.5860698325284295,-2.5460801323366327e-08,-0.03408801788118865,0.001,-0.34088015334958754,10.0,0.0,1.0,0.0,0
20247000000,2008,20247000000,,-1.6201578504096181,-1.5860698327685183,-2.2864048652301854e-08,-0.03408801764109981,0.001,-0.3408801535475092,10.0,0.0,1.0,0.0,0
20257000000,2009,20257000000,,-1.6201578504096181,-1.5860698329841645,-2.0539978880272658e-08,-0.03408801742545364,0.001,-0.3408801537145223,10.0,0.0,1.0,0.0,0
20267000000,2010,20267000000,,-1.6201578504096181,-1.5860698331779277,-1.845848619668659e-08,-0.034088017231690415,0.001,-0.34088015385878023,10.0,0.0,1.0,0.0,0
20277000000,2011,20277000000,,-1.6201578504096181,-1.5860698333520924,-1.6594036841614386e-08,-0.03408801705752573,0.001,-0.34088015398053173,10.0,0.0,1.0,0.0,0
20287000000,2012,20287000000,,-1.6201578504096181,-1.5860698335086925,-1.4923391064485518e-08,-0.034088016900925666,0.001,-0.34088015408608285,10.0,0.0,1.0,0.0,0
20297000000,2013,20297000000,,-1.6201578504096181,-1.586069833649554,-1.3425274606585719e-08,-0.03408801676006412,0.001,-0.3408801541749362,10.0,0.0,1.0,0.0,0
20307000000,2014,20307000000,,-1.6201578504096181,-1.5860698337762953,-1.2081493936655545e-08,-0.03408801663332284,0.001,-0.34088015425400187,10.0,0.0,1.0,0.0,0
20317000000,2015,20317000000,,-1.6201578504096181,-1.586069833890373,-1.0875742229611752e-08,-0.0340880165192452,0.001,-0.34088015431759544,10.0,0.0,1.0,0.0,0
20327000000,2016,20327000000,,-1.6201578504096181,-1.5860698339930783,-9.792921768631326e-09,-0.0340880164165398,0.001,-0.3408801543741191,10.0,0.0,1.0,0.0,0
20337000000,2017,20337000000,,-1.6201578504096181,-1.5860698340855715,-8.81978423634785e-09,-0.03408801632404668,0.001,-0.3408801544226314,10.0,0.0,1.0,0.0,0
20347000000,2018,20347000000,,-1.6201578504096181,-1.5860698341688861,-7.945510444666626e-09,-0.03408801624073199,0.001,-0.34088015446167574,10.0,0.0,1.0,0.0,0
20357000000,2019,20357000000,,-1.6201578504096181,-1.586069834243946,-7.158864963892939e-09,-0.03408801616567203,0.001,-0.34088015449800224,10.0,0.0,1.0,0.0,0
20367000000,2020,20367000000,,-1.6201578504096181,-1.586069834311579,-6.450826868716432e-09,-0.03408801609803902,0.001,-0.3408801545322149,10.0,0.0,1.0,0.0,0
20377000000,2021,20377000000,,-1.6201578504096181,-1.5860698343725312,-5.813846140617153e-09,-0.03408801603708689,0.001,-0.34088015455685294,10.0,0.0,1.0,0.0,0
20387000000,2022,20387000000,,-1.6201578504096181,-1.5860698344274615,-5.239917868905284e-09,-0.034088015982156605,0.001,-0.3408801545813134,10.0,0.0,1.0,0.0,0
20397000000,2023,20397000000,,-1.6201578504096181,-1.5860698344769686,-4.722479104266108e-09,-0.03408801593264954,0.001,-0.3408801546049389,10.0,0.0,1.0,0.0,0
20407000000,2024,20407000000,,-1.6201578504096181,-1.586069834521589,-4.2562620311142955e-09,-0.03408801588802923,0.001,-0.340880154622365,10.0,0.0,1.0,0.0,0
20417000000,2025,20417000000,,-1.6201578504096181,-1.5860698345617985,-3.835224253957116e-09,-0.03408801584781962,0.001,-0.3408801546430418,10.0,0.0,1.0,0.0,0
20427000000,2026,20427000000,,-1.6201578504096181,-1.5860698345980326,-3.4560111325859054e-09,-0.03408801581158549,0.001,-0.3408801546590645,10.0,0.0,1.0,0.0,0
20437000000,2027,20437000000,,-1.6201578504096181,-1.5860698346306785,-3.11357728280782e-09,-0.03408801577893961,0.001,-0.3408801546754425,10.0,0.0,1.0,0.0,0
20447000000,2028,20447000000,,-1.6201578504096181,-1.5860698346600879,-2.80448359891764e-09,-0.03408801574953024,0.001,-0.340880154690435,10.0,0.0,1.0,0.0,0
20457000000,2029,20457000000,,-1.6201578504096181,-1.5860698346865734,-2.5256050123137688e-09,-0.03408801572304476,0.001,-0.3408801547044682,10.0,0.0,1.0,0.0,0
20467000000,2030,20467000000,,-1.6201578504096181,-1.5860698347104227,-2.2737678805255444e-09,-0.034088015699195395,0.001,-0.3408801547182172,10.0,0.0,1.0,0.0,0
20477000000,2031,20477000000,,-1.6201578504096181,-1.58606983473189,-2.046501665056902e-09,-0.03408801567772812,0.001,-0.34088015473091815,10.0,0.0,1.0,0.0,0
20487000000,2032,20487000000,,-1.6201578504096181,-1.5860698347512079,-1.841352692760263e-09,-0.03408801565841024,0.001,-0.34088015474379674,10.0,0.0,1.0,0.0,0
20497000000,2033,20497000000,,-1.6201578504096181,-1.5860698347685878,-1.6560766853346371e-09,-0.03408801564103037,0.001,-0.3408801547547391,10.0,0.0,1.0,0.0,0
20507000000,2034,20507000000,,-1.6201578504096181,-1.586069834784218,-1.4892835994373666e-09,-0.0340880156254002,0.001,-0.3408801547618623,10.0,0.0,1.0,0.0,0
20517000000,2035,20517000000,,-1.6201578504096181,-1.5860698347982654,-1.3382952874559114e-09,-0.03408801561135277,0.001,-0.34088015477593103,10.0,0.0,1.0,0.0,0
20527000000,2036,20527000000,,-1.6201578504096181,-1.58606983481089,-1.202327694390428e-09,-0.034088015598728205,0.001,-0.34088015478646483,10.0,0.0,1.0,0.0,0
20537000000,2037,20537000000,,-1.6201578504096181,-1.586069834822232,-1.0799116214343515e-09,-0.03408801558738617,0.001,-0.3408801547938367,10.0,0.0,1.0,0.0,0
20547000000,2038,20547000000,,-1.6201578504096181,-1.5860698348324158,-9.694508576034405e-10,-0.03408801557720231,0.001,-0.3408801548021323,10.0,0.0,1.0,0.0,0
20557000000,2039,20557000000,,-1.6201578504096181,-1.5860698348415552,-8.698375672186172e-10,-0.03408801556806296,0.001,-0.3408801548119911,10.0,0.0,1.0,0.0,0
20567000000,2040,20567000000,,-1.6201578504096181,-1.5860698348497566,-7.807846093888144e-10,-0.03408801555986152,0.001,-0.34088015481701817,10.0,0.0,1.0,0.0,0
20577000000,2041,20577000000,,-1.6201578504096181,-1.5860698348571125,-6.999970509674379e-10,-0.034088015552505624,0.001,-0.34088015482517164,10.0,0.0,1.0,0.0,0
20587000000,2042,20587000000,,-1.6201578504096181,-1.5860698348637081,-6.275005705293126e-10,-0.03408801554591001,0.001,-0.34088015483204614,10.0,0.0,1.0,0.0,0
20597000000,2043,20597000000,,-1.6201578504096181,-1.5860698348696216,-5.625809272630189e-10,-0.03408801553999652,0.001,-0.3408801548350837,10.0,0.0,1.0,0.0,0
20607000000,2044,20607000000,,-1.6201578504096181,-1.586069834874917,-5.042264060634224e-10,-0.0340880155347012,0.001,-0.34088015484252665,10.0,0.0,1.0,0.0,0
20617000000,2045,20617000000,,-1.6201578504096181,-1.5860698348796634,-4.516257494764679e-10,-0.034088015529954774,0.001,-0.34088015484657674,10.0,0.0,1.0,0.0,0
20627000000,2046,20627000000,,-1.6201578504096181,-1.5860698348839142,-4.042844767597591e-10,-0.03408801552570395,0.001,-0.34088015485203016,10.0,0.0,1.0,0.0,0
20637000000,2047,20637000000,,-1.6201578504096181,-1.5860698348877191,-3.620559149004935e-10,-0.034088015521898996,0.001,-0.34088015485661316,10.0,0.0,1.0,0.0,0
20647000000,2048,20647000000,,-1.6201578504096181,-1.5860698348911262,-3.2394626294472926e-10,-0.03408801551849194,0.001,-0.3408801548616225,10.0,0.0,1.0,0.0,0
20657000000,2049,20657000000,,-1.6201578504096181,-1.586069834894178,-2.9004171074524494e-10,-0.03408801551544016,0.001,-0.3408801548630791,10.0,0.0,1.0,0.0,0
20667000000,2050,20667000000,,-1.6201578504096181,-1.5860698348969064,-2.5951804146462823e-10,-0.03408801551271168,0.001,-0.3408801548677687,10.0,0.0,1.0,0.0,0
20677000000,2051,20677000000,,-1.6201578504096181,-1.5860698348993507,-2.322091191184236e-10,-0.03408801551026741,0.001,-0.34088015486997136,10.0,0.0,1.0,0.0,0
20687000000,2052,20687000000,,-1.6201578504096181,-1.5860698349015374,-2.078263555880082e-10,-0.034088015508080716,0.001,-0.3408801548729734,10.0,0.0,1.0,0.0,0
20697000000,2053,20697000000,,-1.6201578504096181,-1.5860698349034932,-1.861859449949234e-10,-0.03408801550612495,0.001,-0.34088015487650836,10.0,0.0,1.0,0.0,0
20707000000,2054,20707000000,,-1.6201578504096181,-1.5860698349052482,-1.66500955873797e-10,-0.034088015504369906,0.001,-0.3408801548767215,10.0,0.0,1.0,0.0,0
20717000000,2055,20717000000,,-1.6201578504096181,-1.586069834906815,-1.494089436025376e-10,-0.03408801550280316,0.001,-0.3408801548788176,10.0,0.0,1.0,0.0,0
20727000000,2056,20727000000,,-1.6201578504096181,-1.5860698349082218,-1.3373115834847188e-10,-0.034088015501396285,0.001,-0.34088015487895973,10.0,0.0,1.0,0.0,0
20737000000,2057,20737000000,,-1.6201578504096181,-1.5860698349094777,-1.194827984014212e-10,-0.0340880155001404,0.001,-0.34088015488416445,10.0,0.0,1.0,0.0,0
20747000000,2058,20747000000,,-1.6201578504096181,-1.5860698349106075,-1.0696483587728088e-10,-0.03408801549901064,0.001,-0.34088015488352497,10.0,0.0,1.0,0.0,0
20757000000,2059,20757000000,,-1.6201578504096181,-1.5860698349116165,-9.615862880097573e-11,-0.03408801549800167,0.001,-0.3408801548840934,10.0,0.0,1.0,0.0,0
20767000000,2060,20767000000,,-1.6201578504096181,-1.5860698349125224,-8.602919462903043e-11,-0.034088015497095725,0.001,-0.3408801548856921,10.0,0.0,1.0,0.0,0
20777000000,2061,20777000000,,-1.6201578504096181,-1.586069834913336,-7.724673468988293e-11,-0.034088015496282154,0.001,-0.34088015488466183,10.0,0.0,1.0,0.0,0
20787000000,2062,20787000000,,-1.6201578504096181,-1.5860698349140643,-6.943652242004907e-11,-0.03408801549555385,0.001,-0.3408801548844842,10.0,0.0,1.0,0.0,0
20797000000,2063,20797000000,,-1.6201578504096181,-1.5860698349147162,-6.200651455555668e-11,-0.034088015494901924,0.001,-0.3408801548886231,10.0,0.0,1.0,0.0,0
20807000000,2064,20807000000,,-1.6201578504096181,-1.5860698349153042,-5.591368907494179e-11,-0.03408801549431395,0.001,-0.3408801548862961,10.0,0.0,1.0,0.0,0
20817000000,2065,20817000000,,-1.6201578504096181,-1.58606983491583,-5.042288527246261e-11,-0.03408801549378815,0.001,-0.3408801548881435,10.0,0.0,1.0,0.0,0
20827000000,2066,20827000000,,-1.6201578504096181,-1.586069834916306,-4.517599376782546e-11,-0.034088015493312085,0.001,-0.34088015488693557,10.0,0.0,1.0,0.0,0
20837000000,2067,20837000000,,-1.6201578504096181,-1.5860698349167324,-4.0642738112657384e-11,-0.03408801549288576,0.001,-0.34088015488622503,10.0,0.0,1.0,0.0,0
20847000000,2068,20847000000,,-1.6201578504096181,-1.5860698349171125,-3.654675555908517e-11,-0.03408801549250562,0.001,-0.34088015488952905,10.0,0.0,1.0,0.0,0
20857000000,2069,20857000000,,-1.6201578504096181,-1.586069834917459,-3.259077081912139e-11,-0.03408801549215923,0.001,-0.34088015488961787,10.0,0.0,1.0,0.0,0
20867000000,2070,20867000000,,-1.6201578504096181,-1.5860698349177698,-2.9765223769295256e-11,-0.03408801549184837,0.001,-0.34088015488650925,10.0,0.0,1.0,0.0,0
20877000000,2071,20877000000,,-1.6201578504096181,-1.5860698349180469,-2.64410588000032e-11,-0.034088015491571255,0.001,-0.34088015489084356,10.0,0.0,1.0,0.0,0
20887000000,2072,20887000000,,-1.6201578504096181,-1.5860698349182991,-2.4053463859151013e-11,-0.03408801549131901,0.001,-0.34088015488832113,10.0,0.0,1.0,0.0,0
20897000000,2073,20897000000,,-1.6201578504096181,-1.5860698349185247,-2.159947887640708e-11,-0.034088015491093415,0.001,-0.34088015488961787,10.0,0.0,1.0,0.0,0
20907000000,2074,20907000000,,-1.6201578504096181,-1.586069834918729,-1.952822415503367e-11,-0.034088015490889134,0.001,-0.3408801548893514,10.0,0.0,1.0,0.0,0
20917000000,2075,20917000000,,-1.6201578504096181,-1.5860698349189137,-1.73860956571017e-11,-0.03408801549070439,0.001,-0.34088015488928036,10.0,0.0,1.0,0.0,0
20927000000,2076,20927000000,,-1.6201578504096181,-1.5860698349190772,-1.5801225480110235e-11,-0.03408801549054097,0.001,-0.3408801548911988,10.0,0.0,1.0,0.0,0
20937000000,2077,20937000000,,-1.6201578504096181,-1.5860698349192281,-1.426592281064632e-11,-0.03408801549038998,0.001,-0.3408801548896889,10.0,0.0,1.0,0.0,0
20947000000,2078,20947000000,,-1.6201578504096181,-1.5860698349193632,-1.2876875100601969e-11,-0.034088015490254975,0.001,-0.3408801548883389,10.0,0.0,1.0,0.0,0
20957000000,2079,20957000000,,-1.6201578504096181,-1.586069834919484,-1.1695878806008467e-11,-0.03408801549013418,0.001,-0.3408801548889073,10.0,0.0,1.0,0.0,0
20967000000,2080,20967000000,,-1.6201578504096181,-1.586069834919594,-1.0215738539856068e-11,-0.03408801549002405,0.001,-0.34088015488958234,10.0,0.0,1.0,0.0,0
20977000000,2081,20977000000,,-1.6201578504096181,-1.5860698349196918,-9.52677388780641e-12,-0.03408801548992635,0.001,-0.34088015488860535,10.0,0.0,1.0,0.0,0
20987000000,2082,20987000000,,-1.6201578504096181,-1.5860698349197788,-8.463383312690347e-12,-0.03408801548983931,0.001,-0.34088015489128765,10.0,0.0,1.0,0.0,0
20997000000,2083,20997000000,,-1.6201578504096181,-1.5860698349198605,-7.764961931249275e-12,-0.034088015489757595,0.001,-0.34088015488869416,10.0,0.0,1.0,0.0,0
21007000000,2084,21007000000,,-1.6201578504096181,-1.5860698349199334,-6.6977290943762844e-12,-0.034088015489684764,0.001,-0.3408801548897422,10.0,0.0,1.0,0.0,0
21017000000,2085,21017000000,,-1.6201578504096181,-1.5860698349199955,-5.958446774363443e-12,-0.03408801548962259,0.001,-0.3408801548926732,10.0,0.0,1.0,0.0,0
21027000000,2086,21027000000,,-1.6201578504096181,-1.586069834920056,-5.77681503277218e-12,-0.034088015489562196,0.001,-0.34088015488851653,10.0,0.0,1.0,0.0,0
21037000000,2087,21037000000,,-1.6201578504096181,-1.5860698349201074,-4.943157390832895e-12,-0.03408801548951068,0.001,-0.3408801548915541,10.0,0.0,1.0,0.0,0
21047000000,2088,21047000000,,-1.6201578504096181,-1.5860698349201554,-4.307143524290575e-12,-0.03408801548946272,0.001,-0.3408801548910745,10.0,0.0,1.0,0.0,0
21057000000,2089,21057000000,,-1.6201578504096181,-1.586069834920198,-4.069483735362947e-12,-0.03408801548942009,0.001,-0.34088015489064816,10.0,0.0,1.0,0.0,0
21067000000,2090,21067000000,,-1.6201578504096181,-1.5860698349202353,-3.7751384239682476e-12,-0.034088015489382784,0.001,-0.3408801548902751,10.0,0.0,1.0,0.0,0
21077000000,2091,21077000000,,-1.6201578504096181,-1.5860698349202709,-3.3186524139984106e-12,-0.034088015489347256,0.001,-0.34088015488991985,10.0,0.0,1.0,0.0,0
21087000000,2092,21087000000,,-1.6201578504096181,-1.586069834920301,-3.148119290253025e-12,-0.03408801548931706,0.001,-0.34088015488961787,10.0,0.0,1.0,0.0,0
21097000000,2093,21097000000,,-1.6201578504096181,-1.5860698349203295,-2.774740252779148e-12,-0.03408801548928864,0.001,-0.34088015488933365,10.0,0.0,1.0,0.0,0
21107000000,2094,21107000000,,-1.6201578504096181,-1.5860698349203544,-2.2536837146886354e-12,-0.03408801548926377,0.001,-0.3408801548908613,10.0,0.0,1.0,0.0,0
21117000000,2095,21117000000,,-1.6201578504096181,-1.5860698349203757,-1.9534615201783437e-12,-0.03408801548924245,0.001,-0.3408801548924245,10.0,0.0,1.0,0.0,0
21127000000,2096,21127000000,,-1.6201578504096181,-1.5860698349203952,-1.8266297187786863e-12,-0.03408801548922291,0.001,-0.3408801548922291,10.0,0.0,1.0,0.0,0
21137000000,2097,21137000000,,-1.6201578504096181,-1.586069834920413,-1.669823904490537e-12,-0.03408801548920515,0.001,-0.3408801548920515,10.0,0.0,1.0,0.0,0
21147000000,2098,21147000000,,-1.6201578504096181,-1.5860698349204307,-1.578962469278564e-12,-0.034088015489187384,0.001,-0.3408801548900975,10.0,0.0,1.0,0.0,0
21157000000,2099,21157000000,,-1.6201578504096181,-1.586069834920445,-1.4547225479988045e-12,-0.034088015489173173,0.001,-0.3408801548899554,10.0,0.0,1.0,0.0,0
21167000000,2100,21167000000,,-1.6201578504096181,-1.5860698349204592,-1.4402389362210654e-12,-0.03408801548915896,0.001,-0.3408801548880369,10.0,0.0,1.0,0.0,0
21177000000,2101,21177000000,,-1.6201578504096181,-1.5860698349204698,-8.858259703322123e-13,-0.034088015489148304,0.001,-0.34088015489148304,10.0,0.0,1.0,0.0,0
21187000000,2102,21187000000,,-1.6201578504096181,-1.5860698349204805,-1.0324697861508523e-12,-0.034088015489137646,0.001,-0.3408801548896001,10.0,0.0,1.0,0.0,0
21197000000,2103,21197000000,,-1.6201578504096181,-1.5860698349204885,-8.904614362665597e-13,-0.03408801548912965,0.001,-0.3408801548912965,10.0,0.0,1.0,0.0,0
21207000000,2104,21207000000,,-1.6201578504096181,-1.5860698349204974,-7.322474557689146e-13,-0.03408801548912077,0.001,-0.3408801548912077,10.0,0.0,1.0,0.0,0
21217000000,2105,21217000000,,-1.6201578504096181,-1.5860698349205062,-7.203519459095595e-13,-0.03408801548911189,0.001,-0.34088015488934253,10.0,0.0,1.0,0.0,0
21227000000,2106,21227000000,,-1.6201578504096181,-1.5860698349205116,-5.830043343750397e-13,-0.03408801548910656,0.001,-0.3408801548910656,10.0,0.0,1.0,0.0,0
21237000000,2107,21237000000,,-1.6201578504096181,-1.5860698349205187,-6.163398384347571e-13,-0.034088015489099455,0.001,-0.3408801548892182,10.0,0.0,1.0,0.0,0
21247000000,2108,21247000000,,-1.6201578504096181,-1.586069834920524,-5.408891174528172e-13,-0.034088015489094126,0.001,-0.3408801548891649,10.0,0.0,1.0,0.0,0
21257000000,2109,21257000000,,-1.6201578504096181,-1.5860698349205276,-3.4659441229883245e-13,-0.03408801548909057,0.001,-0.34088015489090573,10.0,0.0,1.0,0.0,0
21267000000,2110,21267000000,,-1.6201578504096181,-1.5860698349205329,-5.377880434490754e-13,-0.034088015489085244,0.001,-0.3408801548890761,10.0,0.0,1.0,0.0,0
21277000000,2111,21277000000,,-1.6201578504096181,-1.5860698349205364,-2.0610008604385193e-13,-0.03408801548908169,0.001,-0.3408801548908169,10.0,0.0,1.0,0.0,0
21287000000,2112,21287000000,,-1.6201578504096181,-1.58606983492054,-1.6639625008706443e-13,-0.03408801548907814,0.001,-0.3408801548907814,10.0,0.0,1.0,0.0,0
21297000000,2113,21297000000,,-1.6201578504096181,-1.5860698349205435,-4.41238642319724e-13,-0.034088015489074586,0.001,-0.3408801548889695,10.0,0.0,1.0,0.0,0
21307000000,2114,21307000000,,-1.6201578504096181,-1.5860698349205453,-3.22521174693906e-13,-0.03408801548907281,0.001,-0.3408801548907281,10.0,0.0,1.0,0.0,0
21317000000,2115,21317000000,,-1.6201578504096181,-1.586069834920547,-2.7282178947868036e-13,-0.03408801548907103,0.001,-0.34088015489071033,10.0,0.0,1.0,0.0,0
21327000000,2116,21327000000,,-1.6201578504096181,-1.5860698349205506,-8.416074169030098e-14,-0.03408801548906748,0.001,-0.3408801548906748,10.0,0.0,1.0,0.0,0
21337000000,2117,21337000000,,-1.6201578504096181,-1.5860698349205524,-1.1594196815940022e-13,-0.034088015489065704,0.001,-0.34088015489065704,10.0,0.0,1.0,0.0,0
21347000000,2118,21347000000,,-1.6201578504096181,-1.5860698349205542,-9.235587589439675e-14,-0.03408801548906393,0.001,-0.3408801548906393,10.0,0.0,1.0,0.0,0
21357000000,2119,21357000000,,-1.6201578504096181,-1.586069834920556,-4.007404796622142e-14,-0.03408801548906215,0.001,-0.3408801548906215,10.0,0.0,1.0,0.0,0
21367000000,2120,21367000000,,-1.6201578504096181,-1.5860698349205578,-1.7622523448490746e-13,-0.034088015489060375,0.001,-0.3408801548888274,10.0,0.0,1.0,0.0,0
21377000000,2121,21377000000,,-1.6201578504096181,-1.5860698349205578,-1.634602235374845e-13,-0.034088015489060375,0.001,-0.34088015489060375,10.0,0.0,1.0,0.0,0
21387000000,2122,21387000000,,-1.6201578504096181,-1.5860698349205595,-4.557345416246823e-14,-0.0340880154890586,0.001,-0.340880154890586,10.0,0.0,1.0,0.0,0
21397000000,2123,21397000000,,-1.6201578504096181,-1.5860698349205613,3.912389152582363e-14,-0.03408801548905682,0.001,-0.3408801548905682,10.0,0.0,1.0,0.0,0
21407000000,2124,21407000000,,-1.6201578504096181,-1.5860698349205613,-7.677079459219933e-14,-0.03408801548905682,0.001,-0.3408801548905682,10.0,0.0,1.0,0.0,0
21417000000,2125,21417000000,,-1.6201578504096181,-1.5860698349205622,2.7446211859984005e-14,-0.034088015489055934,0.001,-0.3408801548914475,10.0,0.0,1.0,0.0,0
21427000000,2126,21427000000,,-1.6201578504096181,-1.586069834920564,8.819054773911153e-14,-0.03408801548905416,0.001,-0.3408801548905416,10.0,0.0,1.0,0.0,0
21437000000,2127,21437000000,,-1.6201578504096181,-1.586069834920564,9.931806563928087e-15,-0.03408801548905416,0.001,-0.3408801548905416,10.0,0.0,1.0,0.0,0
21447000000,2128,21447000000,,-1.6201578504096181,-1.586069834920564,-1.570559733242675e-13,-0.03408801548905416,0.001,-0.3408801548905416,10.0,0.0,1.0,0.0,0
21457000000,2129,21457000000,,-1.6201578504096181,-1.5860698349205657,-2.196291880860214e-13,-0.03408801548905238,0.001,-0.34088015488874746,10.0,0.0,1.0,0.0,0
21467000000,2130,21467000000,,-1.6201578504096181,-1.5860698349205666,1.276281100894389e-13,-0.03408801548905149,0.001,-0.34088015489051493,10.0,0.0,1.0,0.0,0
21477000000,2131,21477000000,,-1.6201578504096181,-1.5860698349205657,-7.181066000731503e-14,-0.03408801548905238,0.001,-0.3408801548905238,10.0,0.0,1.0,0.0,0
21487000000,2132,21487000000,,-1.6201578504096181,-1.5860698349205657,-1.7871234229854053e-13,-0.03408801548905238,0.001,-0.3408801548905238,10.0,0.0,1.0,0.0,0
21497000000,2133,21497000000,,-1.6201578504096181,-1.5860698349205666,-3.7564170820637093e-14,-0.03408801548905149,0.001,-0.34088015489051493,10.0,0.0,1.0,0.0,0
21507000000,2134,21507000000,,-1.6201578504096181,-1.5860698349205666,-1.1546182261938878e-13,-0.03408801548905149,0.001,-0.34088015489051493,10.0,0.0,1.0,0.0,0
21517000000,2135,21517000000,,-1.6201578504096181,-1.5860698349205675,1.8450905022689527e-14,-0.034088015489050605,0.001,-0.34088015489050605,10.0,0.0,1.0,0.0,0
21527000000,2136,21527000000,,-1.6201578504096181,-1.5860698349205675,-5.201920441127735e-14,-0.034088015489050605,0.001,-0.34088015489050605,10.0,0.0,1.0,0.0,0
21537000000,2137,21537000000,,-1.6201578504096181,-1.5860698349205675,-8.942978129296516e-14,-0.034088015489050605,0.001,-0.34088015489050605,10.0,0.0,1.0,0.0,0
21547000000,2138,21547000000,,-1.6201578504096181,-1.5860698349205684,6.088360398408514e-14,-0.03408801548904972,0.001,-0.34088015489049717,10.0,0.0,1.0,0.0,0
21557000000,2139,21557000000,,-1.6201578504096181,-1.5860698349205684,3.286296893590986e-14,-0.03408801548904972,0.001,-0.34088015489049717,10.0,0.0,1.0,0.0,0
21567000000,2140,21567000000,,-1.6201578504096181,-1.5860698349205684,4.691493740560589e-15,-0.03408801548904972,0.001,-0.34088015489049717,10.0,0.0,1.0,0.0,0
21577000000,2141,21577000000,,-1.6201578504096181,-1.5860698349205684,-2.3216980838892343e-14,-0.03408801548904972,0.001,-0.34088015489049717,10.0,0.0,1.0,0.0,0
21587000000,2142,21587000000,,-1.6201578504096181,-1.5860698349205684,-5.4760820863639664e-14,-0.03408801548904972,0.001,-0.34088015489049717,10.0,0.0,1.0,0.0,0
21597000000,2143,21597000000,,-1.6201578504096181,-1.5860698349205684,-9.154358488613914e-14,-0.03408801548904972,0.001,-0.34088015489049717,10.0,0.0,1.0,0.0,0
21607000000,2144,21607000000,,-1.6201578504096181,-1.5860698349205693,4.611726695569921e-14,-0.03408801548904883,0.001,-0.3408801548904883,10.0,0.0,1.0,0.0,0
21617000000,2145,21617000000,,-1.6201578504096181,-1.5860698349205693,3.37164391068503e-14,-0.03408801548904883,0.001,-0.3408801548904883,10.0,0.0,1.0,0.0,0
21627000000,2146,21627000000,,-1.6201578504096181,-1.5860698349205693,2.0540579677451985e-14,-0.03408801548904883,0.001,-0.3408801548904883,10.0,0.0,1.0,0.0,0
21637000000,2147,21637000000,,-1.6201578504096181,-1.5860698349205693,2.440223411539449e-15,-0.03408801548904883,0.001,-0.3408801548904883,10.0,0.0,1.0,0.0,0
21647000000,2148,21647000000,,-1.6201578504096181,-1.5860698349205693,-2.545969979484734e-14,-0.03408801548904883,0.001,-0.3408801548904883,10.0,0.0,1.0,0.0,0
21657000000,2149,21657000000,,-1.6201578504096181,-1.5860698349205693,-2.9750776885463346e-14,-0.03408801548904883,0.001,-0.3408801548904883,10.0,0.0,1.0,0.0,0
21667000000,2150,21667000000,,-1.6201578504096181,-1.5860698349205693,-3.8935668607811666e-14,-0.03408801548904883,0.001,-0.3408801548904883,10.0,0.0,1.0,0.0,0
21677000000,2151,21677000000,,-1.6201578504096181,-1.5860698349205693,-4.891464064785765e-14,-0.03408801548904883,0.001,-0.3408801548904883,10.0,0.0,1.0,0.0,0
21687000000,2152,21687000000,,-1.6201578504096181,-1.5860698349205693,-5.806976008499535e-14,-0.03408801548904883,0.001,-0.3408801548904883,10.0,0.0,1.0,0.0,0
21697000000,2153,21697000000,,-1.6201578504096181,-1.5860698349205693,-6.695403447883173e-14,-0.03408801548904883,0.001,-0.3408801548904883,10.0,0.0,1.0,0.0,0
21707000000,2154,21707000000,,-1.6201578504096181,-1.5860698349205693,-7.680897921464596e-14,-0.03408801548904883,0.001,-0.3408801548904883,10.0,0.0,1.0,0.0,0
21717000000,2155,21717000000,,-1.6201578504096181,-1.5860698349205693,-8.540458695799078e-14,-0.03408801548904883,0.001,-0.3408801548904883,10.0,0.0,1.0,0.0,0
21727000000,2156,21727000000,,-1.6201578504096181,-1.5860698349205693,-6.36334064499873e-14,-0.03408801548904883,0.001,-0.3408801548904883,10.0,0.0,1.0,0.0,0
21737000000,2157,21737000000,,-1.6201578504096181,-1.5860698349205693,-8.849465878613837e-14,-0.03408801548904883,0.001,-0.3408801548904883,10.0,0.0,1.0,0.0,0
21747000000,2158,21747000000,,-1.6201578504096181,-1.5860698349205693,-1.1774814738873365e-13,-0.03408801548904883,0.001,-0.3408801548904883,10.0,0.0,1.0,0.0,0
21757000000,2159,21757000000,,-1.6201578504096181,-1.5860698349205702,3.4569641230920785e-14,-0.03408801548904794,0.001,-0.3408801548904794,10.0,0.0,1.0,0.0,0
21767000000,2160,21767000000,,-1.6201578504096181,-1.5860698349205702,4.048840868258395e-14,-0.03408801548904794,0.001,-0.3408801548904794,10.0,0.0,1.0,0.0,0
21777000000,2161,21777000000,,-1.6201578504096181,-1.5860698349205702,4.604702896618247e-14,-0.03408801548904794,0.001,-0.3408801548904794,10.0,0.0,1.0,0.0,0
21787000000,2162,21787000000,,-1.6201578504096181,-1.5860698349205702,6.762076390171046e-14,-0.03408801548904794,0.001,-0.3408801548904794,10.0,0.0,1.0,0.0,0
21797000000,2163,21797000000,,-1.6201578504096181,-1.5860698349205702,7.302467568367096e-14,-0.03408801548904794,0.001,-0.3408801548904794,10.0,0.0,1.0,0.0,0
21807000000,2164,21807000000,,-1.6201578504096181,-1.5860698349205702,7.887375205893665e-14,-0.03408801548904794,0.001,-0.3408801548904794,10.0,0.0,1.0,0.0,0
21817000000,2165,21817000000,,-1.6201578504096181,-1.5860698349205702,1.0640123558731239e-13,-0.03408801548904794,0.001,-0.3408801548904794,10.0,0.0,1.0,0.0,0
21827000000,2166,21827000000,,-1.6201578504096181,-1.5860698349205702,1.0187509274140167e-13,-0.03408801548904794,0.001,-0.3408801548904794,10.0,0.0,1.0,0.0,0
21837000000,2167,21837000000,,-1.6201578504096181,-1.5860698349205693,-4.795360443908347e-14,-0.03408801548904883,0.001,-0.3408801548904883,10.0,0.0,1.0,0.0,0
21847000000,2168,21847000000,,-1.6201578504096181,-1.5860698349205693,-7.296416116354608e-14,-0.03408801548904883,0.001,-0.3408801548904883,10.0,0.0,1.0,0.0,0
21857000000,2169,21857000000,,-1.6201578504096181,-1.5860698349205693,-8.246414027057132e-14,-0.03408801548904883,0.001,-0.3408801548904883,10.0,0.0,1.0,0.0,0
21867000000,2170,21867000000,,-1.6201578504096181,-1.5860698349205693,-1.2714433130725972e-13,-0.03408801548904883,0.001,-0.3408801548904883,10.0,0.0,1.0,0.0,0
21877000000,2171,21877000000,,-1.6201578504096181,-1.586069834920571,-1.2947544795299122e-13,-0.03408801548904705,0.001,-0.34088015488869416,10.0,0.0,1.0,0.0,0
21887000000,2172,21887000000,,-1.6201578504096181,-1.5860698349205702,2.942097442804709e-14,-0.03408801548904794,0.001,-0.3408801548904794,10.0,0.0,1.0,0.0,0
21897000000,2173,21897000000,,-1.6201578504096181,-1.5860698349205702,3.51753839945991e-14,-0.03408801548904794,0.001,-0.3408801548904794,10.0,0.0,1.0,0.0,0
21907000000,2174,21907000000,,-1.6201578504096181,-1.5860698349205702,4.0154494392587336e-14,-0.03408801548904794,0.001,-0.3408801548904794,10.0,0.0,1.0,0.0,0
21917000000,2175,21917000000,,-1.6201578504096181,-1.5860698349205702,6.161209555811906e-14,-0.03408801548904794,0.001,-0.3408801548904794,10.0,0.0,1.0,0.0,0
21927000000,2176,21927000000,,-1.6201578504096181,-1.5860698349205702,6.747695080897857e-14,-0.03408801548904794,0.001,-0.3408801548904794,10.0,0.0,1.0,0.0,0
21937000000,2177,21937000000,,-1.6201578504096181,-1.5860698349205702,7.278911652858421e-14,-0.03408801548904794,0.001,-0.3408801548904794,10.0,0.0,1.0,0.0,0
21947000000,2178,21947000000,,-1.6201578504096181,-1.5860698349205702,8.432772805102447e-14,-0.03408801548904794,0.001,-0.3408801548904794,10.0,0.0,1.0,0.0,0
21957000000,2179,21957000000,,-1.6201578504096181,-1.5860698349205702,9.00279772265378e-14,-0.03408801548904794,0.001,-0.3408801548904794,10.0,0.0,1.0,0.0,0
21967000000,2180,21967000000,,-1.6201578504096181,-1.5860698349205702,9.958355775580068e-14,-0.03408801548904794,0.001,-0.3408801548904794,10.0,0.0,1.0,0.0,0
21977000000,2181,21977000000,,-1.6201578504096181,-1.5860698349205693,-4.697840118899893e-14,-0.03408801548904883,0.001,-0.3408801548904883,10.0,0.0,1.0,0.0,0
21987000000,2182,21987000000,,-1.6201578504096181,-1.5860698349205693,-6.797061890514071e-14,-0.03408801548904883,0.001,-0.3408801548904883,10.0,0.0,1.0,0.0,0
21997000000,2183,21997000000,,-1.6201578504096181,-1.5860698349205693,-1.1108498854170011e-13,-0.03408801548904883,0.001,-0.3408801548904883,10.0,0.0,1.0,0.0,0
22007000000,2184,22007000000,,-1.6201578504096181,-1.5860698349205693,-1.4306820779279445e-13,-0.03408801548904883,0.001,-0.3408801548904883,10.0,0.0,1.0,0.0,0
22017000000,2185,22017000000,,-1.6201578504096181,-1.5860698349205702,3.5300356310666176e-14,-0.03408801548904794,0.001,-0.3408801548904794,10.0,0.0,1.0,0.0,0
22027000000,2186,22027000000,,-1.6201578504096181,-1.5860698349205702,4.090702409539711e-14,-0.03408801548904794,0.001,-0.3408801548904794,10.0,0.0,1.0,0.0,0
22037000000,2187,22037000000,,-1.6201578504096181,-1.5860698349205702,5.272944949877667e-14,-0.03408801548904794,0.001,-0.3408801548904794,10.0,0.0,1.0,0.0,0
22047000000,2188,22047000000,,-1.6201578504096181,-1.5860698349205702,5.831879188403347e-14,-0.03408801548904794,0.001,-0.3408801548904794,10.0,0.0,1.0,0.0,0
22057000000,2189,22057000000,,-1.6201578504096181,-1.5860698349205702,6.214152264148585e-14,-0.03408801548904794,0.001,-0.3408801548904794,10.0,0.0,1.0,0.0,0
22067000000,2190,22067000000,,-1.6201578504096181,-1.5860698349205702,9.149874943328076e-14,-0.03408801548904794,0.001,-0.3408801548904794,10.0,0.0,1.0,0.0,0
22077000000,2191,22077000000,,-1.6201578504096181,-1.5860698349205702,6.7504401602269e-14,-0.03408801548904794,0.001,-0.3408801548904794,10.0,0.0,1.0,0.0,0
22087000000,2192,22087000000,,-1.6201578504096181,-1.5860698349205702,7.55448366347958e-14,-0.03408801548904794,0.001,-0.3408801548904794,10.0,0.0,1.0,0.0,0
22097000000,2193,22097000000,,-1.6201578504096181,-1.5860698349205702,7.943482478711531e-14,-0.03408801548904794,0.001,-0.3408801548904794,10.0,0.0,1.0,0.0,0
22107000000,2194,22107000000,,-1.6201578504096181,-1.5860698349205702,8.36946948466018e-14,-0.03408801548904794,0.001,-0.3408801548904794,10.0,0.0,1.0,0.0,0
22117000000,2195,22117000000,,-1.6201578504096181,-1.5860698349205693,-7.704979604717248e-14,-0.03408801548904883,0.001,-0.3408801548904883,10.0,0.0,1.0,0.0,0
22127000000,2196,22127000000,,-1.6201578504096181,-1.5860698349205693,-8.810668274232095e-14,-0.03408801548904883,0.001,-0.3408801548904883,10.0,0.0,1.0,0.0,0
22137000000,2197,22137000000,,-1.6201578504096181,-1.5860698349205693,-7.755085323774431e-14,-0.03408801548904883,0.001,-0.3408801548904883,10.0,0.0,1.0,0.0,0
22147000000,2198,22147000000,,-1.6201578504096181,-1.5860698349205693,-1.0343069931554414e-13,-0.03408801548904883,0.001,-0.3408801548904883,10.0,0.0,1.0,0.0,0
22157000000,2199,22157000000,,-1.6201578504096181,-1.5860698349205702,3.0622650683952934e-14,-0.03408801548904794,0.001,-0.3408801548904794,10.0,0.0,1.0,0.0,0
22167000000,2200,22167000000,,-1.6201578504096181,-1.5860698349205702,3.50351635259073e-14,-0.03408801548904794,0.001,-0.3408801548904794,10.0,0.0,1.0,0.0,0
22177000000,2201,22177000000,,-1.6201578504096181,-1.5860698349205702,5.525024035606276e-14,-0.03408801548904794,0.001,-0.3408801548904794,10.0,0.0,1.0,0.0,0
22187000000,2202,22187000000,,-1.6201578504096181,-1.5860698349205702,6.005265779707439e-14,-0.03408801548904794,0.001,-0.3408801548904794,10.0,0.0,1.0,0.0,0
22197000000,2203,22197000000,,-1.6201578504096181,-1.5860698349205702,6.466462265560578e-14,-0.03408801548904794,0.001,-0.3408801548904794,10.0,0.0,1.0,0.0,0
22207000000,2204,22207000000,,-1.6201578504096181,-1.5860698349205702,8.66092151181056e-14,-0.03408801548904794,0.001,-0.3408801548904794,10.0,0.0,1.0,0.0,0
22217000000,2205,22217000000,,-1.6201578504096181,-1.5860698349205702,1.0695223110711329e-13,-0.03408801548904794,0.001,-0.3408801548904794,10.0,0.0,1.0,0.0,0
22227000000,2206,22227000000,,-1.6201578504096181,-1.5860698349205702,1.1135747257668042e-13,-0.03408801548904794,0.001,-0.3408801548904794,10.0,0.0,1.0,0.0,0
22237000000,2207,22237000000,,-1.6201578504096181,-1.5860698349205702,1.0053080431171298e-13,-0.03408801548904794,0.001,-0.3408801548904794,10.0,0.0,1.0,0.0,0
22247000000,2208,22247000000,,-1.6201578504096181,-1.5860698349205702,1.2251288800982962e-13,-0.03408801548904794,0.001,-0.3408801548904794,10.0,0.0,1.0,0.0,0
22257000000,2209,22257000000,,-1.6201578504096181,-1.5860698349205693,-6.621282670401407e-14,-0.03408801548904883,0.001,-0.3408801548904883,10.0,0.0,1.0,0.0,0
22267000000,2210,22267000000,,-1.6201578504096181,-1.5860698349205693,-7.714911580095349e-14,-0.03408801548904883,0.001,-0.3408801548904883,10.0,0.0,1.0,0.0,0
22277000000,2211,22277000000,,-1.6201578504096181,-1.5860698349205693,-1.0584354293921811e-13,-0.03408801548904883,0.001,-0.3408801548904883,10.0,0.0,1.0,0.0,0
22287000000,2212,22287000000,,-1.6201578504096181,-1.5860698349205693,-1.1718505981750808e-13,-0.03408801548904883,0.001,-0.3408801548904883,10.0,0.0,1.0,0.0,0
22297000000,2213,22297000000,,-1.6201578504096181,-1.5860698349205702,5.237555341505713e-14,-0.03408801548904794,0.001,-0.3408801548904794,10.0,0.0,1.0,0.0,0
22307000000,2214,22307000000,,-1.6201578504096181,-1.5860698349205702,5.6842848195779215e-14,-0.03408801548904794,0.001,-0.3408801548904794,10.0,0.0,1.0,0.0,0
22317000000,2215,22317000000,,-1.6201578504096181,-1.5860698349205702,6.135022763861626e-14,-0.03408801548904794,0.001,-0.3408801548904794,10.0,0.0,1.0,0.0,0
22327000000,2216,22327000000,,-1.6201578504096181,-1.5860698349205702,8.151769300296503e-14,-0.03408801548904794,0.001,-0.3408801548904794,10.0,0.0,1.0,0.0,0
22337000000,2217,22337000000,,-1.6201578504096181,-1.5860698349205702,8.646173892708566e-14,-0.03408801548904794,0.001,-0.3408801548904794,10.0,0.0,1.0,0.0,0
22347000000,2218,22347000000,,-1.6201578504096181,-1.5860698349205702,9.938552153528745e-14,-0.03408801548904794,0.001,-0.3408801548904794,10.0,0.0,1.0,0.0,0
22357000000,2219,22357000000,,-1.6201578504096181,-1.5860698349205702,1.036190144787668e-13,-0.03408801548904794,0.001,-0.3408801548904794,10.0,0.0,1.0,0.0,0
22367000000,2220,22367000000,,-1.6201578504096181,-1.5860698349205702,1.0853914603799697e-13,-0.03408801548904794,0.001,-0.3408801548904794,10.0,0.0,1.0,0.0,0
22377000000,2221,22377000000,,-1.6201578504096181,-1.5860698349205702,1.2508127702971433e-13,-0.03408801548904794,0.001,-0.3408801548904794,10.0,0.0,1.0,0.0,0
22387000000,2222,22387000000,,-1.6201578504096181,-1.5860698349205693,-4.9824192595370805e-14,-0.03408801548904883,0.001,-0.3408801548904883,10.0,0.0,1.0,0.0,0
22397000000,2223,22397000000,,-1.6201578504096181,-1.5860698349205693,-6.879524903266054e-14,-0.03408801548904883,0.001,-0.3408801548904883,10.0,0.0,1.0,0.0,0
22407000000,2224,22407000000,,-1.6201578504096181,-1.5860698349205693,-9.755687032818902e-14,-0.03408801548904883,0.001,-0.3408801548904883,10.0,0.0,1.0,0.0,0
22417000000,2225,22417000000,,-1.6201578504096181,-1.5860698349205693,-1.0531203536710252e-13,-0.03408801548904883,0.001,-0.3408801548904883,10.0,0.0,1.0,0.0,0
22427000000,2226,22427000000,,-1.6201578504096181,-1.5860698349205693,-1.185796784702975e-13,-0.03408801548904883,0.001,-0.3408801548904883,10.0,0.0,1.0,0.0,0
22437000000,2227,22437000000,,-1.6201578504096181,-1.5860698349205702,2.4013037362237054e-14,-0.03408801548904794,0.001,-0.3408801548904794,10.0,0.0,1.0,0.0,0
22447000000,2228,22447000000,,-1.6201578504096181,-1.5860698349205702,2.534781011417515e-14,-0.03408801548904794,0.001,-0.3408801548904794,10.0,0.0,1.0,0.0,0
22457000000,2229,22457000000,,-1.6201578504096181,-1.5860698349205702,3.332460735847842e-14,-0.03408801548904794,0.001,-0.3408801548904794,10.0,0.0,1.0,0.0,0
22467000000,2230,22467000000,,-1.6201578504096181,-1.5860698349205702,5.317723378045597e-14,-0.03408801548904794,0.001,-0.3408801548904794,10.0,0.0,1.0,0.0,0
22477000000,2231,22477000000,,-1.6201578504096181,-1.5860698349205702,5.537170472081047e-14,-0.03408801548904794,0.001,-0.3408801548904794,10.0,0.0,1.0,0.0,0
22487000000,2232,22487000000,,-1.6201578504096181,-1.5860698349205702,5.98133864738768e-14,-0.03408801548904794,0.001,-0.3408801548904794,10.0,0.0,1.0,0.0,0
22497000000,2233,22497000000,,-1.6201578504096181,-1.5860698349205702,8.164377656892743e-14,-0.03408801548904794,0.001,-0.3408801548904794,10.0,0.0,1.0,0.0,0
22507000000,2234,22507000000,,-1.6201578504096181,-1.5860698349205702,8.567547261259304e-14,-0.03408801548904794,0.001,-0.3408801548904794,10.0,0.0,1.0,0.0,0
22517000000,2235,22517000000,,-1.6201578504096181,-1.5860698349205702,8.986482230183557e-14,-0.03408801548904794,0.001,-0.3408801548904794,10.0,0.0,1.0,0.0,0
22527000000,2236,22527000000,,-1.6201578504096181,-1.5860698349205702,1.0964700165216676e-13,-0.03408801548904794,0.001,-0.3408801548904794,10.0,0.0,1.0,0.0,0
22537000000,2237,22537000000,,-1.6201578504096181,-1.5860698349205693,-7.380174828177827e-14,-0.03408801548904883,0.001,-0.3408801548904883,10.0,0.0,1.0,0.0,0
22547000000,2238,22547000000,,-1.6201578504096181,-1.5860698349205693,-8.543055547723519e-14,-0.03408801548904883,0.001,-0.3408801548904883,10.0,0.0,1.0,0.0,0
22557000000,2239,22557000000,,-1.6201578504096181,-1.5860698349205693,-9.694344920513358e-14,-0.03408801548904883,0.001,-0.3408801548904883,10.0,0.0,1.0,0.0,0
22567000000,2240,22567000000,,-1.6201578504096181,-1.5860698349205702,1.7222019296141108e-13,-0.03408801548904794,0.001,-0.3408801548913676,10.0,0.0,1.0,0.0,0
22577000000,2241,22577000000,,-1.6201578504096181,-1.5860698349205702,8.10629736811481e-14,-0.03408801548904794,0.001,-0.3408801548904794,10.0,0.0,1.0,0.0,0
22587000000,2242,22587000000,,-1.6201578504096181,-1.5860698349205702,8.550066957294594e-14,-0.03408801548904794,0.001,-0.3408801548904794,10.0,0.0,1.0,0.0,0
22597000000,2243,22597000000,,-1.6201578504096181,-1.5860698349205702,8.939623955799858e-14,-0.03408801548904794,0.001,-0.3408801548904794,10.0,0.0,1.0,0.0,0
22607000000,2244,22607000000,,-1.6201578504096181,-1.5860698349205702,9.388799153308186e-14,-0.03408801548904794,0.001,-0.3408801548904794,10.0,0.0,1.0,0.0,0
22617000000,2245,22617000000,,-1.6201578504096181,-1.5860698349205702,9.830098661072908e-14,-0.03408801548904794,0.001,-0.3408801548904794,10.0,0.0,1.0,0.0,0
22627000000,2246,22627000000,,-1.6201578504096181,-1.5860698349205702,1.0288578172995736e-13,-0.03408801548904794,0.001,-0.3408801548904794,10.0,0.0,1.0,0.0,0
22637000000,2247,22637000000,,-1.6201578504096181,-1.5860698349205702,1.0734220820044535e-13,-0.03408801548904794,0.001,-0.3408801548904794,10.0,0.0,1.0,0.0,0
22647000000,2248,22647000000,,-1.6201578504096181,-1.5860698349205702,1.1133545293698188e-13,-0.03408801548904794,0.001,-0.3408801548904794,10.0,0.0,1.0,0.0,0
22657000000,2249,22657000000,,-1.6201578504096181,-1.5860698349205693,-5.510326610824116e-14,-0.03408801548904883,0.001,-0.3408801548904883,10.0,0.0,1.0,0.0,0
22667000000,2250,22667000000,,-1.6201578504096181,-1.5860698349205693,-6.528267867226288e-14,-0.03408801548904883,0.001,-0.3408801548904883,10.0,0.0,1.0,0.0,0
22677000000,2251,22677000000,,-1.6201578504096181,-1.5860698349205693,-9.560474114135155e-14,-0.03408801548904883,0.001,-0.3408801548904883,10.0,0.0,1.0,0.0,0
22687000000,2252,22687000000,,-1.6201578504096181,-1.5860698349205693,-1.2235891500890531e-13,-0.03408801548904883,0.001,-0.3408801548904883,10.0,0.0,1.0,0.0,0
22697000000,2253,22697000000,,-1.6201578504096181,-1.5860698349205702,4.020841155336605e-14,-0.03408801548904794,0.001,-0.3408801548904794,10.0,0.0,1.0,0.0,0
22707000000,2254,22707000000,,-1.6201578504096181,-1.5860698349205702,4.42925682601978e-14,-0.03408801548904794,0.001,-0.3408801548904794,10.0,0.0,1.0,0.0,0
22717000000,2255,22717000000,,-1.6201578504096181,-1.5860698349205702,6.482860987644796e-14,-0.03408801548904794,0.001,-0.3408801548904794,10.0,0.0,1.0,0.0,0
22727000000,2256,22727000000,,-1.6201578504096181,-1.5860698349205702,6.936560942195064e-14,-0.03408801548904794,0.001,-0.3408801548904794,10.0,0.0,1.0,0.0,0
22737000000,2257,22737000000,,-1.6201578504096181,-1.5860698349205702,7.346996274354713e-14,-0.03408801548904794,0.001,-0.3408801548904794,10.0,0.0,1.0,0.0,0
22747000000,2258,22747000000,,-1.6201578504096181,-1.5860698349205702,9.357879938159038e-14,-0.03408801548904794,0.001,-0.3408801548904794,10.0,0.0,1.0,0.0,0
22757000000,2259,22757000000,,-1.6201578504096181,-1.5860698349205702,9.817138481302542e-14,-0.03408801548904794,0.001,-0.3408801548904794,10.0,0.0,1.0,0.0,0
22767000000,2260,22767000000,,-1.6201578504096181,-1.5860698349205702,1.0470968216346005e-13,-0.03408801548904794,0.001,-0.3408801548904794,10.0,0.0,1.0,0.0,0
22777000000,2261,22777000000,,-1.6201578504096181,-1.5860698349205702,1.0789233135098786e-13,-0.03408801548904794,0.001,-0.3408801548904794,10.0,0.0,1.0,0.0,0
22787000000,2262,22787000000,,-1.6201578504096181,-1.5860698349205702,1.1229706043948721e-13,-0.03408801548904794,0.001,-0.3408801548904794,10.0,0.0,1.0,0.0,0
22797000000,2263,22797000000,,-1.6201578504096181,-1.5860698349205693,-5.867129173104527e-14,-0.03408801548904883,0.001,-0.3408801548904883,10.0,0.0,1.0,0.0,0
22807000000,2264,22807000000,,-1.6201578504096181,-1.5860698349205693,-4.382622928074958e-14,-0.03408801548904883,0.001,-0.3408801548904883,10.0,0.0,1.0,0.0,0
22817000000,2265,22817000000,,-1.6201578504096181,-1.5860698349205693,-8.885894025342272e-14,-0.03408801548904883,0.001,-0.3408801548904883,10.0,0.0,1.0,0.0,0
22827000000,2266,22827000000,,-1.6201578504096181,-1.5860698349205693,-1.1563673713335963e-13,-0.03408801548904883,0.001,-0.3408801548904883,10.0,0.0,1.0,0.0,0
22837000000,2267,22837000000,,-1.6201578504096181,-1.586069834920571,-1.4566816340469514e-13,-0.03408801548904705,0.001,-0.34088015488869416,10.0,0.0,1.0,0.0,0
22847000000,2268,22847000000,,-1.6201578504096181,-1.5860698349205702,2.6762973548980918e-14,-0.03408801548904794,0.001,-0.3408801548904794,10.0,0.0,1.0,0.0,0
22857000000,2269,22857000000,,-1.6201578504096181,-1.5860698349205702,3.0833092692437444e-14,-0.03408801548904794,0.001,-0.3408801548904794,10.0,0.0,1.0,0.0,0
22867000000,2270,22867000000,,-1.6201578504096181,-1.5860698349205702,3.534785060533696e-14,-0.03408801548904794,0.001,-0.3408801548904794,10.0,0.0,1.0,0.0,0
22877000000,2271,22877000000,,-1.6201578504096181,-1.5860698349205702,3.933608652777286e-14,-0.03408801548904794,0.001,-0.3408801548904794,10.0,0.0,1.0,0.0,0
22887000000,2272,22887000000,,-1.6201578504096181,-1.5860698349205702,4.357009314274615e-14,-0.03408801548904794,0.001,-0.3408801548904794,10.0,0.0,1.0,0.0,0
22897000000,2273,22897000000,,-1.6201578504096181,-1.5860698349205702,6.36786958122055e-14,-0.03408801548904794,0.001,-0.3408801548904794,10.0,0.0,1.0,0.0,0
22907000000,2274,22907000000,,-1.6201578504096181,-1.5860698349205702,6.546397915070651e-14,-0.03408801548904794,0.001,-0.3408801548904794,10.0,0.0,1.0,0.0,0
22917000000,2275,22917000000,,-1.6201578504096181,-1.5860698349205702,8.820186287707703e-14,-0.03408801548904794,0.001,-0.3408801548904794,10.0,0.0,1.0,0.0,0
22927000000,2276,22927000000,,-1.6201578504096181,-1.5860698349205702,1.0044387839785784e-13,-0.03408801548904794,0.001,-0.3408801548904794,10.0,0.0,1.0,0.0,0
22937000000,2277,22937000000,,-1.6201578504096181,-1.5860698349205702,1.0459467933340065e-13,-0.03408801548904794,0.001,-0.3408801548904794,10.0,0.0,1.0,0.0,0
22947000000,2278,22947000000,,-1.6201578504096181,-1.5860698349205702,1.2575394341845002e-13,-0.03408801548904794,0.001,-0.3408801548904794,10.0,0.0,1.0,0.0,0
22957000000,2279,22957000000,,-1.6201578504096181,-1.5860698349205693,-5.510300272991659e-14,-0.03408801548904883,0.001,-0.3408801548904883,10.0,0.0,1.0,0.0,0
22967000000,2280,22967000000,,-1.6201578504096181,-1.5860698349205693,-7.487936016873065e-14,-0.03408801548904883,0.001,-0.3408801548904883,10.0,0.0,1.0,0.0,0
22977000000,2281,22977000000,,-1.6201578504096181,-1.5860698349205693,-8.720305477542031e-14,-0.03408801548904883,0.001,-0.3408801548904883,10.0,0.0,1.0,0.0,0
22987000000,2282,22987000000,,-1.6201578504096181,-1.5860698349205693,-1.0291704457190272e-13,-0.03408801548904883,0.001,-0.3408801548904883,10.0,0.0,1.0,0.0,0
22997000000,2283,22997000000,,-1.6201578504096181,-1.5860698349205702,5.078221557622679e-14,-0.03408801548904794,0.001,-0.3408801548904794,10.0,0.0,1.0,0.0,0
23007000000,2284,23007000000,,-1.6201578504096181,-1.5860698349205702,5.516112187475276e-14,-0.03408801548904794,0.001,-0.3408801548904794,10.0,0.0,1.0,0.0,0
23017000000,2285,23017000000,,-1.6201578504096181,-1.5860698349205702,5.912613839104374e-14,-0.03408801548904794,0.001,-0.3408801548904794,10.0,0.0,1.0,0.0,0
23027000000,2286,23027000000,,-1.6201578504096181,-1.5860698349205702,8.162070450666344e-14,-0.03408801548904794,0.001,-0.3408801548904794,10.0,0.0,1.0,0.0,0
23037000000,2287,23037000000,,-1.6201578504096181,-1.5860698349205702,8.617200259225341e-14,-0.03408801548904794,0.001,-0.3408801548904794,10.0,0.0,1.0,0.0,0
23047000000,2288,23047000000,,-1.6201578504096181,-1.5860698349205702,9.023083777168559e-14,-0.03408801548904794,0.001,-0.3408801548904794,10.0,0.0,1.0,0.0,0
23057000000,2289,23057000000,,-1.6201578504096181,-1.5860698349205702,1.0961872596645918e-13,-0.03408801548904794,0.001,-0.3408801548904794,10.0,0.0,1.0,0.0,0
23067000000,2290,23067000000,,-1.6201578504096181,-1.5860698349205693,-7.194308625355724e-14,-0.03408801548904883,0.001,-0.3408801548904883,10.0,0.0,1.0,0.0,0
23077000000,2291,23077000000,,-1.6201578504096181,-1.5860698349205693,-9.22010587986322e-14,-0.03408801548904883,0.001,-0.3408801548904883,10.0,0.0,1.0,0.0,0
23087000000,2292,23087000000,,-1.6201578504096181,-1.5860698349205693,-1.0286928207909885e-13,-0.03408801548904883,0.001,-0.3408801548904883,10.0,0.0,1.0,0.0,0
23097000000,2293,23097000000,,-1.6201578504096181,-1.5860698349205702,1.8761882196132121e-13,-0.03408801548904794,0.001,-0.3408801548913676,10.0,0.0,1.0,0.0,0
23107000000,2294,23107000000,,-1.6201578504096181,-1.5860698349205702,8.235518639378678e-14,-0.03408801548904794,0.001,-0.3408801548904794,10.0,0.0,1.0,0.0,0
23117000000,2295,23117000000,,-1.6201578504096181,-1.5860698349205702,8.625750087841669e-14,-0.03408801548904794,0.001,-0.3408801548904794,10.0,0.0,1.0,0.0,0
23127000000,2296,23127000000,,-1.6201578504096181,-1.5860698349205702,9.102674593094114e-14,-0.03408801548904794,0.001,-0.3408801548904794,10.0,0.0,1.0,0.0,0
23137000000,2297,23137000000,,-1.6201578504096181,-1.5860698349205702,9.508251037475813e-14,-0.03408801548904794,0.001,-0.3408801548904794,10.0,0.0,1.0,0.0,0
23147000000,2298,23147000000,,-1.6201578504096181,-1.5860698349205702,9.914697927416266e-14,-0.03408801548904794,0.001,-0.3408801548904794,10.0,0.0,1.0,0.0,0
23157000000,2299,23157000000,,-1.6201578504096181,-1.5860698349205702,1.0356389088444926e-13,-0.03408801548904794,0.001,-0.3408801548904794,10.0,0.0,1.0,0.0,0
23167000000,2300,23167000000,,-1.6201578504096181,-1.5860698349205702,1.0942737850939552e-13,-0.03408801548904794,0.001,-0.3408801548904794,10.0,0.0,1.0,0.0,0
23177000000,2301,23177000000,,-1.6201578504096181,-1.5860698349205702,1.1232535983818955e-13,-0.03408801548904794,0.001,-0.3408801548904794,10.0,0.0,1.0,0.0,0
23187000000,2302,23187000000,,-1.6201578504096181,-1.5860698349205702,1.1824614008458766e-13,-0.03408801548904794,0.001,-0.3408801548904794,10.0,0.0,1.0,0.0,0
23197000000,2303,23197000000,,-1.6201578504096181,-1.5860698349205693,-5.727496928754224e-14,-0.03408801548904883,0.001,-0.3408801548904883,10.0,0.0,1.0,0.0,0
23207000000,2304,23207000000,,-1.6201578504096181,-1.5860698349205693,-8.84259235414127e-14,-0.03408801548904883,0.001,-0.3408801548904883,10.0,0.0,1.0,0.0,0
23217000000,2305,23217000000,,-1.6201578504096181,-1.5860698349205693,-9.952299415137177e-14,-0.03408801548904883,0.001,-0.3408801548904883,10.0,0.0,1.0,0.0,0
23227000000,2306,23227000000,,-1.6201578504096181,-1.5860698349205702,1.86370184011659e-13,-0.03408801548904794,0.001,-0.3408801548913676,10.0,0.0,1.0,0.0,0
23237000000,2307,23237000000,,-1.6201578504096181,-1.5860698349205702,4.734023359014353e-14,-0.03408801548904794,0.001,-0.3408801548904794,10.0,0.0,1.0,0.0,0
23247000000,2308,23247000000,,-1.6201578504096181,-1.5860698349205702,5.1706973105660456e-14,-0.03408801548904794,0.001,-0.3408801548904794,10.0,0.0,1.0,0.0,0
23257000000,2309,23257000000,,-1.6201578504096181,-1.5860698349205702,5.58349512113688e-14,-0.03408801548904794,0.001,-0.3408801548904794,10.0,0.0,1.0,0.0,0
23267000000,2310,23267000000,,-1.6201578504096181,-1.5860698349205702,6.010485865463078e-14,-0.03408801548904794,0.001,-0.3408801548904794,10.0,0.0,1.0,0.0,0
23277000000,2311,23277000000,,-1.6201578504096181,-1.5860698349205702,8.051619686948133e-14,-0.03408801548904794,0.001,-0.3408801548904794,10.0,0.0,1.0,0.0,0
23287000000,2312,23287000000,,-1.6201578504096181,-1.5860698349205702,8.466552805253883e-14,-0.03408801548904794,0.001,-0.3408801548904794,10.0,0.0,1.0,0.0,0
23297000000,2313,23297000000,,-1.6201578504096181,-1.5860698349205702,8.921231109130623e-14,-0.03408801548904794,0.001,-0.3408801548904794,10.0,0.0,1.0,0.0,0
23307000000,2314,23307000000,,-1.6201578504096181,-1.5860698349205702,9.292324819851372e-14,-0.03408801548904794,0.001,-0.3408801548904794,10.0,0.0,1.0,0.0,0
23317000000,2315,23317000000,,-1.6201578504096181,-1.5860698349205693,-6.043461198415263e-14,-0.03408801548904883,0.001,-0.3408801548904883,10.0,0.0,1.0,0.0,0
23327000000,2316,23327000000,,-1.6201578504096181,-1.5860698349205693,-8.72906468381029e-14,-0.03408801548904883,0.001,-0.3408801548904883,10.0,0.0,1.0,0.0,0
23337000000,2317,23337000000,,-1.6201578504096181,-1.5860698349205693,-1.1512632091770306e-13,-0.03408801548904883,0.001,-0.3408801548904883,10.0,0.0,1.0,0.0,0
