%time,field.header.seq,field.header.stamp,field.header.frame_id,field.set_point,field.process_value,field.process_value_dot,field.error,field.time_step,field.command,field.p,field.i,field.d,field.i_clamp,field.antiwindup
12782000000,1265,12781000000,,0.0,-0.0005642559175651485,-0.16631092520704327,0.0005642559175651485,0.001,0.5877346250470856,10.0,3.0,3.5,5.0,0
12791000000,1266,12791000000,,0.0,-0.0024486278464879163,0.5139918641919575,0.0024486278464879163,0.001,-1.7744277926691423,10.0,3.0,3.5,5.0,0
12801000000,1267,12801000000,,0.0,-0.004941669099085111,0.4825704175209417,0.004941669099085111,0.001,-1.6393974181518018,10.0,3.0,3.5,5.0,0
12811000000,1268,12811000000,,0.0,-0.0075166337491499036,0.48122648132325374,0.0075166337491499036,0.001,-1.6087420082166024,10.0,3.0,3.5,5.0,0
12821000000,1269,12821000000,,0.0,-0.010131048016455146,0.44811606724496783,0.010131048016455146,0.001,-1.4664328266172406,10.0,3.0,3.5,5.0,0
12831000000,1270,12831000000,,0.0,-0.012955719944210742,0.42565435759568643,0.012955719944210742,0.001,-1.3592097399219059,10.0,3.0,3.5,5.0,0
12841000000,1271,12841000000,,0.0,-0.015775088946157645,0.4263419126240482,0.015775088946157645,0.001,-1.332976316361557,10.0,3.0,3.5,5.0,0
12851000000,1272,12851000000,,0.0,-0.01875044536304138,0.4068503259897338,0.01875044536304138,0.001,-1.2344703802699666,10.0,3.0,3.5,5.0,0
12861000000,1273,12861000000,,0.0,-0.02152645596206071,0.426213929158204,0.02152645596206071,0.001,-1.273862889528449,10.0,3.0,3.5,5.0,0
12871000000,1274,12871000000,,0.0,-0.024411564973584987,0.41017013231069055,0.024411564973584987,0.001,-1.1881561280411663,10.0,3.0,3.5,5.0,0
12881000000,1275,12881000000,,0.0,-0.02706108159526366,0.4320828449775375,0.02706108159526366,0.001,-1.2375672315139716,10.0,3.0,3.5,5.0,0
12891000000,1276,12891000000,,0.0,-0.029804802829987764,0.4169387118059786,0.029804802829987764,0.001,-1.1562599783479417,10.0,3.0,3.5,5.0,0
12901000000,1277,12901000000,,0.0,-0.032305957961793474,0.4388154707356997,0.032305957961793474,0.001,-1.2068691732879082,10.0,3.0,3.5,5.0,0
12911000000,1278,12911000000,,0.0,-0.03489623908327477,0.42379438935174035,0.03489623908327477,0.001,-1.1273726610644577,10.0,3.0,3.5,5.0,0
12921000000,1279,12921000000,,0.0,-0.03724697668249455,0.44488472159070175,0.03724697668249455,0.001,-1.176583054114436,10.0,3.0,3.5,5.0,0
12931000000,1280,12931000000,,0.0,-0.039684663380131546,0.4298484214736786,0.039684663380131546,0.001,-1.098413921509181,10.0,3.0,3.5,5.0,0
12941000000,1281,12941000000,,0.0,-0.04188920303423416,0.44999555787491985,0.04188920303423416,0.001,-1.1456437393596302,10.0,3.0,3.5,5.0,0
12951000000,1282,12951000000,,0.0,-0.04417941161839156,0.43495949906617326,0.04417941161839156,0.001,-1.068813752355685,10.0,3.0,3.5,5.0,0
12961000000,1283,12961000000,,0.0,-0.046243960212298596,0.4542053116399103,0.046243960212298596,0.001,-1.1141562622898977,10.0,3.0,3.5,5.0,0
12971000000,1284,12971000000,,0.0,-0.048393093120752795,0.4392278351170376,0.048393093120752795,0.001,-1.0388140520870084,10.0,3.0,3.5,5.0,0
12981000000,1285,12981000000,,0.0,-0.050324306034345234,0.4576705795422436,0.050324306034345234,0.001,-1.0825549795337404,10.0,3.0,3.5,5.0,0
12991000000,1286,12991000000,,0.0,-0.0523390641807433,0.4428022126549958,0.0523390641807433,0.001,-1.0088184547152628,10.0,3.0,3.5,5.0,0
13001000000,1287,13001000000,,0.0,-0.0541435719018315,0.4605506275279868,0.0541435719018315,0.001,-1.051280051019016,10.0,3.0,3.5,5.0,0
13011000000,1288,13011000000,,0.0,-0.05603060525394099,0.44582810566616854,0.05603060525394099,0.001,-0.9792189655298265,10.0,3.0,3.5,5.0,0
13021000000,1289,13021000000,,0.0,-0.057714844328082826,0.46298502307246486,0.057714844328082826,0.001,-1.0207043421634272,10.0,3.0,3.5,5.0,0
13031000000,1290,13031000000,,0.0,-0.05948063207651,0.4484300067915439,0.05948063207651,0.001,-0.9503370126999245,10.0,3.0,3.5,5.0,0
13041000000,1291,13041000000,,0.0,-0.0610507990576723,0.46508741791163155,0.0610507990576723,0.001,-0.9911133445889337,10.0,3.0,3.5,5.0,0
13051000000,1292,13051000000,,0.0,-0.06270160382972456,0.4507099129453418,0.06270160382972456,0.001,-0.9224190909972456,10.0,3.0,3.5,5.0,0
13061000000,1293,13061000000,,0.0,-0.06416364194779955,0.4669478657628908,0.06416364194779955,0.001,-0.9627139071905078,10.0,3.0,3.5,5.0,0
13071000000,1294,13071000000,,0.0,-0.0657054923728495,0.4527491209139267,0.0657054923728495,0.001,-0.8956433830547165,10.0,3.0,3.5,5.0,0
13081000000,1295,13081000000,,0.0,-0.0670650922120739,0.4686361589251131,0.0670650922120739,0.001,-0.935646111515252,10.0,3.0,3.5,5.0,0
13091000000,1296,13091000000,,0.0,-0.06850377583036948,0.4546114497129674,0.06850377583036948,0.001,-0.8701311318224355,10.0,3.0,3.5,5.0,0
13101000000,1297,13101000000,,0.0,-0.06976637931328256,0.470205619837097,0.06976637931328256,0.001,-0.9099966033126403,10.0,3.0,3.5,5.0,0
13111000000,1298,13111000000,,0.0,-0.07110744055904483,0.4563463259579483,0.07110744055904483,0.001,-0.8459574496585338,10.0,3.0,3.5,5.0,0
13121000000,1299,13121000000,,0.0,-0.07227824657160298,0.47169637883274285,0.07227824657160298,0.001,-0.8858100583468326,10.0,3.0,3.5,5.0,0
13131000000,1300,13131000000,,0.0,-0.07352698752193643,0.4579915761815292,0.07352698752193643,0.001,-0.8231610574670832,10.0,3.0,3.5,5.0,0
13141000000,1301,13141000000,,0.0,-0.07461095797272055,0.4731381891384437,0.07461095797272055,0.001,-0.8630989961948617,10.0,3.0,3.5,5.0,0
13151000000,1302,13151000000,,0.0,-0.07577244104012859,0.45957577860391163,0.07577244104012859,0.001,-0.8017524575277284,10.0,3.0,3.5,5.0,0
13161000000,1303,13161000000,,0.0,-0.07677430728283596,0.47455271561174145,0.07677430728283596,0.001,-0.8418517284179089,10.0,3.0,3.5,5.0,0
13171000000,1304,13171000000,,0.0,-0.07785335934802706,0.46112021491934957,0.07785335934802706,0.001,-0.7817206877944471,10.0,3.0,3.5,5.0,0
13181000000,1305,13181000000,,0.0,-0.0787776288407045,0.47595538546402283,0.0787776288407045,0.001,-0.8220387562671866,10.0,3.0,3.5,5.0,0
13191000000,1306,13191000000,,0.0,-0.0797788465154694,0.462640457695389,0.0797788465154694,0.001,-0.7630387863726225,10.0,3.0,3.5,5.0,0
13201000000,1307,13201000000,,0.0,-0.0806298097156839,0.47735685741036193,0.0806298097156839,0.001,-0.8036178184758056,10.0,3.0,3.5,5.0,0
13211000000,1308,13211000000,,0.0,-0.081557565480324,0.46414765015871795,0.081557565480324,0.001,-0.7456681675111505,10.0,3.0,3.5,5.0,0
13221000000,1309,13221000000,,0.0,-0.08233930293772485,0.4787641809063085,0.08233930293772485,0.001,-0.7865378428127575,10.0,3.0,3.5,5.0,0
13231000000,1310,13231000000,,0.0,-0.08319775194491807,0.4656495281694297,0.08319775194491807,0.001,-0.7295620856939833,10.0,3.0,3.5,5.0,0
13241000000,1311,13241000000,,0.0,-0.083914141558739,0.48018170242046215,0.083914141558739,0.001,-0.770742003083862,10.0,3.0,3.5,5.0,0
13251000000,1312,13251000000,,0.0,-0.0847072289254358,0.4671512309221099,0.0847072289254358,0.001,-0.7146683529254941,10.0,3.0,3.5,5.0,0
13261000000,1313,13261000000,,0.0,-0.08536195332178487,0.4816117698290578,0.08536195332178487,0.001,-0.7561700626111751,10.0,3.0,3.5,5.0,0
13271000000,1314,13271000000,,0.0,-0.08609342175902324,0.4686559398116079,0.08609342175902324,0.001,-0.7009314490697339,10.0,3.0,3.5,5.0,0
13281000000,1315,13281000000,,0.0,-0.08668997574181958,0.483055276234158,0.08668997574181958,0.001,-0.7427601506719068,10.0,3.0,3.5,5.0,0
13291000000,1316,13291000000,,0.0,-0.08736337339617695,0.4701653789400107,0.08736337339617695,0.001,-0.6882941441260295,10.0,3.0,3.5,5.0,0
13301000000,1317,13301000000,,0.0,-0.08790507142444959,0.4845120772700067,0.08790507142444959,0.001,-0.7304500927973859,10.0,3.0,3.5,5.0,0
13311000000,1318,13311000000,,0.0,-0.0885237598263311,0.47168020489940643,0.0885237598263311,0.001,-0.6766987307613441,10.0,3.0,3.5,5.0,0
13321000000,1319,13321000000,,0.0,-0.08901374347310131,0.48598130916757076,0.08901374347310131,0.001,-0.7191783919414639,10.0,3.0,3.5,5.0,0
13331000000,1320,13331000000,,0.0,-0.08958090550564002,0.473200308449856,0.08958090550564002,0.001,-0.6660879474293373,10.0,3.0,3.5,5.0,0
13341000000,1321,13341000000,,0.0,-0.09002215085703291,0.48746162940582183,0.09002215085703291,0.001,-0.7088849381721546,10.0,3.0,3.5,5.0,0
13351000000,1322,13351000000,,0.0,-0.09054079867550424,0.47472504646923924,0.09054079867550424,0.001,-0.656405657675186,10.0,3.0,3.5,5.0,0
13361000000,1323,13361000000,,0.0,-0.09093612363332593,0.4889513971986378,0.09093612363332593,0.001,-0.699511508270888,10.0,3.0,3.5,5.0,0
13371000000,1324,13371000000,,0.0,-0.09140910647871081,0.47625341892079087,0.09140910647871081,0.001,-0.647597338038121,10.0,3.0,3.5,5.0,0
13381000000,1325,13381000000,,0.0,-0.09176117793452399,0.4904488074544321,0.09176117793452399,0.001,-0.6910021039812126,10.0,3.0,3.5,5.0,0
13391000000,1326,13391000000,,0.0,-0.09219118979656571,0.4777842026994607,0.09219118979656571,0.001,-0.6396104169831658,10.0,3.0,3.5,5.0,0
13401000000,1327,13401000000,,0.0,-0.09250253065024516,0.49195198887657826,0.09250253065024516,0.001,-0.6833031668922851,10.0,3.0,3.5,5.0,0
13411000000,1328,13411000000,,0.0,-0.09289211774521888,0.479316051759293,0.09289211774521888,0.001,-0.6323944982616425,10.0,3.0,3.5,5.0,0
13421000000,1329,13421000000,,0.0,-0.09316511374567948,0.49345907457436,0.09316511374567948,0.001,-0.6763636998420175,10.0,3.0,3.5,5.0,0
13431000000,1330,13431000000,,0.0,-0.09351668178231165,0.4808475710193472,0.09351668178231165,0.001,-0.6259014956011242,10.0,3.0,3.5,5.0,0
13441000000,1331,13441000000,,0.0,-0.09375358817254842,0.49496825169555275,0.09375358817254842,0.001,-0.6701353181815146,10.0,3.0,3.5,5.0,0
13451000000,1332,13451000000,,0.0,-0.09406940938651687,0.4823773699673563,0.09406940938651687,0.001,-0.6200856997376707,10.0,3.0,3.5,5.0,0
13461000000,1333,13461000000,,0.0,-0.0942723573391051,0.49647779514167323,0.0942723573391051,0.001,-0.6645722488560595,10.0,3.0,3.5,5.0,0
13471000000,1334,13471000000,,0.0,-0.0945545772821692,0.4839041006142379,0.0945545772821692,0.001,-0.6149037944094933,10.0,3.0,3.5,5.0,0
13481000000,1335,13481000000,,0.0,-0.09472558011503462,0.497986089306224,0.09472558011503462,0.001,-0.6596312914766844,10.0,3.0,3.5,5.0,0
13491000000,1336,13491000000,,0.0,-0.09497622418970053,0.4854264834873555,0.09497622418970053,0.001,-0.6103148344651106,10.0,3.0,3.5,5.0,0
13501000000,1337,13501000000,,0.0,-0.09511718335507613,0.4994916408560345,0.09511718335507613,0.001,-0.6552717520365536,10.0,3.0,3.5,5.0,0
13511000000,1338,13511000000,,0.0,-0.09533816308947962,0.4869433245208155,0.09533816308947962,0.001,-0.606280196227198,10.0,3.0,3.5,5.0,0
13521000000,1339,13521000000,,0.0,-0.09545087393180385,0.5009930849169377,0.09545087393180385,0.001,-0.6514553578060807,10.0,3.0,3.5,5.0,0
13531000000,1340,13531000000,,0.0,-0.09564399299279014,0.4884535251015914,0.09564399299279014,0.001,-0.602763508094136,10.0,3.0,3.5,5.0,0
13541000000,1341,13541000000,,0.0,-0.09573015027361897,0.5024891864371371,0.09573015027361897,0.001,-0.6481461594663522,10.0,3.0,3.5,5.0,0
13551000000,1342,13551000000,,0.0,-0.09589711021844405,0.4899560870069423,0.09589711021844405,0.001,-0.5997305675263369,10.0,3.0,3.5,5.0,0
13561000000,1343,13561000000,,0.0,-0.0959583134085138,0.5039788381261712,0.0959583134085138,0.001,-0.6453104256031961,10.0,3.0,3.5,5.0,0
13571000000,1344,13571000000,,0.0,-0.09610071917779273,0.4914501136059871,0.09610071917779273,0.001,-0.5971492492098471,10.0,3.0,3.5,5.0,0
13581000000,1345,13581000000,,0.0,-0.09613847751796722,0.505461056015824,0.09613847751796722,0.001,-0.642916533169448,10.0,3.0,3.5,5.0,0
13591000000,1346,13591000000,,0.0,-0.09625784267406257,0.49293480835503223,0.09625784267406257,0.001,-0.594989407964055,10.0,3.0,3.5,5.0,0
13601000000,1347,13601000000,,0.0,-0.09627358000840847,0.5069349734086895,0.09627358000840847,0.001,-0.6409348563882389,10.0,3.0,3.5,5.0,0
13611000000,1348,13611000000,,0.0,-0.09637133172476453,0.49440947140535313,0.09637133172476453,0.001,-0.5932227792228721,10.0,3.0,3.5,5.0,0
13621000000,1349,13621000000,,0.0,-0.09636639111000811,0.5083998338560982,0.09636639111000811,0.001,-0.6393376565276996,10.0,3.0,3.5,5.0,0
13631000000,1350,13631000000,,0.0,-0.09644387491795303,0.49587349493159755,0.09644387491795303,0.001,-0.5918228791176121,10.0,3.0,3.5,5.0,0
13641000000,1351,13641000000,,0.0,-0.09641952301459433,0.5098549835613541,0.09641952301459433,0.001,-0.6380989736134981,10.0,3.0,3.5,5.0,0
13651000000,1352,13651000000,,0.0,-0.09647800731485834,0.49732635764683836,0.09647800731485834,0.001,-0.5907649056990731,10.0,3.0,3.5,5.0,0
13661000000,1353,13661000000,,0.0,-0.09643543856583392,0.5112998635700378,0.09643543856583392,0.001,-0.6371945213925645,10.0,3.0,3.5,5.0,0
13671000000,1354,13671000000,,0.0,-0.09647611891259356,0.4987676188539831,0.09647611891259356,0.001,-0.5900256424289612,10.0,3.0,3.5,5.0,0
13681000000,1355,13681000000,,0.0,-0.09641645951600619,0.5127340019674445,0.09641645951600619,0.001,-0.6366015861429752,10.0,3.0,3.5,5.0,0
13691000000,1356,13691000000,,0.0,-0.0964404626816453,0.5001969122977966,0.0964404626816453,0.001,-0.5895833647365514,10.0,3.0,3.5,5.0,0
13701000000,1357,13701000000,,0.0,-0.09636477436439606,0.5141570062579403,0.09636477436439606,0.001,-0.6362989298362798,10.0,3.0,3.5,5.0,0
13711000000,1358,13711000000,,0.0,-0.09637316219340075,0.5016139399958319,0.09637316219340075,0.001,-0.5894177500726405,10.0,3.0,3.5,5.0,0
13721000000,1359,13721000000,,0.0,-0.09628244579293987,0.5155685560206041,0.09628244579293987,0.001,-0.6362666977629674,10.0,3.0,3.5,5.0,0
13731000000,1360,13731000000,,0.0,-0.09627621885345228,0.5030184662015694,0.09627621885345228,0.001,-0.5895097920331331,10.0,3.0,3.5,5.0,0
13741000000,1361,13741000000,,0.0,-0.09617141771492221,0.5169683959610033,0.09617141771492221,0.001,-0.6364863310897888,10.0,3.0,3.5,5.0,0
13751000000,1362,13751000000,,0.0,-0.09615151875656558,0.5044103115752842,0.09615151875656558,0.001,-0.5898417184538443,10.0,3.0,3.5,5.0,0
13761000000,1363,13761000000,,0.0,-0.0960335219527968,0.518356329353014,0.0960335219527968,0.001,-0.6369404840181205,10.0,3.0,3.5,5.0,0
13771000000,1364,13771000000,,0.0,-0.09600083917926305,0.5057893476449061,0.09600083917926305,0.001,-0.5903969138583238,10.0,3.0,3.5,5.0,0
13781000000,1365,13781000000,,0.0,-0.09587048456103542,0.5197322119286653,0.09587048456103542,0.001,-0.6376129456640547,10.0,3.0,3.5,5.0,0
13791000000,1366,13791000000,,0.0,-0.0958258547258799,0.5071554915764412,0.0958258547258799,0.001,-0.591159845962808,10.0,3.0,3.5,5.0,0
13801000000,1367,13801000000,,0.0,-0.09568393180986323,0.5210959462135241,0.09568393180986323,0.001,-0.6384885665503537,10.0,3.0,3.5,5.0,0
13811000000,1368,13811000000,,0.0,-0.0956281431437489,0.508508701293021,0.0956281431437489,0.001,-0.5921159964470732,10.0,3.0,3.5,5.0,0
13821000000,1369,13821000000,,0.0,-0.0954753958453951,0.5224474763043118,0.0954753958453951,0.001,-0.6395531895283,10.0,3.0,3.5,5.0,0
13831000000,1370,13831000000,,0.0,-0.09540919082289179,0.5098489709393981,0.09540919082289179,0.001,-0.5932517956920016,10.0,3.0,3.5,5.0,0
13841000000,1371,13841000000,,0.0,-0.09524632004146127,0.5237867830728219,0.09524632004146127,0.001,-0.640793584930168,10.0,3.0,3.5,5.0,0
13851000000,1372,13851000000,,0.0,-0.09517039799521587,0.511176326695403,0.09517039799521587,0.001,-0.5945545614424539,10.0,3.0,3.5,5.0,0
13861000000,1373,13861000000,,0.0,-0.09499806405795841,0.525113879777057,0.09499806405795841,0.001,-0.6421973897628734,10.0,3.0,3.5,5.0,0
13871000000,1374,13871000000,,0.0,-0.09491308364785933,0.5124908229323929,0.09491308364785933,0.001,-0.5960124412479044,10.0,3.0,3.5,5.0,0
13881000000,1375,13881000000,,0.0,-0.09473190862012348,0.526428808079515,0.09473190862012348,0.001,-0.6437530508843254,10.0,3.0,3.5,5.0,0
13891000000,1376,13891000000,,0.0,-0.0946384901648214,0.5137925386912706,0.0946384901648214,0.001,-0.5976143584193823,10.0,3.0,3.5,5.0,0
13901000000,1377,13901000000,,0.0,-0.0944490600327601,0.5277316344092277,0.0944490600327601,0.001,-0.6454497716902834,10.0,3.0,3.5,5.0,0
13911000000,1378,13911000000,,0.0,-0.0943477877105936,0.5150815744765311,0.0943477877105936,0.001,-0.5993499614404654,10.0,3.0,3.5,5.0,0
13921000000,1379,13921000000,,0.0,-0.09415065444280124,0.5290224466857137,0.09415065444280124,0.001,-0.6472774623300916,10.0,3.0,3.5,5.0,0
13931000000,1380,13931000000,,0.0,-0.09404207836896816,0.5163580493381877,0.09404207836896816,0.001,-0.6012095765321961,10.0,3.0,3.5,5.0,0
13941000000,1381,13941000000,,0.0,-0.09383776186327175,0.5303013513430942,0.09383776186327175,0.001,-0.6492266931456887,10.0,3.0,3.5,5.0,0
13951000000,1382,13951000000,,0.0,-0.09372240004971921,0.5176220982335763,0.09372240004971921,0.001,-0.603184163336949,10.0,3.0,3.5,5.0,0
13961000000,1383,13961000000,,0.0,-0.0935113899710096,0.5315684706638505,0.0935113899710096,0.001,-0.6512886511837737,10.0,3.0,3.5,5.0,0
13971000000,1384,13971000000,,0.0,-0.09338973017534702,0.518873869643534,0.09338973017534702,0.001,-0.6052652734294555,10.0,3.0,3.5,5.0,0
13981000000,1385,13981000000,,0.0,-0.0931724876901514,0.5328239403680376,0.0931724876901514,0.001,-0.6534550995654371,10.0,3.0,3.5,5.0,0
13991000000,1386,13991000000,,0.0,-0.09304498915950976,0.5201135234170731,0.09304498915950976,0.001,-0.6074450115018144,10.0,3.0,3.5,5.0,0
14001000000,1387,14001000000,,0.0,-0.09282194857279169,0.5340679074578916,0.09282194857279169,0.001,-0.6557183395370156,10.0,3.0,3.5,5.0,0
14011000000,1388,14011000000,,0.0,-0.09268904368835162,0.5213412288464367,0.09268904368835162,0.001,-0.6097159991069803,10.0,3.0,3.5,5.0,0
14021000000,1389,14021000000,,0.0,-0.09246061398768823,0.5353005282886638,0.09246061398768823,0.001,-0.6580711750275272,10.0,3.0,3.5,5.0,0
14031000000,1390,14031000000,,0.0,-0.09232270981527702,0.522557162928038,0.09232270981527702,0.001,-0.6120713407765574,10.0,3.0,3.5,5.0,0
14041000000,1391,14041000000,,0.0,-0.09208927612748319,0.5365219668388911,0.09208927612748319,0.001,-0.6605068796036051,10.0,3.0,3.5,5.0,0
14051000000,1392,14051000000,,0.0,-0.091946755879448,0.5237615088180583,0.091946755879448,0.001,-0.6145045923432608,10.0,3.0,3.5,5.0,0
14061000000,1393,14061000000,,0.0,-0.09170868084431039,0.5377323931712357,0.09170868084431039,0.001,-0.6630191655037412,10.0,3.0,3.5,5.0,0
14071000000,1394,14071000000,,0.0,-0.09156190525752805,0.5249544544485196,0.09156190525752805,0.001,-0.6170097313737473,10.0,3.0,3.5,5.0,0
14081000000,1395,14081000000,,0.0,-0.09131953032325058,0.5389319820696247,0.09131953032325058,0.001,-0.6656021549034472,10.0,3.0,3.5,5.0,0
14091000000,1396,14091000000,,0.0,-0.0911688389579961,0.5261361912951543,0.0911688389579961,0.001,-0.6195811295008187,10.0,3.0,3.5,5.0,0
14101000000,1397,14101000000,,0.0,-0.09092248560260874,0.540120911820001,0.09092248560260874,0.001,-0.6682503529300012,10.0,3.0,3.5,5.0,0
14111000000,1398,14111000000,,0.0,-0.09076819806666592,0.5273069132893284,0.09076819806666592,0.001,-0.6222135266524096,10.0,3.0,3.5,5.0,0
14121000000,1399,14121000000,,0.0,-0.09051816894953024,0.5412993631371229,0.09051816894953024,0.001,-0.6709586225525779,10.0,3.0,3.5,5.0,0
14131000000,1400,14131000000,,0.0,-0.09036058605177466,0.5284668158484619,0.09036058605177466,0.001,-0.624902006894092,10.0,3.0,3.5,5.0,0
14141000000,1401,14141000000,,0.0,-0.09010716609905334,0.5424675182168074,0.09010716609905334,0.001,-0.6737221611352964,10.0,3.0,3.5,5.0,0
14151000000,1402,14151000000,,0.0,-0.08994657093647884,0.5296160950238972,0.08994657093647884,0.001,-0.6276419759205751,10.0,3.0,3.5,5.0,0
14161000000,1403,14161000000,,0.0,-0.08969002836426743,0.5436255599029417,0.08969002836426743,0.001,-0.6765364785346872,10.0,3.0,3.5,5.0,0
14171000000,1404,14171000000,,0.0,-0.08952668734622726,0.5307549467535918,0.08952668734622726,0.001,-0.6304291400359467,10.0,3.0,3.5,5.0,0
14181000000,1405,14181000000,,0.0,-0.08926727462485218,0.5447736709510803,0.08926727462485218,0.001,-0.679397376617255,10.0,3.0,3.5,5.0,0
14191000000,1406,14191000000,,0.0,-0.08910143843808527,0.5318835662042144,0.08910143843808527,0.001,-0.633259486481476,10.0,3.0,3.5,5.0,0
14201000000,1407,14201000000,,0.0,-0.08883939320087997,0.545912033395927,0.08883939320087997,0.001,-0.6823009302348428,10.0,3.0,3.5,5.0,0
14211000000,1408,14211000000,,0.0,-0.0886712977186992,0.5330021471958208,0.0886712977186992,0.001,-0.6361292650727015,10.0,3.0,3.5,5.0,0
14221000000,1409,14221000000,,0.0,-0.08840684361839735,0.547040827988765,0.08840684361839735,0.001,-0.6852434693288594,10.0,3.0,3.5,5.0,0
14231000000,1410,14231000000,,0.0,-0.08823671075723993,0.5341108817105407,0.08823671075723993,0.001,-0.6390349710920016,10.0,3.0,3.5,5.0,0
14241000000,1411,14241000000,,0.0,-0.08797005827297877,0.5481602337209237,0.08797005827297877,0.001,-0.6882215623097787,10.0,3.0,3.5,5.0,0
14251000000,1412,14251000000,,0.0,-0.0877980967993226,0.5352099594588836,0.0877980967993226,0.001,-0.6419733292180145,10.0,3.0,3.5,5.0,0
14261000000,1413,14261000000,,0.0,-0.08752944399702578,0.5492704274101778,0.08752944399702578,0.001,-0.6912320005544106,10.0,3.0,3.5,5.0,0
14271000000,1414,14271000000,,0.0,-0.08735585028754578,0.5362995675142416,0.08735585028754578,0.001,-0.6449412786059905,10.0,3.0,3.5,5.0,0
14281000000,1415,14281000000,,0.0,-0.08708538353640982,0.5503715833400864,0.08708538353640982,0.001,-0.6942717837809238,10.0,3.0,3.5,5.0,0
14291000000,1416,14291000000,,0.0,-0.08691034229403982,0.5373798899981871,0.08691034229403982,0.001,-0.6479359588809741,10.0,3.0,3.5,5.0,0
14301000000,1417,14301000000,,0.0,-0.08663823694158257,0.5514638729690675,0.08663823694158257,0.001,-0.6973381066069182,10.0,3.0,3.5,5.0,0
14311000000,1418,14311000000,,0.0,-0.08646192187006019,0.5384511078206864,0.08646192187006019,0.001,-0.650954697091827,10.0,3.0,3.5,5.0,0
14321000000,1419,14321000000,,0.0,-0.08618834287812582,0.5525474646738737,0.08618834287812582,0.001,-0.7004283457888243,10.0,3.0,3.5,5.0,0
14331000000,1420,14331000000,,0.0,-0.08601091731738109,0.5395133984577541,0.08601091731738109,0.001,-0.6539949955180828,10.0,3.0,3.5,5.0,0
14341000000,1421,14341000000,,0.0,-0.08573601986136659,0.5536225235410668,0.08573601986136659,0.001,-0.7035400484305663,10.0,3.0,3.5,5.0,0
14351000000,1422,14351000000,,0.0,-0.08555763738606004,0.5405669357699078,0.08555763738606004,0.001,-0.6570545202262854,10.0,3.0,3.5,5.0,0
14361000000,1423,14361000000,,0.0,-0.08528156741945114,0.5546892111976018,0.08528156741945114,0.001,-0.706670920932327,10.0,3.0,3.5,5.0,0
14371000000,1424,14371000000,,0.0,-0.08510237240276819,0.5416118898628532,0.08510237240276819,0.001,-0.6601310904562765,10.0,3.0,3.5,5.0,0
14381000000,1425,14381000000,,0.0,-0.08482526718899486,0.5557476856743244,0.08482526718899486,0.001,-0.7098188186237533,10.0,3.0,3.5,5.0,0
14391000000,1426,14391000000,,0.0,-0.0846453953337214,0.5426484269697123,0.0846453953337214,0.001,-0.6632226686705478,10.0,3.0,3.5,5.0,0
14401000000,1427,14401000000,,0.0,-0.08436738394724408,0.5567981013017832,0.08436738394724408,0.001,-0.7129817361580599,10.0,3.0,3.5,5.0,0
14411000000,1428,14411000000,,0.0,-0.08418696278602766,0.5436767093677282,0.08418696278602766,0.001,-0.666327351219866,10.0,3.0,3.5,5.0,0
14421000000,1429,14421000000,,0.0,-0.08390816658438016,0.5578406086300669,0.08390816658438016,0.001,-0.7161577984634435,10.0,3.0,3.5,5.0,0
14431000000,1430,14431000000,,0.0,-0.08372731595096816,0.5446968953157773,0.08372731595096816,0.001,-0.6694433596650742,10.0,3.0,3.5,5.0,0
14441000000,1431,14441000000,,0.0,-0.0834478490195174,0.5588753543711839,0.0834478490195174,0.001,-0.7193452522850396,10.0,3.0,3.5,5.0,0
14451000000,1432,14451000000,,0.0,-0.08326668149264904,0.5457091390178354,0.08326668149264904,0.001,-0.6725690326401343,10.0,3.0,3.5,5.0,0
14461000000,1433,14461000000,,0.0,-0.08298665106355063,0.5599024813758671,0.08298665106355063,0.001,-0.7225424584134876,10.0,3.0,3.5,5.0,0
14471000000,1434,14471000000,,0.0,-0.08280527238511315,0.5467135906003822,0.08280527238511315,0.001,-0.6757028182597808,10.0,3.0,3.5,5.0,0
14481000000,1435,14481000000,,0.0,-0.08252477923207202,0.5609221286044996,0.08252477923207202,0.001,-0.7257478841948368,10.0,3.0,3.5,5.0,0
14491000000,1436,14491000000,,0.0,-0.08234328870100072,0.5477103961158212,0.08234328870100072,0.001,-0.6788432670594295,10.0,3.0,3.5,5.0,0
14501000000,1437,14501000000,,0.0,-0.08206242751114701,0.5619344311385228,0.08206242751114701,0.001,-0.7289600967226866,10.0,3.0,3.5,5.0,0
14511000000,1438,14511000000,,0.0,-0.08188091835449463,0.5486996975507293,0.08188091835449463,0.001,-0.6819890253060186,10.0,3.0,3.5,5.0,0
14521000000,1439,14521000000,,0.0,-0.08159977807875674,0.5629395201927281,0.08159977807875674,0.001,-0.7321777564012204,10.0,3.0,3.5,5.0,0
14531000000,1440,14531000000,,0.0,-0.0814183378012654,0.5496816328490566,0.0814183378012654,0.001,-0.6851388287920674,10.0,3.0,3.5,5.0,0
14541000000,1441,14541000000,,0.0,-0.08113700198447926,0.5639375231435695,0.08113700198447926,0.001,-0.7353996109243761,10.0,3.0,3.5,5.0,0
14551000000,1442,14551000000,,0.0,-0.08095571269789925,0.550656335958413,0.08095571269789925,0.001,-0.6882914970999381,10.0,3.0,3.5,5.0,0
14561000000,1443,14561000000,,0.0,-0.08067425978981557,0.5649285635655998,0.08067425978981557,0.001,-0.7386244896246514,10.0,3.0,3.5,5.0,0
14571000000,1444,14571000000,,0.0,-0.08049319852315051,0.5516239368687972,0.08049319852315051,0.001,-0.6914459281194014,10.0,3.0,3.5,5.0,0
14581000000,1445,14581000000,,0.0,-0.08021170217147056,0.5659127612835002,0.08021170217147056,0.001,-0.7418512982639773,10.0,3.0,3.5,5.0,0
14591000000,1446,14591000000,,0.0,-0.08003094116327514,0.5525845616715395,0.08003094116327514,0.001,-0.6946010930188633,10.0,3.0,3.5,5.0,0
14601000000,1447,14601000000,,0.0,-0.07974947048975434,0.5668902324285943,0.07974947048975434,0.001,-0.7450790141290382,10.0,3.0,3.5,5.0,0
14611000000,1448,14611000000,,0.0,-0.0795690774635247,0.5535383326221249,0.0795690774635247,0.001,-0.6977560314743578,10.0,3.0,3.5,5.0,0
14621000000,1449,14621000000,,0.0,-0.07928769732411656,0.5678610894964093,0.07928769732411656,0.001,-0.7483066813600794,10.0,3.0,3.5,5.0,0
14631000000,1450,14631000000,,0.0,-0.07910773574774854,0.5544853682101999,0.07910773574774854,0.001,-0.7009098472817867,10.0,3.0,3.5,5.0,0
14641000000,1451,14641000000,,0.0,-0.07882650697774274,0.5688254414200726,0.07882650697774274,0.001,-0.7515334067320851,10.0,3.0,3.5,5.0,0
14651000000,1452,14651000000,,0.0,-0.07864703630799497,0.5554257832320018,0.07864703630799497,0.001,-0.7040617041923551,10.0,3.0,3.5,5.0,0
14661000000,1453,14661000000,,0.0,-0.07836601595300063,0.5697833936430623,0.07836601595300063,0.001,-0.7547583556266533,10.0,3.0,3.5,5.0,0
14671000000,1454,14671000000,,0.0,-0.07818709186585693,0.5563596888678524,0.07818709186585693,0.001,-0.7072108220145523,10.0,3.0,3.5,5.0,0
14681000000,1455,14681000000,,0.0,-0.07790633339945519,0.5707350481956239,0.07790633339945519,0.001,-0.7579807482319227,10.0,3.0,3.5,5.0,0
14691000000,1456,14691000000,,0.0,-0.07772800800716961,0.5572871927687318,0.07772800800716961,0.001,-0.710356473052181,10.0,3.0,3.5,5.0,0
14701000000,1457,14701000000,,0.0,-0.07744756153602861,0.5716805037765857,0.07744756153602861,0.001,-0.7611998560745106,10.0,3.0,3.5,5.0,0
14711000000,1458,14711000000,,0.0,-0.07726988359165876,0.5582083991374499,0.07726988359165876,0.001,-0.7134979786774722,10.0,3.0,3.5,5.0,0
14721000000,1459,14721000000,,0.0,-0.07698979604881728,0.5726198558355708,0.07698979604881728,0.001,-0.764414998726842,10.0,3.0,3.5,5.0,0
14731000000,1460,14731000000,,0.0,-0.07681281113896254,0.5591234088150311,0.07681281113896254,0.001,-0.7166347061726213,10.0,3.0,3.5,5.0,0
14741000000,1461,14741000000,,0.0,-0.07653312646600607,0.5735531966573439,0.07653312646600607,0.001,-0.7676255407297283,10.0,3.0,3.5,5.0,0
14751000000,1462,14751000000,,0.0,-0.0763568771924481,0.5600323193726886,0.0763568771924481,0.001,-0.7197660657802725,10.0,3.0,3.5,5.0,0
14761000000,1463,14761000000,,0.0,-0.07607763651115196,0.5744806154498521,0.07607763651115196,0.001,-0.7708308886877175,10.0,3.0,3.5,5.0,0
14771000000,1464,14771000000,,0.0,-0.07590216266202088,0.5609352251981266,0.07590216266202088,0.001,-0.7228915079429408,10.0,3.0,3.5,5.0,0
14781000000,1465,14781000000,,0.0,-0.07562340443617899,0.5754021984321129,0.07562340443617899,0.001,-0.7740304886680507,10.0,3.0,3.5,5.0,0
14791000000,1466,14791000000,,0.0,-0.07544874314729011,0.5618322175862922,0.07544874314729011,0.001,-0.7260105206754295,10.0,3.0,3.5,5.0,0
14801000000,1467,14801000000,,0.0,-0.07517050333519304,0.5763180289151137,0.07517050333519304,0.001,-0.7772238235669084,10.0,3.0,3.5,5.0,0
14811000000,1468,14811000000,,0.0,-0.07499668924209146,0.5627233848316617,0.07499668924209146,0.001,-0.729122627188834,10.0,3.0,3.5,5.0,0
14821000000,1469,14821000000,,0.0,-0.074719001440263,0.5772281874005488,0.074719001440263,0.001,-0.7804104108740226,10.0,3.0,3.5,5.0,0
14831000000,1470,14831000000,,0.0,-0.0745460668215383,0.5636088123158552,0.0745460668215383,0.001,-0.7322273836031727,10.0,3.0,3.5,5.0,0
14841000000,1471,14841000000,,0.0,-0.07426896240021552,0.5781327516587885,0.07426896240021552,0.001,-0.78358980039102,10.0,3.0,3.5,5.0,0
14851000000,1472,14851000000,,0.0,-0.07409693731258571,0.5644885826014195,0.07409693731258571,0.001,-0.7353243768548399,10.0,3.0,3.5,5.0,0
14861000000,1473,14861000000,,0.0,-0.07382044554343281,0.5790317968190091,0.07382044554343281,0.001,-0.7867615722116672,10.0,3.0,3.5,5.0,0
14871000000,1474,14871000000,,0.0,-0.07364935794907446,0.5653627755137812,0.07364935794907446,0.001,-0.7384132226564959,10.0,3.0,3.5,5.0,0
14881000000,1475,14881000000,,0.0,-0.07337350612555493,0.5799253954573016,0.07337350612555493,0.001,-0.7899253347973967,10.0,3.0,3.5,5.0,0
14891000000,1476,14891000000,,0.0,-0.07320338201213872,0.5662314682389266,0.07320338201213872,0.001,-0.7414935637377129,10.0,3.0,3.5,5.0,0
14901000000,1477,14901000000,,0.0,-0.07292819556299968,0.5808136176803321,0.07292819556299968,0.001,-0.7930807231647203,10.0,3.0,3.5,5.0,0
14911000000,1478,14911000000,,0.0,-0.07275905905683988,0.5670947354029267,0.07275905905683988,0.001,-0.7445650680321936,10.0,3.0,3.5,5.0,0
14921000000,1479,14921000000,,0.0,-0.07248456165310913,0.5816965312040939,0.07248456165310913,0.001,-0.796227397180379,10.0,3.0,3.5,5.0,0
14931000000,1480,14931000000,,0.0,-0.07231643512584274,0.5679526491591751,0.07231643512584274,0.001,-0.7476274270746583,10.0,3.0,3.5,5.0,0
14941000000,1481,14941000000,,0.0,-0.07204264878166633,0.5825742014476237,0.07204264878166633,0.001,-0.7993650400508261,10.0,3.0,3.5,5.0,0
14951000000,1482,14951000000,,0.0,-0.07187555295082149,0.5688052792760017,0.07187555295082149,0.001,-0.7506803545359915,10.0,3.0,3.5,5.0,0
14961000000,1483,14961000000,,0.0,-0.07160249811857966,0.5834466916033617,0.07160249811857966,0.001,-0.8024933567811949,10.0,3.0,3.5,5.0,0
14971000000,1484,14971000000,,0.0,-0.0714364521424029,0.569652693218542,0.0714364521424029,0.001,-0.7537235847587229,10.0,3.0,3.5,5.0,0
14981000000,1485,14981000000,,0.0,-0.0711641478023477,0.5843140627241767,0.0711641478023477,0.001,-0.8056120728252485,10.0,3.0,3.5,5.0,0
14991000000,1486,14991000000,,0.0,-0.07099916936920181,0.5704949562230077,0.07099916936920181,0.001,-0.7567568714154218,10.0,3.0,3.5,5.0,0
15001000000,1487,15001000000,,0.0,-0.0707276331140072,0.5851763737927596,0.0707276331140072,0.001,-0.8087209327831459,10.0,3.0,3.5,5.0,0
15011000000,1488,15011000000,,0.0,-0.07056373852668063,0.5713321313863667,0.07056373852668063,0.001,-0.7597799863268275,10.0,3.0,3.5,5.0,0
15021000000,1489,15021000000,,0.0,-0.07029298664114325,0.5860336818063591,0.07029298664114325,0.001,-0.8118196991978099,10.0,3.0,3.5,5.0,0
15031000000,1490,15031000000,,0.0,-0.07013019089633765,0.5721642797364348,0.07013019089633765,0.001,-0.7627927182549714,10.0,3.0,3.5,5.0,0
15041000000,1491,15041000000,,0.0,-0.06986023843254419,0.5868860418448648,0.06986023843254419,0.001,-0.8149081514322063,10.0,3.0,3.5,5.0,0
15051000000,1492,15051000000,,0.0,-0.06969855529584379,0.5729914603104129,0.06969855529584379,0.001,-0.7657948718304046,10.0,3.0,3.5,5.0,0
15061000000,1493,15061000000,,0.0,-0.06942941614404319,0.5877335071479663,0.06942941614404319,0.001,-0.8179860846009022,10.0,3.0,3.5,5.0,0
15071000000,1494,15071000000,,0.0,-0.06926885822060047,0.5738137302256385,0.06926885822060047,0.001,-0.768786266540948,10.0,3.0,3.5,5.0,0
15081000000,1495,15081000000,,0.0,-0.0690005451760598,0.5885761291806602,0.0690005451760598,0.001,-0.8210533085885849,10.0,3.0,3.5,5.0,0
15091000000,1496,15091000000,,0.0,-0.0688411239772675,0.5746311447579864,0.0688411239772675,0.001,-0.7717667358142677,10.0,3.0,3.5,5.0,0
15101000000,1497,15101000000,,0.0,-0.0685736488032953,0.5894139577020031,0.0685736488032953,0.001,-0.8241096471048568,10.0,3.0,3.5,5.0,0
15111000000,1498,15111000000,,0.0,-0.06841537480967208,0.5754437574002773,0.06841537480967208,0.001,-0.7747361260321042,10.0,3.0,3.5,5.0,0
15121000000,1499,15121000000,,0.0,-0.0681487482970633,0.5902470408380355,0.0681487482970633,0.001,-0.8271549368393318,10.0,3.0,3.5,5.0,0
15131000000,1500,15131000000,,0.0,-0.06799163101755124,0.5762516199394604,0.06799163101755124,0.001,-0.7776942958077959,10.0,3.0,3.5,5.0,0
15141000000,1501,15141000000,,0.0,-0.06772586304068184,0.5910754251343558,0.06772586304068184,0.001,-0.8301890266199476,10.0,3.0,3.5,5.0,0
15151000000,1502,15151000000,,0.0,-0.06756991106859012,0.5770547825209463,0.06756991106859012,0.001,-0.7806411151654005,10.0,3.0,3.5,5.0,0
15161000000,1503,15161000000,,0.0,-0.06730501063826555,0.5918991556341471,0.06730501063826555,0.001,-0.8332117767207219,10.0,3.0,3.5,5.0,0
15171000000,1504,15171000000,,0.0,-0.06715023170403533,0.5778532937046096,0.06715023170403533,0.001,-0.7835764647858796,10.0,3.0,3.5,5.0,0
15181000000,1505,15181000000,,0.0,-0.06688620701741232,0.592718275922931,0.06688620701741232,0.001,-0.8362230580656962,10.0,3.0,3.5,5.0,0
15191000000,1506,15191000000,,0.0,-0.06673260803838943,0.57864720053765,0.06673260803838943,0.001,-0.7865002353747206,10.0,3.0,3.5,5.0,0
15201000000,1507,15201000000,,0.0,-0.0664694665259935,0.5935328281967621,0.0664694665259935,0.001,-0.8392227515884678,10.0,3.0,3.5,5.0,0
15211000000,1508,15211000000,,0.0,-0.06631705365338725,0.5794365486025366,0.06631705365338725,0.001,-0.7894123269721431,10.0,3.0,3.5,5.0,0
15221000000,1509,15221000000,,0.0,-0.06605480202351632,0.5943428533161959,0.06605480202351632,0.001,-0.842210747646585,10.0,3.0,3.5,5.0,0
15231000000,1510,15231000000,,0.0,-0.06590358068669033,0.5802213820851791,0.06590358068669033,0.001,-0.7923126484194616,10.0,3.0,3.5,5.0,0
15241000000,1511,15241000000,,0.0,-0.06564222496727545,0.595148390864185,0.06564222496727545,0.001,-0.8451869454236809,10.0,3.0,3.5,5.0,0
15251000000,1512,15251000000,,0.0,-0.06549219991554356,0.5810017438238436,0.06549219991554356,0.001,-0.7952011167494288,10.0,3.0,3.5,5.0,0
15261000000,1513,15261000000,,0.0,-0.06523174549365418,0.5959494791896518,0.06523174549365418,0.001,-0.8481512523160384,10.0,3.0,3.5,5.0,0
15271000000,1514,15271000000,,0.0,-0.06508292083571021,0.5817776753667019,0.06508292083571021,0.001,-0.7980776566966541,10.0,3.0,3.5,5.0,0
15281000000,1515,15281000000,,0.0,-0.06482337249480263,0.5967461554710659,0.06482337249480263,0.001,-0.8511035835440666,10.0,3.0,3.5,5.0,0
15291000000,1516,15291000000,,0.0,-0.06467575173592088,0.5825492170175474,0.06467575173592088,0.001,-0.800942200164352,10.0,3.0,3.5,5.0,0
15301000000,1517,15301000000,,0.0,-0.064417113691003,0.5975384557568624,0.064417113691003,0.001,-0.8540438615630892,10.0,3.0,3.5,5.0,0
15311000000,1518,15311000000,,0.0,-0.06427069976814526,0.5833164078951005,0.06427069976814526,0.001,-0.8037946858280156,10.0,3.0,3.5,5.0,0
15321000000,1519,15321000000,,0.0,-0.06401297569894648,0.598326415014541,0.06401297569894648,0.001,-0.8569720156631289,10.0,3.0,3.5,5.0,0
15331000000,1520,15331000000,,0.0,-0.06386777101388397,0.5840792859754592,0.06386777101388397,0.001,-0.8066350586815385,10.0,3.0,3.5,5.0,0
15341000000,1521,15341000000,,0.0,-0.06361096409613509,0.5991100671793412,0.06361096409613509,0.001,-0.8598879815475182,10.0,3.0,3.5,5.0,0
15351000000,1522,15351000000,,0.0,-0.06346697054670436,0.5848378881379448,0.06346697054670436,0.001,-0.8094632696015043,10.0,3.0,3.5,5.0,0
15361000000,1523,15361000000,,0.0,-0.06321108348168014,0.599889445196316,0.06321108348168014,0.001,-0.8627917009500226,10.0,3.0,3.5,5.0,0
15371000000,1524,15371000000,,0.0,-0.06306830249129014,0.5855922502131673,0.06306830249129014,0.001,-0.8122792750266297,10.0,3.0,3.5,5.0,0
15381000000,1525,15381000000,,0.0,-0.0628133375336537,0.6006645810624294,0.0628133375336537,0.001,-0.8656831212269345,10.0,3.0,3.5,5.0,0
15391000000,1526,15391000000,,0.0,-0.06267177007911151,0.5863424070273676,0.06267177007911151,0.001,-0.8150830366022894,10.0,3.0,3.5,5.0,0
15401000000,1527,15401000000,,0.0,-0.06241772906321774,0.6014355058657234,0.06241772906321774,0.001,-0.86856219504024,10.0,3.0,3.5,5.0,0
15411000000,1528,15411000000,,0.0,-0.062277375701009774,0.5870883924358862,0.062277375701009774,0.001,-0.8178745207842688,10.0,3.0,3.5,5.0,0
15421000000,1529,15421000000,,0.0,-0.062024260065703274,0.6022022498303999,0.062024260065703274,0.001,-0.8714288800525858,10.0,3.0,3.5,5.0,0
15431000000,1530,15431000000,,0.0,-0.06188512095679055,0.5878302393736883,0.06188512095679055,0.001,-0.8206536986248012,10.0,3.0,3.5,5.0,0
15441000000,1531,15441000000,,0.0,-0.06163293176881712,0.6029648423471039,0.06163293176881712,0.001,-0.8742831385765064,10.0,3.0,3.5,5.0,0
15451000000,1532,15451000000,,0.0,-0.06149500670203967,0.5885679798864014,0.06149500670203967,0.001,-0.8234205454280663,10.0,3.0,3.5,5.0,0
15461000000,1533,15461000000,,0.0,-0.061243744678139755,0.6037233120161664,0.061243744678139755,0.001,-0.8771249373443073,10.0,3.0,3.5,5.0,0
15471000000,1534,15471000000,,0.0,-0.06110703309230914,0.5893016451719284,0.06110703309230914,0.001,-0.8261750405069788,10.0,3.0,3.5,5.0,0
15481000000,1535,15481000000,,0.0,-0.060856698620058935,0.6044776866767004,0.060856698620058935,0.001,-0.8799542471952446,10.0,3.0,3.5,5.0,0
15491000000,1536,15491000000,,0.0,-0.060721199624812705,0.5900312656128257,0.060721199624812705,0.001,-0.8289171669063542,10.0,3.0,3.5,5.0,0
15501000000,1537,15501000000,,0.0,-0.06047179278230974,0.6052279934413402,0.06047179278230974,0.001,-0.8827710428369993,10.0,3.0,3.5,5.0,0
15511000000,1538,15511000000,,0.0,-0.06033750517779257,0.5907568708082042,0.06033750517779257,0.001,-0.8316469111593743,10.0,3.0,3.5,5.0,0
15521000000,1539,15521000000,,0.0,-0.06008902575221242,0.6059742587330957,0.06008902575221242,0.001,-0.8855753026682214,10.0,3.0,3.5,5.0,0
15531000000,1540,15531000000,,0.0,-0.0599559480476648,0.5914784896160002,0.0599559480476648,0.001,-0.8343642631385833,10.0,3.0,3.5,5.0,0
15541000000,1541,15541000000,,0.0,-0.05970839555279284,0.6067165083099253,0.05970839555279284,0.001,-0.8883670084645976,10.0,3.0,3.5,5.0,0
15551000000,1542,15551000000,,0.0,-0.059576525984088136,0.5921961501722445,0.059576525984088136,0.001,-0.8370692157482948,10.0,3.0,3.5,5.0,0
15561000000,1543,15561000000,,0.0,-0.05932989967685742,0.6074547672962872,0.05932989967685742,0.001,-0.8911461452511373,10.0,3.0,3.5,5.0,0
15571000000,1544,15571000000,,0.0,-0.05919923622307177,0.592909879930989,0.05919923622307177,0.001,-0.8397617648117655,10.0,3.0,3.5,5.0,0
15581000000,1545,15581000000,,0.0,-0.05895353511917811,0.6081890602127689,0.05895353511917811,0.001,-0.8939127010732506,10.0,3.0,3.5,5.0,0
15591000000,1546,15591000000,,0.0,-0.05882407551822055,0.5936197056866401,0.05882407551822055,0.001,-0.8424419088320652,10.0,3.0,3.5,5.0,0
15601000000,1547,15601000000,,0.0,-0.058579298406846725,0.6089194110011402,0.058579298406846725,0.001,-0.8966666668215635,10.0,3.0,3.5,5.0,0
15611000000,1548,15611000000,,0.0,-0.058451040170226065,0.5943256536058668,0.058451040170226065,0.001,-0.8451096488681531,10.0,3.0,3.5,5.0,0
15621000000,1549,15621000000,,0.0,-0.05820718562796223,0.6096458430530687,0.05820718562796223,0.001,-0.8994080360840728,10.0,3.0,3.5,5.0,0
15631000000,1550,15631000000,,0.0,-0.058080126054724346,0.5950277492524774,0.058080126054724346,0.001,-0.847764988350961,10.0,3.0,3.5,5.0,0
15641000000,1551,15641000000,,0.0,-0.05783719245868468,0.6103683792332203,0.05783719245868468,0.001,-0.9021368049663372,10.0,3.0,3.5,5.0,0
15651000000,1552,15651000000,,0.0,-0.05771132864858153,0.5957260176148571,0.05771132864858153,0.001,-0.850407932950882,10.0,3.0,3.5,5.0,0
15661000000,1553,15661000000,,0.0,-0.057469314188800524,0.6110870419018082,0.057469314188800524,0.001,-0.9048529719249823,10.0,3.0,3.5,5.0,0
15671000000,1554,15671000000,,0.0,-0.057344643054708655,0.5964204831242813,0.057344643054708655,0.001,-0.8530384903931556,10.0,3.0,3.5,5.0,0
15681000000,1555,15681000000,,0.0,-0.05710354574583931,0.6118018529393426,0.05710354574583931,0.001,-0.9075565376950276,10.0,3.0,3.5,5.0,0
15691000000,1556,15691000000,,0.0,-0.05698006402550693,0.5971111696876996,0.05698006402550693,0.001,-0.8556566703912001,10.0,3.0,3.5,5.0,0
15701000000,1557,15701000000,,0.0,-0.05673988171785194,0.6125128337700314,0.05673988171785194,0.001,-0.9102475050924164,10.0,3.0,3.5,5.0,0
15711000000,1558,15711000000,,0.0,-0.05661758598497535,0.5977981007017399,0.05661758598497535,0.001,-0.8582624844738262,10.0,3.0,3.5,5.0,0
15721000000,1559,15721000000,,0.0,-0.05637831637491875,0.6132200053766419,0.05637831637491875,0.001,-0.9129258788963126,10.0,3.0,3.5,5.0,0
15731000000,1560,15731000000,,0.0,-0.05625720304960691,0.5984812990809674,0.05625720304960691,0.001,-0.8608559459196501,10.0,3.0,3.5,5.0,0
15741000000,1561,15741000000,,0.0,-0.056018843689442654,0.6139233883297814,0.056018843689442654,0.001,-0.9155916658137948,10.0,3.0,3.5,5.0,0
15751000000,1562,15751000000,,0.0,-0.055898909048107015,0.5991607872715172,0.055898909048107015,0.001,-0.8634370695870457,10.0,3.0,3.5,5.0,0
15761000000,1563,15761000000,,0.0,-0.05566145735533112,0.6146230027962721,0.05566145735533112,0.001,-0.918244874246203,10.0,3.0,3.5,5.0,0
15771000000,1564,15771000000,,0.0,-0.05554269754001595,0.5998365872757255,0.05554269754001595,0.001,-0.866005871853389,10.0,3.0,3.5,5.0,0
15781000000,1565,15781000000,,0.0,-0.055306150806095467,0.6153188685661061,0.055306150806095467,0.001,-0.9208855143014523,10.0,3.0,3.5,5.0,0
15791000000,1566,15791000000,,0.0,-0.055188561833293015,0.6005087206718153,0.055188561833293015,0.001,-0.8685623705356198,10.0,3.0,3.5,5.0,0
15801000000,1567,15801000000,,0.0,-0.05495291723192519,0.6160110050655527,0.05495291723192519,0.001,-0.9235135976259183,10.0,3.0,3.5,5.0,0
15811000000,1568,15811000000,,0.0,-0.054836495000906815,0.6011772086267542,0.054836495000906815,0.001,-0.8711065847544417,10.0,3.0,3.5,5.0,0
15821000000,1569,15821000000,,0.0,-0.05460174959585107,0.6166994313748726,0.05460174959585107,0.001,-0.9261291373501328,10.0,3.0,3.5,5.0,0
15831000000,1570,15831000000,,0.0,-0.05448648989652405,0.6018420719177313,0.05448648989652405,0.001,-0.8736385348905034,10.0,3.0,3.5,5.0,0
15841000000,1571,15841000000,,0.0,-0.054252640648955186,0.6173841662452891,0.054252640648955186,0.001,-0.9287321480213124,10.0,3.0,3.5,5.0,0
15851000000,1572,15851000000,,0.0,-0.054138539169295896,0.602503330947151,0.054138539169295896,0.001,-0.8761582424927354,10.0,3.0,3.5,5.0,0
15861000000,1573,15861000000,,0.0,-0.0539055829447781,0.6180652281126069,0.0539055829447781,0.001,-0.9313226454715311,10.0,3.0,3.5,5.0,0
15871000000,1574,15871000000,,0.0,-0.053792635277846834,0.6031610057591215,0.053792635277846834,0.001,-0.8786657302062366,10.0,3.0,3.5,5.0,0
15881000000,1575,15881000000,,0.0,-0.053560568852900836,0.6187426351091848,0.053560568852900836,0.001,-0.9339006467554785,10.0,3.0,3.5,5.0,0
15891000000,1576,15891000000,,0.0,-0.05344877050346142,0.6038151160534305,0.05344877050346142,0.001,-0.8811610217011507,10.0,3.0,3.5,5.0,0
15901000000,1577,15901000000,,0.0,-0.05321759057176134,0.619416405087702,0.05321759057176134,0.001,-0.9364661701696928,10.0,3.0,3.5,5.0,0
15911000000,1578,15911000000,,0.0,-0.05310693696255253,0.6044656812013846,0.05310693696255253,0.001,-0.8836441416203944,10.0,3.0,3.5,5.0,0
15921000000,1579,15921000000,,0.0,-0.052876640140783415,0.6200865556220115,0.052876640140783415,0.001,-0.9390192350509909,10.0,3.0,3.5,5.0,0
15931000000,1580,15931000000,,0.0,-0.05276712661842087,0.6051127202561777,0.05276712661842087,0.001,-0.8861151154840108,10.0,3.0,3.5,5.0,0
15941000000,1581,15941000000,,0.0,-0.052537709451804915,0.6207531040260262,0.052537709451804915,0.001,-0.9415598617988066,10.0,3.0,3.5,5.0,0
15951000000,1582,15951000000,,0.0,-0.05242933129236693,0.6057562519712708,0.05242933129236693,0.001,-0.8885739696925699,10.0,3.0,3.5,5.0,0
15961000000,1583,15961000000,,0.0,-0.05220079025988067,0.6214160673682917,0.05220079025988067,0.001,-0.944088071822291,10.0,3.0,3.5,5.0,0
15971000000,1584,15971000000,,0.0,-0.05209354267418309,0.6063962948089805,0.05209354267418309,0.001,-0.8910207314273233,10.0,3.0,3.5,5.0,0
15981000000,1585,15981000000,,0.0,-0.051865874193484096,0.6220754624750406,0.051865874193484096,0.001,-0.9466038874306264,10.0,3.0,3.5,5.0,0
15991000000,1586,15991000000,,0.0,-0.05175975233206742,0.607032866954509,0.05175975233206742,0.001,-0.8934554286145908,10.0,3.0,3.5,5.0,0
16001000000,1587,16001000000,,0.0,-0.051532952764124396,0.6227313059527123,0.051532952764124396,0.001,-0.949107331859151,10.0,3.0,3.5,5.0,0
16011000000,1588,16011000000,,0.0,-0.05142795172196024,0.6076659863258851,0.05142795172196024,0.001,-0.8958780898798036,10.0,3.0,3.5,5.0,0
16021000000,1589,16021000000,,0.0,-0.05120201737545571,0.6233836141887904,0.05120201737545571,0.001,-0.9515984291570105,10.0,3.0,3.5,5.0,0
16031000000,1590,16031000000,,0.0,-0.05109813219638859,0.6082956705873407,0.05109813219638859,0.001,-0.8982887445183565,10.0,3.0,3.5,5.0,0
16041000000,1591,16041000000,,0.0,-0.050873059331854265,0.624032403362683,0.050873059331854265,0.001,-0.9540772041417722,10.0,3.0,3.5,5.0,0
16051000000,1592,16051000000,,0.0,-0.05077028501280356,0.6089219371543865,0.05077028501280356,0.001,-0.9006874224088461,10.0,3.0,3.5,5.0,0
16061000000,1593,16061000000,,0.0,-0.050546069846525654,0.6246776894624478,0.050546069846525654,0.001,-0.9565436824235167,10.0,3.0,3.5,5.0,0
16071000000,1594,16071000000,,0.0,-0.05044440134145134,0.6095448032107715,0.05044440134145134,0.001,-0.9030741540268523,10.0,3.0,3.5,5.0,0
16081000000,1595,16081000000,,0.0,-0.05022104004915473,0.6253194882847224,0.05022104004915473,0.001,-0.9589978902869309,10.0,3.0,3.5,5.0,0
16091000000,1596,16091000000,,0.0,-0.050120472272808136,0.6101642857149985,0.050120472272808136,0.001,-0.9054489704035624,10.0,3.0,3.5,5.0,0
16101000000,1597,16101000000,,0.0,-0.04989796099314159,0.6259578154500962,0.04989796099314159,0.001,-0.9614398547076539,10.0,3.0,3.5,5.0,0
16111000000,1598,16111000000,,0.0,-0.04979848882460569,0.6107804014078992,0.04979848882460569,0.001,-0.9078119030476397,10.0,3.0,3.5,5.0,0
16121000000,1599,16121000000,,0.0,-0.04957682366241212,0.6265926864084211,0.04957682366241212,0.001,-0.9638696033009613,10.0,3.0,3.5,5.0,0
16131000000,1600,16131000000,,0.0,-0.04947844194844109,0.6113931668224003,0.04947844194844109,0.001,-0.9101629839641046,10.0,3.0,3.5,5.0,0
16141000000,1601,16141000000,,0.0,-0.04925761897787595,0.627224116446688,0.04925761897787595,0.001,-0.9662871642766837,10.0,3.0,3.5,5.0,0
16151000000,1602,16151000000,,0.0,-0.04916032253605529,0.6120025982938512,0.04916032253605529,0.001,-0.9125022455953145,10.0,3.0,3.5,5.0,0
16161000000,1603,16161000000,,0.0,-0.04894033780348739,0.6278521206963122,0.04894033780348739,0.001,-0.9686925664163761,10.0,3.0,3.5,5.0,0
16171000000,1604,16171000000,,0.0,-0.04884412142521999,0.6126087119628852,0.04884412142521999,0.001,-0.9148297207872595,10.0,3.0,3.5,5.0,0
16181000000,1605,16181000000,,0.0,-0.04862497095200258,0.6284767141406302,0.04862497095200258,0.001,-0.9710858390438442,10.0,3.0,3.5,5.0,0
16191000000,1606,16191000000,,0.0,-0.04852982940532513,0.6132115237896817,0.04852982940532513,0.001,-0.9171454428020274,10.0,3.0,3.5,5.0,0
16201000000,1607,16201000000,,0.0,-0.04831150919039562,0.6290979116209647,0.04831150919039562,0.001,-0.9734670119987445,10.0,3.0,3.5,5.0,0
16211000000,1608,16211000000,,0.0,-0.04821743722263694,0.6138110495562111,0.04821743722263694,0.001,-0.9194494452524142,10.0,3.0,3.5,5.0,0
16221000000,1609,16221000000,,0.0,-0.047999943244959375,0.6297157278470118,0.047999943244959375,0.001,-0.9758361156285713,10.0,3.0,3.5,5.0,0
16231000000,1610,16231000000,,0.0,-0.04790693558525927,0.614407304873638,0.04790693558525927,0.001,-0.9217417620951533,10.0,3.0,3.5,5.0,0
16241000000,1611,16241000000,,0.0,-0.04769026380615937,0.6303301773946725,0.04769026380615937,0.001,-0.9781931807175275,10.0,3.0,3.5,5.0,0
16251000000,1612,16251000000,,0.0,-0.04759831516783919,0.6150003051935553,0.04759831516783919,0.001,-0.9240224276233011,10.0,3.0,3.5,5.0,0
16261000000,1613,16261000000,,0.0,-0.047382461533166165,0.6309412747206866,0.047382461533166165,0.001,-0.9805382384991597,10.0,3.0,3.5,5.0,0
16271000000,1614,16271000000,,0.0,-0.04729156661596967,0.6155900658050357,0.04729156661596967,0.001,-0.9262914764085335,10.0,3.0,3.5,5.0,0
16281000000,1615,16281000000,,0.0,-0.04707652705816212,0.631549034163607,0.04707652705816212,0.001,-0.9828713206492208,10.0,3.0,3.5,5.0,0
16291000000,1616,16291000000,,0.0,-0.04698668055037736,0.6161766018510246,0.04698668055037736,0.001,-0.9285489433199448,10.0,3.0,3.5,5.0,0
16301000000,1617,16301000000,,0.0,-0.046772450990413716,0.6321534699461936,0.046772450990413716,0.001,-0.9851924592029124,10.0,3.0,3.5,5.0,0
16311000000,1618,16311000000,,0.0,-0.04668364757087051,0.6167599283258312,0.04668364757087051,0.001,-0.930794863479713,10.0,3.0,3.5,5.0,0
16321000000,1619,16321000000,,0.0,-0.046470223920085374,0.6327545961876653,0.046470223920085374,0.001,-0.9875016866019302,10.0,3.0,3.5,5.0,0
16331000000,1620,16331000000,,0.0,-0.04638245826004006,0.6173400600877044,0.04638245826004006,0.001,-0.9330292722769677,10.0,3.0,3.5,5.0,0
16341000000,1621,16341000000,,0.0,-0.04616983642185524,0.63335242690143,0.04616983642185524,0.001,-0.9897990356313544,10.0,3.0,3.5,5.0,0
16351000000,1622,16351000000,,0.0,-0.046083103186775,0.6179170118570037,0.046083103186775,0.001,-0.9352522053149044,10.0,3.0,3.5,5.0,0
16361000000,1623,16361000000,,0.0,-0.04587127905832222,0.633946976006117,0.04587127905832222,0.001,-0.9920845394361373,10.0,3.0,3.5,5.0,0
16371000000,1624,16371000000,,0.0,-0.045785572909572636,0.6184907982239615,0.045785572909572636,0.001,-0.9374636984032687,10.0,3.0,3.5,5.0,0
16381000000,1625,16381000000,,0.0,-0.045574542383227445,0.6345382573243913,0.045574542383227445,0.001,-0.9943582314801802,10.0,3.0,3.5,5.0,0
16391000000,1626,16391000000,,0.0,-0.04548985797965521,0.6190614336561616,0.04548985797965521,0.001,-0.9396637875681253,10.0,3.0,3.5,5.0,0
16401000000,1627,16401000000,,0.0,-0.0452796169444829,0.6351262845873603,0.0452796169444829,0.001,-0.9966201455164816,10.0,3.0,3.5,5.0,0
16411000000,1628,16411000000,,0.0,-0.045195948943912434,0.6196289324998026,0.045195948943912434,0.001,-0.941852509038321,10.0,3.0,3.5,5.0,0
16421000000,1629,16421000000,,0.0,-0.0449864932870252,0.6357110714443696,0.0449864932870252,0.001,-0.9988703156396777,10.0,3.0,3.5,5.0,0
16431000000,1630,16431000000,,0.0,-0.044903836347684134,0.6201933089832692,0.044903836347684134,0.001,-0.9440298991743075,10.0,3.0,3.5,5.0,0
16441000000,1631,16441000000,,0.0,-0.044695161955520035,0.6362926314576287,0.044695161955520035,0.001,-1.0011087761720487,10.0,3.0,3.5,5.0,0
16451000000,1632,16451000000,,0.0,-0.04461351073736797,0.6207545772258234,0.04461351073736797,0.001,-0.9461959945477696,10.0,3.0,3.5,5.0,0
16461000000,1633,16461000000,,0.0,-0.04440561349690508,0.6368709781114109,0.04440561349690508,0.001,-1.0033355617312798,10.0,3.0,3.5,5.0,0
16471000000,1634,16471000000,,0.0,-0.04432496266289121,0.621312751235639,0.04432496266289121,0.001,-0.9483508318483744,10.0,3.0,3.5,5.0,0
16481000000,1635,16481000000,,0.0,-0.044117838462766734,0.6374461248176232,0.044117838462766734,0.001,-1.0055507072033718,10.0,3.0,3.5,5.0,0
16491000000,1636,16491000000,,0.0,-0.04403818268002713,0.6218678449182692,0.04403818268002713,0.001,-0.9504944479349313,10.0,3.0,3.5,5.0,0
16501000000,1637,16501000000,,0.0,-0.04383182741163161,0.6380180849099467,0.04383182741163161,0.001,-1.007754247675853,10.0,3.0,3.5,5.0,0
16511000000,1638,16511000000,,0.0,-0.04375316135260299,0.6224198720748892,0.04375316135260299,0.001,-0.9526268797569348,10.0,3.0,3.5,5.0,0
16521000000,1639,16521000000,,0.0,-0.04354757091106176,0.6385868716560519,0.04354757091106176,0.001,-1.0099462185002723,10.0,3.0,3.5,5.0,0
16531000000,1640,16531000000,,0.0,-0.04346988925454287,0.6229688464155677,0.04346988925454287,0.001,-0.954748164451718,10.0,3.0,3.5,5.0,0
16541000000,1641,16541000000,,0.0,-0.0432650595396753,0.6391524982573337,0.0432650595396753,0.001,-1.0121266552527348,10.0,3.0,3.5,5.0,0
16551000000,1642,16551000000,,0.0,-0.04318835697182788,0.6235147815501009,0.04318835697182788,0.001,-0.9568583392122707,10.0,3.0,3.5,5.0,0
16561000000,1643,16561000000,,0.0,-0.04298428388903375,0.6397149778470307,0.04298428388903375,0.001,-1.0142955936894344,10.0,3.0,3.5,5.0,0
16571000000,1644,16571000000,,0.0,-0.0429085551043169,0.6240576909979564,0.0429085551043169,0.001,-0.9589574413552955,10.0,3.0,3.5,5.0,0
16581000000,1645,16581000000,,0.0,-0.042705234565418415,0.6402743234973726,0.042705234565418415,0.001,-1.0164530697715755,10.0,3.0,3.5,5.0,0
16591000000,1646,16591000000,,0.0,-0.04263047426747768,0.624597588192866,0.04263047426747768,0.001,-0.9610455083061169,10.0,3.0,3.5,5.0,0
16601000000,1647,16601000000,,0.0,-0.04242790219149217,0.6408305482262588,0.04242790219149217,0.001,-1.0185991196944473,10.0,3.0,3.5,5.0,0
16611000000,1648,16611000000,,0.0,-0.04235410509399795,0.6251344864795523,0.04235410509399795,0.001,-0.9631225775629306,10.0,3.0,3.5,5.0,0
16621000000,1649,16621000000,,0.0,-0.0421522774078964,0.6413836649867045,0.0421522774078964,0.001,-1.020733779777161,10.0,3.0,3.5,5.0,0
16631000000,1650,16631000000,,0.0,-0.04207943823532467,0.6256683991235548,0.04207943823532467,0.001,-0.9651886867362875,10.0,3.0,3.5,5.0,0
16641000000,1651,16641000000,,0.0,-0.04187835087470937,0.6419336866817661,0.04187835087470937,0.001,-1.0228570865433078,10.0,3.0,3.5,5.0,0
16651000000,1652,16651000000,,0.0,-0.04180646436309221,0.6261993393055704,0.04180646436309221,0.001,-0.9672438734683593,10.0,3.0,3.5,5.0,0
16661000000,1653,16661000000,,0.0,-0.041606113272859346,0.6424806261571101,0.041606113272859346,0.001,-1.024969076662092,10.0,3.0,3.5,5.0,0
16671000000,1654,16671000000,,0.0,-0.04153517417047503,0.6267273201311615,0.04153517417047503,0.001,-0.9692881754989826,10.0,3.0,3.5,5.0,0
16681000000,1655,16681000000,,0.0,-0.04133555530541422,0.6430244962118412,0.04133555530541422,0.001,-1.0270697869869923,10.0,3.0,3.5,5.0,0
16691000000,1656,16691000000,,0.0,-0.04126555837345247,0.6272523546310195,0.04126555837345247,0.001,-0.971321630648571,10.0,3.0,3.5,5.0,0
16701000000,1657,16701000000,,0.0,-0.04106666769883027,0.6435653095916504,0.04106666769883027,0.001,-1.0291592544921628,10.0,3.0,3.5,5.0,0
16711000000,1658,16711000000,,0.0,-0.040997607711999784,0.6277744557585313,0.040997607711999784,0.001,-0.9733442767612785,10.0,3.0,3.5,5.0,0
16721000000,1659,16721000000,,0.0,-0.040799441204102393,0.6441030789962826,0.040799441204102393,0.001,-1.0312375163154492,10.0,3.0,3.5,5.0,0
16731000000,1660,16731000000,,0.0,-0.040731312951225895,0.6282936364002,0.040731312951225895,0.001,-0.9753561517543197,10.0,3.0,3.5,5.0,0
16741000000,1661,16741000000,,0.0,-0.040533866597842305,0.6446378170777932,0.040533866597842305,0.001,-1.0333046097119016,10.0,3.0,3.5,5.0,0
16751000000,1662,16751000000,,0.0,-0.040466664882396586,0.6288099093697195,0.040466664882396586,0.001,-0.977357293590656,10.0,3.0,3.5,5.0,0
16761000000,1663,16761000000,,0.0,-0.04026993468330886,0.6451695364443873,0.04026993468330886,0.001,-1.0353605720792063,10.0,3.0,3.5,5.0,0
16771000000,1664,16771000000,,0.0,-0.04020365432393902,0.6293232874139956,0.04020365432393902,0.001,-0.979347740270458,10.0,3.0,3.5,5.0,0
16781000000,1665,16781000000,,0.0,-0.040007636291358395,0.6456982496611422,0.040007636291358395,0.001,-1.0374054409310087,10.0,3.0,3.5,5.0,0
16791000000,1666,16791000000,,0.0,-0.03994227212236545,0.6298337832155253,0.03994227212236545,0.001,-0.9813275298357542,10.0,3.0,3.5,5.0,0
16801000000,1667,16801000000,,0.0,-0.039746962281343556,0.6462239692488949,0.039746962281343556,0.001,-1.0394392538955655,10.0,3.0,3.5,5.0,0
16811000000,1668,16811000000,,0.0,-0.03968250915313387,0.6303414093920048,0.03968250915313387,0.001,-0.9832967003725459,10.0,3.0,3.5,5.0,0
16821000000,1669,16821000000,,0.0,-0.03948790354194642,0.6467467076899573,0.03948790354194642,0.001,-1.0414620487181114,10.0,3.0,3.5,5.0,0
16831000000,1670,16831000000,,0.0,-0.03942435632146157,0.6308461784975914,0.03942435632146157,0.001,-0.9852552899791522,10.0,3.0,3.5,5.0,0
16841000000,1671,16841000000,,0.0,-0.039230450991976085,0.6472664774249073,0.039230450991976085,0.001,-1.0434738632386638,10.0,3.0,3.5,5.0,0
16851000000,1672,16851000000,,0.0,-0.03916780456308988,0.63134810302915,0.03916780456308988,0.001,-0.9872033368095992,10.0,3.0,3.5,5.0,0
16861000000,1673,16861000000,,0.0,-0.03897459558109251,0.6477832908576935,0.03897459558109251,0.001,-1.0454747354078227,10.0,3.0,3.5,5.0,0
16871000000,1674,16871000000,,0.0,-0.03891284484498936,0.6318471954204218,0.03891284484498936,0.001,-0.9891408790056513,10.0,3.0,3.5,5.0,0
16881000000,1675,16881000000,,0.0,-0.03872032829050642,0.6482971603530747,0.03872032829050642,0.001,-1.047464703265461,10.0,3.0,3.5,5.0,0
16891000000,1676,16891000000,,0.0,-0.03865946816602772,0.6323434680482605,0.03865946816602772,0.001,-0.9910679547441936,10.0,3.0,3.5,5.0,0
16901000000,1677,16901000000,,0.0,-0.03846764013360726,0.6488080982407158,0.03846764013360726,0.001,-1.0494438049418597,10.0,3.0,3.5,5.0,0
16911000000,1678,16911000000,,0.0,-0.038407665557585347,0.632836933235439,0.038407665557585347,0.001,-0.9929846022229276,10.0,3.0,3.5,5.0,0
16921000000,1679,16921000000,,0.0,-0.038216522156581334,0.6493161168132289,0.038216522156581334,0.001,-1.0514120786589018,10.0,3.0,3.5,5.0,0
16931000000,1680,16931000000,,0.0,-0.03815742808414324,0.6333276032457755,0.03815742808414324,0.001,-0.9948908596400883,10.0,3.0,3.5,5.0,0
16941000000,1681,16941000000,,0.0,-0.03796696543895095,0.6498212283278725,0.03796696543895095,0.001,-1.053369562694717,10.0,3.0,3.5,5.0,0
16951000000,1682,16951000000,,0.0,-0.03790874684380885,0.6338154902928838,0.03790874684380885,0.001,-0.9967867652244886,10.0,3.0,3.5,5.0,0
16961000000,1683,16961000000,,0.0,-0.0377189610941171,0.6503234450081955,0.0377189610941171,0.001,-1.0553162954259758,10.0,3.0,3.5,5.0,0
16971000000,1684,16971000000,,0.0,-0.03766161296882853,0.6343006065337459,0.03766161296882853,0.001,-0.9986723571817318,10.0,3.0,3.5,5.0,0
16981000000,1685,16981000000,,0.0,-0.037472500269826625,0.6508227790457616,0.037472500269826625,0.001,-1.0572523152963023,10.0,3.0,3.5,5.0,0
16991000000,1686,16991000000,,0.0,-0.037416017626058284,0.6347829640781757,0.037416017626058284,0.001,-1.0005476737465075,10.0,3.0,3.5,5.0,0
17001000000,1687,17001000000,,0.0,-0.03722757414862077,0.6513192425997726,0.03722757414862077,0.001,-1.0591776608221455,10.0,3.0,3.5,5.0,0
17011000000,1688,17011000000,,0.0,-0.03717195201737411,0.6352625749805015,0.03717195201737411,0.001,-1.0024127531390938,10.0,3.0,3.5,5.0,0
17021000000,1689,17021000000,,0.0,-0.03698417394828013,0.6518128477943002,0.03698417394828013,0.001,-1.061092370573796,10.0,3.0,3.5,5.0,0
17031000000,1690,17031000000,,0.0,-0.03692940738010719,0.6357394512498555,0.03692940738010719,0.001,-1.0042676335868717,10.0,3.0,3.5,5.0,0
17041000000,1691,17041000000,,0.0,-0.03674229092217374,0.6523036067248535,0.03674229092217374,0.001,-1.0629964831697687,10.0,3.0,3.5,5.0,0
17051000000,1692,17051000000,,0.0,-0.03668837498738231,0.6362136048442553,0.03668837498738231,0.001,-1.0061123533188017,10.0,3.0,3.5,5.0,0
17061000000,1693,17061000000,,0.0,-0.03650191635965161,0.652791531455116,0.03650191635965161,0.001,-1.0648900373173573,10.0,3.0,3.5,5.0,0
17071000000,1694,17071000000,,0.0,-0.03644884614848909,0.636685047674989,0.03644884614848909,0.001,-1.0079469505409024,10.0,3.0,3.5,5.0,0
17081000000,1695,17081000000,,0.0,-0.03626304158634852,0.6532766340181041,0.03626304158634852,0.001,-1.0667730717421509,10.0,3.0,3.5,5.0,0
17091000000,1696,17091000000,,0.0,-0.03621081220918043,0.6371537916053681,0.03621081220918043,0.001,-1.0097714634590675,10.0,3.0,3.5,5.0,0
17101000000,1697,17101000000,,0.0,-0.03602565796450907,0.6537589264185357,0.03602565796450907,0.001,-1.0686456252354386,10.0,3.0,3.5,5.0,0
17111000000,1698,17111000000,,0.0,-0.03597426455197361,0.6376198484536553,0.03597426455197361,0.001,-1.0115859302645291,10.0,3.0,3.5,5.0,0
17121000000,1699,17121000000,,0.0,-0.03578975689325237,0.654238420629122,0.03578975689325237,0.001,-1.070507736630709,10.0,3.0,3.5,5.0,0
17131000000,1700,17131000000,,0.0,-0.03573919459641495,0.6380832299946029,0.03573919459641495,0.001,-1.0133903891507612,10.0,3.0,3.5,5.0,0
17141000000,1701,17141000000,,0.0,-0.03555532980883491,0.6547151285967289,0.03555532980883491,0.001,-1.0723594448050164,10.0,3.0,3.5,5.0,0
17151000000,1702,17151000000,,0.0,-0.03550559379931606,0.6385439479547155,0.03550559379931606,0.001,-1.015184878274694,10.0,3.0,3.5,5.0,0
17161000000,1703,17161000000,,0.0,-0.03532236818488954,0.6551890622373551,0.03532236818488954,0.001,-1.074200788668139,10.0,3.0,3.5,5.0,0
17171000000,1704,17171000000,,0.0,-0.03527345365499812,0.639002014021861,0.03527345365499812,0.001,-1.0169694358017647,10.0,3.0,3.5,5.0,0
17181000000,1705,17181000000,,0.0,-0.0350908635326288,0.6556602334381614,0.0350908635326288,0.001,-1.0760318071645127,10.0,3.0,3.5,5.0,0
17191000000,1706,17191000000,,0.0,-0.035042765695473044,0.6394574398369428,0.035042765695473044,0.001,-1.0187440998645483,10.0,3.0,3.5,5.0,0
17201000000,1707,17201000000,,0.0,-0.034860807401043026,0.6561286540636916,0.034860807401043026,0.001,-1.0778525392938598,10.0,3.0,3.5,5.0,0
17211000000,1708,17211000000,,0.0,-0.03481352149063888,0.6399102369995777,0.03481352149063888,0.001,-1.0205089085585386,10.0,3.0,3.5,5.0,0
17221000000,1709,17221000000,,0.0,-0.03463219137708773,0.6565943359423273,0.03463219137708773,0.001,-1.0796630240386538,10.0,3.0,3.5,5.0,0
17231000000,1710,17231000000,,0.0,-0.034585712648443234,0.6403604170698415,0.034585712648443234,0.001,-1.0222638999972988,10.0,3.0,3.5,5.0,0
17241000000,1711,17241000000,,0.0,-0.034405007085809736,0.6570572908827808,0.034405007085809736,0.001,-1.0814633004507235,10.0,3.0,3.5,5.0,0
17251000000,1712,17251000000,,0.0,-0.034359330815024514,0.6408079915620802,0.034359330815024514,0.001,-1.02400911222794,10.0,3.0,3.5,5.0,0
17261000000,1713,17261000000,,0.0,-0.034179246190523926,0.6575175306633658,0.034179246190523926,0.001,-1.083253407600568,10.0,3.0,3.5,5.0,0
17271000000,1714,17271000000,,0.0,-0.03413436767486289,0.6412529719557047,0.03413436767486289,0.001,-1.0257445833050287,10.0,3.0,3.5,5.0,0
17281000000,1715,17281000000,,0.0,-0.03395490039291449,0.6579750670364873,0.03395490039291449,0.001,-1.0850333845522837,10.0,3.0,3.5,5.0,0
17291000000,1716,17291000000,,0.0,-0.033910814950870005,0.641695369686537,0.033910814950870005,0.001,-1.0274703512376555,10.0,3.0,3.5,5.0,0
17301000000,1717,17301000000,,0.0,-0.03373196143315216,0.6584299117243776,0.03373196143315216,0.001,-1.0868032703973918,10.0,3.0,3.5,5.0,0
17311000000,1718,17311000000,,0.0,-0.03368866440451335,0.6421351961533135,0.03368866440451335,0.001,-1.0291864540231805,10.0,3.0,3.5,5.0,0
17321000000,1719,17321000000,,0.0,-0.03351042108998836,0.6588820764296391,0.03351042108998836,0.001,-1.0885631042795594,10.0,3.0,3.5,5.0,0
17331000000,1720,17331000000,,0.0,-0.03346790783589615,0.6425724627150105,0.03346790783589615,0.001,-1.0308929296161449,10.0,3.0,3.5,5.0,0
17341000000,1721,17341000000,,0.0,-0.033290271180834274,0.6593315728224831,0.033290271180834274,0.001,-1.0903129253013453,10.0,3.0,3.5,5.0,0
17351000000,1722,17351000000,,0.0,-0.03324853708382758,0.6430071806901986,0.03324853708382758,0.001,-1.0325898159283589,10.0,3.0,3.5,5.0,0
17361000000,1723,17361000000,,0.0,-0.03307150356183186,0.6597784125512247,0.03307150356183186,0.001,-1.0920527726206422,10.0,3.0,3.5,5.0,0
17371000000,1724,17371000000,,0.0,-0.03303054402588668,0.6434393613621949,0.03303054402588668,0.001,-1.0342771508694573,10.0,3.0,3.5,5.0,0
17381000000,1725,17381000000,,0.0,-0.03285411012791961,0.6602226072343325,0.03285411012791961,0.001,-1.0937826853668693,10.0,3.0,3.5,5.0,0
17391000000,1726,17391000000,,0.0,-0.0328139205784872,0.6438690159777554,0.0328139205784872,0.001,-1.0359549723035144,10.0,3.0,3.5,5.0,0
17401000000,1727,17401000000,,0.0,-0.03263808281286362,0.6606641684671135,0.03263808281286362,0.001,-1.0955027027005082,10.0,3.0,3.5,5.0,0
17411000000,1728,17411000000,,0.0,-0.03259865869689449,0.6442961557423026,0.03259865869689449,0.001,-1.037623318046545,10.0,3.0,3.5,5.0,0
17421000000,1729,17421000000,,0.0,-0.03242341358930201,0.6611031078176304,0.03242341358930201,0.001,-1.0972128637699134,10.0,3.0,3.5,5.0,0
17431000000,1730,17431000000,,0.0,-0.032384750375276106,0.6447207918289923,0.032384750375276106,0.001,-1.0392822258916432,10.0,3.0,3.5,5.0,0
17441000000,1731,17441000000,,0.0,-0.032210094468756445,0.6615394368309958,0.032210094468756445,0.001,-1.0989132077461696,10.0,3.0,3.5,5.0,0
17451000000,1732,17451000000,,0.0,-0.032172187646700046,0.645142935371624,0.032172187646700046,0.001,-1.0409317335942345,10.0,3.0,3.5,5.0,0
17461000000,1733,17461000000,,0.0,-0.03199811750167214,0.6619731670227647,0.03199811750167214,0.001,-1.1006037737737282,10.0,3.0,3.5,5.0,0
17471000000,1734,17471000000,,0.0,-0.03196096258316761,0.6455625974704117,0.03196096258316761,0.001,-1.0425718788663032,10.0,3.0,3.5,5.0,0
17481000000,1735,17481000000,,0.0,-0.03178747477740007,0.6624043098843637,0.03178747477740007,0.001,-1.1022846009962297,10.0,3.0,3.5,5.0,0
17491000000,1736,17491000000,,0.0,-0.03175106729559385,0.6459797891881519,0.03175106729559385,0.001,-1.044202699380472,10.0,3.0,3.5,5.0,0
17501000000,1737,17501000000,,0.0,-0.031578158424198755,0.6628328768838165,0.031578158424198755,0.001,-1.1039557285759116,10.0,3.0,3.5,5.0,0
17511000000,1738,17511000000,,0.0,-0.031542493933811144,0.6463945215520444,0.031542493933811144,0.001,-1.0458242327676315,10.0,3.0,3.5,5.0,0
17521000000,1739,17521000000,,0.0,-0.0313701606092307,0.6632588794629392,0.0313701606092307,0.001,-1.1056171956571144,10.0,3.0,3.5,5.0,0
17531000000,1740,17531000000,,0.0,-0.03133523468655053,0.6468068055589684,0.03133523468655053,0.001,-1.0474365166365542,10.0,3.0,3.5,5.0,0
17541000000,1741,17541000000,,0.0,-0.03116347353854021,0.6636823290330405,0.03116347353854021,0.001,-1.1072690413424118,10.0,3.0,3.5,5.0,0
17551000000,1742,17551000000,,0.0,-0.03112928178142038,0.6472166521636816,0.03112928178142038,0.001,-1.0490395885127128,10.0,3.0,3.5,5.0,0
17561000000,1743,17561000000,,0.0,-0.0309580894570205,0.6641032369875303,0.0309580894570205,0.001,-1.108911304771433,10.0,3.0,3.5,5.0,0
17571000000,1744,17571000000,,0.0,-0.030924627484874456,0.6476240722911683,0.030924627484874456,0.001,-1.0506334859077662,10.0,3.0,3.5,5.0,0
17581000000,1745,17581000000,,0.0,-0.030754000648390623,0.6645216146909666,0.030754000648390623,0.001,-1.1105440250472622,10.0,3.0,3.5,5.0,0
17591000000,1746,17591000000,,0.0,-0.030721264102171908,0.6480290768328355,0.030721264102171908,0.001,-1.052218246283436,10.0,3.0,3.5,5.0,0
17601000000,1747,17601000000,,0.0,-0.03055119943514395,0.664937473481546,0.03055119943514395,0.001,-1.1121672412501742,10.0,3.0,3.5,5.0,0
17611000000,1748,17611000000,,0.0,-0.030519183977337327,0.6484316766458657,0.030519183977337327,0.001,-1.0537939070744504,10.0,3.0,3.5,5.0,0
17621000000,1749,17621000000,,0.0,-0.030349678178521522,0.6653508246717945,0.030349678178521522,0.001,-1.1137809924511162,10.0,3.0,3.5,5.0,0
17631000000,1750,17631000000,,0.0,-0.03031837949312255,0.6488318825511159,0.03031837949312255,0.001,-1.0553605056088868,10.0,3.0,3.5,5.0,0
17641000000,1751,17641000000,,0.0,-0.030149429278426787,0.6657616795527997,0.030149429278426787,0.001,-1.1153853177164568,10.0,3.0,3.5,5.0,0
17651000000,1752,17651000000,,0.0,-0.030118843070922274,0.649229705340309,0.030118843070922274,0.001,-1.0569180792403658,10.0,3.0,3.5,5.0,0
17661000000,1753,17661000000,,0.0,-0.029950445173409612,0.6661700493851452,0.029950445173409612,0.001,-1.1169802560623074,10.0,3.0,3.5,5.0,0
17671000000,1754,17671000000,,0.0,-0.029920567170741208,0.6496251557678192,0.029920567170741208,0.001,-1.0584666652279362,10.0,3.0,3.5,5.0,0
17681000000,1755,17681000000,,0.0,-0.029752718340564144,0.6665759454072456,0.029752718340564144,0.001,-1.118565846502966,10.0,3.0,3.5,5.0,0
17691000000,1756,17691000000,,0.0,-0.029723544291118564,0.6500182445580865,0.029723544291118564,0.001,-1.0600063007842537,10.0,3.0,3.5,5.0,0
17701000000,1757,17701000000,,0.0,-0.029556241295491503,0.6669793788303612,0.029556241295491503,0.001,-1.1201421280241108,10.0,3.0,3.5,5.0,0
17711000000,1758,17711000000,,0.0,-0.029527766969054348,0.6504089824033594,0.029527766969054348,0.001,-1.06153702309888,10.0,3.0,3.5,5.0,0
17721000000,1759,17721000000,,0.0,-0.02936100659220564,0.6673803608401503,0.02936100659220564,0.001,-1.121709139572109,10.0,3.0,3.5,5.0,0
17731000000,1760,17731000000,,0.0,-0.02933322777993652,0.6507973799595984,0.02933322777993652,0.001,-1.0630588692714267,10.0,3.0,3.5,5.0,0
17741000000,1761,17741000000,,0.0,-0.029167006823071162,0.6677789025975932,0.029167006823071162,0.001,-1.1232669200834238,10.0,3.0,3.5,5.0,0
17751000000,1762,17751000000,,0.0,-0.029139919337465514,0.6511834478548705,0.029139919337465514,0.001,-1.0645718763815049,10.0,3.0,3.5,5.0,0
17761000000,1763,17761000000,,0.0,-0.02897423461871007,0.6681750152392931,0.02897423461871007,0.001,-1.1248155084708134,10.0,3.0,3.5,5.0,0
17771000000,1764,17771000000,,0.0,-0.028947834293561847,0.6515671966830104,0.028947834293561847,0.001,-1.0660760814438368,10.0,3.0,3.5,5.0,0
17781000000,1765,17781000000,,0.0,-0.028782682647928937,0.6685687098716111,0.028782682647928937,0.001,-1.1263549435813562,10.0,3.0,3.5,5.0,0
