%time,field.header.seq,field.header.stamp,field.header.frame_id,field.set_point,field.process_value,field.process_value_dot,field.error,field.time_step,field.command,field.p,field.i,field.d,field.i_clamp,field.antiwindup
18342000000,1818,18337000000,,0.0,-0.0007824589343599087,-0.2912449290976874,0.0007824589343599087,0.001,0.29906951633144274,10.0,0.0,1.0,0.0,0
18347000000,1819,18347000000,,-0.002907705146911356,-0.003920210227670751,0.7583069672232773,0.0010125050807592295,0.001,-0.7481752928173035,10.0,0.0,1.0,0.0,0
18357000000,1820,18357000000,,-0.002907705146911356,0.012639935809365177,2.0679776635898524,-0.015547640956276698,0.001,-2.223450992609295,10.0,0.0,1.0,0.0,0
18367000000,1821,18367000000,,-0.002907705146911356,0.032130453573290474,1.7304219190647554,-0.035038158720201995,0.001,-2.0808021688260014,10.0,0.0,1.0,0.0,0
18377000000,1822,18377000000,,-0.002907705146911356,0.04559000032439542,1.0205913033332943,-0.04849770547130694,0.001,-1.5055677220685615,10.0,0.0,1.0,0.0,0
18387000000,1823,18387000000,,-0.002907705146911356,0.05197051433789035,0.33949122970167833,-0.05487821948480187,0.001,-0.8882731344803885,10.0,0.0,1.0,0.0,0
18397000000,1824,18397000000,,-0.002907705146911356,0.05213591700049225,-0.2300006917058309,-0.05504362214740377,0.001,-0.32043539382302644,10.0,0.0,1.0,0.0,0
18407000000,1825,18407000000,,-0.002907705146911356,0.04723138781637726,-0.6880827236911379,-0.05013909296328878,0.001,0.18669182831007713,10.0,0.0,1.0,0.0,0
18417000000,1826,18417000000,,-0.002907705146911356,0.038275700073511665,-1.052719866977442,-0.041183405220423186,0.001,0.6408857446113059,10.0,0.0,1.0,0.0,0
18427000000,1827,18427000000,,-0.002907705146911356,0.026105485213462565,-1.3410648049636091,-0.029013190360374086,0.001,1.0509327090084453,10.0,0.0,1.0,0.0,0
18437000000,1828,18437000000,,-0.002907705146911356,0.011412525414070451,-1.565247509117392,-0.014320230560981972,0.001,1.4220448407604769,10.0,0.0,1.0,0.0,0
18447000000,1829,18447000000,,-0.002907705146911356,-0.00520433621333094,-1.7323520472681546,0.002296631066419419,0.001,1.7553174223590906,10.0,0.0,1.0,0.0,0
18457000000,1830,18457000000,,-0.002907705146911356,-0.02167939788207729,-0.3178333682269969,0.018771692735165768,0.001,0.5186801446353106,10.0,0.0,1.0,0.0,0
18467000000,1831,18467000000,,-0.002907705146911356,-0.021463555708803206,-0.0028598163215317607,0.018555850561891685,0.001,0.18838118827896988,10.0,0.0,1.0,0.0,0
18477000000,1832,18477000000,,-0.002907705146911356,-0.021556084357315264,-0.010683387384041397,0.018648379210403743,0.001,0.19715978538456636,10.0,0.0,1.0,0.0,0
18487000000,1833,18487000000,,-0.002907705146911356,-0.02164270964830539,-0.006629812498345839,0.01873500450139387,0.001,0.1939796312503672,10.0,0.0,1.0,0.0,0
18497000000,1834,18497000000,,-0.002907705146911356,-0.022021233598253254,-0.07050431850118011,0.019113528451341733,0.001,0.26163960139057973,10.0,0.0,1.0,0.0,0
18507000000,1835,18507000000,,-0.002907705146911356,-0.023234982495917045,-0.16621948807936365,0.020327277349005524,0.001,0.36949226087310105,10.0,0.0,1.0,0.0,0
18517000000,1836,18517000000,,-0.002907705146911356,-0.025495226983067276,-0.2760187945226791,0.022587521836155755,0.001,0.5018940108983605,10.0,0.0,1.0,0.0,0
18527000000,1837,18527000000,,-0.002907705146911356,-0.028869332217797528,-0.38698785305839206,0.025961627070886006,0.001,0.6466041186782823,10.0,0.0,1.0,0.0,0
18537000000,1838,18537000000,,-0.002907705146911356,-0.033311911963212815,-0.4892001630842999,0.030404206816301294,0.001,0.793242221210888,10.0,0.0,1.0,0.0,0
18547000000,1839,18547000000,,-0.002907705146911356,-0.03869467682133898,-0.5756780879741527,0.03578697167442746,0.001,0.9335477885558552,10.0,0.0,1.0,0.0,0
18557000000,1840,18557000000,,-0.002907705146911356,-0.04483450651486809,-0.6421045541977751,0.04192680136795657,0.001,1.0613725456031586,10.0,0.0,1.0,0.0,0
18567000000,1841,18567000000,,-0.002907705146911356,-0.05151783020601908,-0.6864104316266418,0.048610125059107556,0.001,1.1725116551209558,10.0,0.0,1.0,0.0,0
18577000000,1842,18577000000,,-0.002907705146911356,-0.058520747158344655,-0.7083480455680933,0.055613042011433134,0.001,1.264478435984162,10.0,0.0,1.0,0.0,0
18587000000,1843,18587000000,,-0.002907705146911356,-0.06562501306181101,-0.7090908528202453,0.06271730791489949,0.001,1.3362639022247924,10.0,0.0,1.0,0.0,0
18597000000,1844,18597000000,,-0.002907705146911356,-0.072630196803396,-0.6908643076656202,0.06972249165648448,0.001,1.388089196745237,10.0,0.0,1.0,0.0,0
18607000000,1845,18607000000,,-0.002907705146911356,-0.07936230117915155,-0.6566045804509933,0.07645459603224003,0.001,1.4211505171885142,10.0,0.0,1.0,0.0,0
18617000000,1846,18617000000,,-0.002907705146911356,-0.0856791237413228,-0.6096456556735327,0.08277141859441128,0.001,1.4373598227404427,10.0,0.0,1.0,0.0,0
18627000000,1847,18627000000,,-0.002907705146911356,-0.09147267372452372,-0.5534414323131421,0.0885649685776122,0.001,1.4390911039670362,10.0,0.0,1.0,0.0,0
18637000000,1848,18637000000,,-0.002907705146911356,-0.09666904812295218,-0.49133262211473805,0.09376134297604066,0.001,1.4289460419899624,10.0,0.0,1.0,0.0,0
18647000000,1849,18647000000,,-0.002907705146911356,-0.10122626510530441,-0.4263671066854421,0.09831855995839289,0.001,1.4095526998088515,10.0,0.0,1.0,0.0,0
18657000000,1850,18657000000,,-0.002907705146911356,-0.10513061698419168,-0.36117794623536825,0.10222291183728016,0.001,1.3834070606788584,10.0,0.0,1.0,0.0,0
18667000000,1851,18667000000,,-0.002907705146911356,-0.1083921150661995,-0.2979173976531187,0.10548440991928798,0.001,1.3527614946393696,10.0,0.0,1.0,0.0,0
18677000000,1852,18677000000,,-0.002907705146911356,-0.11103955203946736,-0.23823999455803305,0.10813184689255584,0.001,1.3195584623546486,10.0,0.0,1.0,0.0,0
18687000000,1853,18687000000,,-0.002907705146911356,-0.11311561682721472,-0.18332419260051475,0.1102079116803032,0.001,1.2854033088893635,10.0,0.0,1.0,0.0,0
18697000000,1854,18697000000,,-0.002907705146911356,-0.1146723824642466,-0.1339206923191436,0.11176467731733508,0.001,1.2515674652931663,10.0,0.0,1.0,0.0,0
18707000000,1855,18707000000,,-0.002907705146911356,-0.11576737014987781,-0.0904160650422849,0.11285966500296629,0.001,1.2190127150131636,10.0,0.0,1.0,0.0,0
18717000000,1856,18717000000,,-0.002907705146911356,-0.1164602880442045,-0.05290211415025116,0.11355258289729298,0.001,1.1884279431147027,10.0,0.0,1.0,0.0,0
18727000000,1857,18727000000,,-0.002907705146911356,-0.11681046075559731,-0.0212438227331422,0.11390275560868579,0.001,1.160271378823352,10.0,0.0,1.0,0.0,0
18737000000,1858,18737000000,,-0.002907705146911356,-0.1168749076857587,0.004858795114316174,0.11396720253884718,0.001,1.13481323027822,10.0,0.0,1.0,0.0,0
18747000000,1859,18747000000,,-0.002907705146911356,-0.11670699373666604,0.025817476093825283,0.11379928858975452,0.001,1.1121754098098924,10.0,0.0,1.0,0.0,0
18757000000,1860,18757000000,,-0.002907705146911356,-0.11635556003863723,0.04211200735781728,0.11344785489172571,0.001,1.0923665415702066,10.0,0.0,1.0,0.0,0
18767000000,1861,18767000000,,-0.002907705146911356,-0.1158644401467539,0.05425579736567458,0.11295673499984238,0.001,1.0753115526502333,10.0,0.0,1.0,0.0,0
18777000000,1862,18777000000,,-0.002907705146911356,-0.1152722736641616,0.06276979728316123,0.11236456851725007,0.001,1.0608758879138902,10.0,0.0,1.0,0.0,0
18787000000,1863,18787000000,,-0.002907705146911356,-0.11461254046179459,0.06816353266919467,0.11170483531488307,0.001,1.0488848205101098,10.0,0.0,1.0,0.0,0
18797000000,1864,18797000000,,-0.002907705146911356,-0.1139137516321771,0.07092193164276044,0.11100604648526557,0.001,1.0391385332424763,10.0,0.0,1.0,0.0,0
18807000000,1865,18807000000,,-0.002907705146911356,-0.11319974611519878,0.07149671381782997,0.11029204096828726,0.001,1.0314236958988365,10.0,0.0,1.0,0.0,0
18817000000,1866,18817000000,,-0.002907705146911356,-0.11249005346804797,0.07030126137837314,0.10958234832113645,0.001,1.025522221863926,10.0,0.0,1.0,0.0,0
18827000000,1867,18827000000,,-0.002907705146911356,-0.11180029302493644,0.06770807928042846,0.10889258787802492,0.001,1.021217799527645,10.0,0.0,1.0,0.0,0
18837000000,1868,18837000000,,-0.002907705146911356,-0.11114258760632456,0.06404813424457534,0.10823488245941304,0.001,1.018300690373013,10.0,0.0,1.0,0.0,0
18847000000,1869,18847000000,,-0.002907705146911356,-0.11052597612553328,0.05961152485277224,0.10761827097862176,0.001,1.016571184952526,10.0,0.0,1.0,0.0,0
18857000000,1870,18857000000,,-0.002907705146911356,-0.10995681414869818,0.05464907057201771,0.10704910900178666,0.001,1.0158420194601225,10.0,0.0,1.0,0.0,0
18867000000,1871,18867000000,,-0.002907705146911356,-0.10943915497220047,0.04937451502111264,0.10653144982528895,0.001,1.0159399832421423,10.0,0.0,1.0,0.0,0
18877000000,1872,18877000000,,-0.002907705146911356,-0.10897510635782393,0.04396712085090242,0.1060674012109124,0.001,1.0167068912654775,10.0,0.0,1.0,0.0,0
18887000000,1873,18887000000,,-0.002907705146911356,-0.10856515994228655,0.03857449437841269,0.10565745479537503,0.001,1.0180000535799172,10.0,0.0,1.0,0.0,0
18897000000,1874,18897000000,,-0.002907705146911356,-0.10820849170248614,0.033315522081705344,0.10530078655557462,0.001,1.0196923434768879,10.0,0.0,1.0,0.0,0
18907000000,1875,18907000000,,-0.002907705146911356,-0.10790323285544634,0.02828333241764152,0.10499552770853482,0.001,1.0216719446696798,10.0,0.0,1.0,0.0,0
18917000000,1876,18917000000,,-0.002907705146911356,-0.10764671130869452,0.023548218679640236,0.104739006161783,0.001,1.0238418429388263,10.0,0.0,1.0,0.0,0
18927000000,1877,18927000000,,-0.002907705146911356,-0.10743566432764773,0.01916047456096553,0.10452795918073621,0.001,1.02611911724662,10.0,0.0,1.0,0.0,0
18937000000,1878,18937000000,,-0.002907705146911356,-0.10726642350267568,0.015153105811157494,0.10435871835576416,0.001,1.0284340777457368,10.0,0.0,1.0,0.0,0
18947000000,1879,18947000000,,-0.002907705146911356,-0.10713507341353079,0.011544390336535879,0.10422736826661927,0.001,1.0307292923291778,10.0,0.0,1.0,0.0,0
18957000000,1880,18957000000,,-0.002907705146911356,-0.10703758562458354,0.008340266289134252,0.10412988047767202,0.001,1.032958538486679,10.0,0.0,1.0,0.0,0
18967000000,1881,18967000000,,-0.002907705146911356,-0.1069699298148894,0.005536533732184608,0.10406222466797788,0.001,1.0350857129469704,10.0,0.0,1.0,0.0,0
18977000000,1882,18977000000,,-0.002907705146911356,-0.10692816396173299,0.003120860724105662,0.10402045881482147,0.001,1.0370837274237,10.0,0.0,1.0,0.0,0
18987000000,1883,18987000000,,-0.002907705146911356,-0.10690850556187748,0.0010745893162746423,0.10400080041496595,0.001,1.0389334148334628,10.0,0.0,1.0,0.0,0
18997000000,1884,18997000000,,-0.002907705146911356,-0.10690738589663873,-0.0006256589108637438,0.10399968074972721,0.001,1.0406224664103947,10.0,0.0,1.0,0.0,0
19007000000,1885,19007000000,,-0.002907705146911356,-0.10692148933027212,-0.002006574517063477,0.1040137841833606,0.001,1.0421444163508164,10.0,0.0,1.0,0.0,0
19017000000,1886,19017000000,,-0.002907705146911356,-0.10694777958102542,-0.0030969426964432894,0.1040400744341139,0.001,1.0434976870363188,10.0,0.0,1.0,0.0,0
19027000000,1887,19027000000,,-0.002907705146911356,-0.1069835148255649,-0.00392660760645766,0.10407580967865337,0.001,1.0446847043927088,10.0,0.0,1.0,0.0,0
19037000000,1888,19037000000,,-0.002907705146911356,-0.1070262533957198,-0.004525607453272978,0.10411854824880828,0.001,1.0457110899395383,10.0,0.0,1.0,0.0,0
19047000000,1889,19047000000,,-0.002907705146911356,-0.10707385170659478,-0.004923467674255796,0.10416614655968326,0.001,1.046584933269501,10.0,0.0,1.0,0.0,0
19057000000,1890,19057000000,,-0.002907705146911356,-0.10712445592206521,-0.005148638465895062,0.10421675077515369,0.001,1.0473161462164393,10.0,0.0,1.0,0.0,0
19067000000,1891,19067000000,,-0.002907705146911356,-0.10717648872235586,-0.00522806226917665,0.10426878357544433,0.001,1.0479158980255443,10.0,0.0,1.0,0.0,0
19077000000,1892,19077000000,,-0.002907705146911356,-0.1072286323928413,-0.00518685658594977,0.10432092724592978,0.001,1.0483961290462007,10.0,0.0,1.0,0.0,0
19087000000,1893,19087000000,,-0.002907705146911356,-0.10727980930742476,-0.005048097623870876,0.10437210416051323,0.001,1.0487691392286047,10.0,0.0,1.0,0.0,0
19097000000,1894,19097000000,,-0.002907705146911356,-0.10732916073681587,-0.004832690684720021,0.10442145558990434,0.001,1.0490472465840073,10.0,0.0,1.0,0.0,0
19107000000,1895,19107000000,,-0.002907705146911356,-0.10737602477468755,-0.0045593138690573866,0.10446831962777603,0.001,1.0492425101464287,10.0,0.0,1.0,0.0,0
19117000000,1896,19117000000,,-0.002907705146911356,-0.10741991404492701,-0.004244422515887441,0.10451220889801549,0.001,1.0493665114949424,10.0,0.0,1.0,0.0,0
19127000000,1897,19127000000,,-0.002907705146911356,-0.10746049373263311,-0.0039023027735560364,0.10455278858572159,0.001,1.0494301886296897,10.0,0.0,1.0,0.0,0
19137000000,1898,19137000000,,-0.002907705146911356,-0.10749756037133373,-0.0035451637631369647,0.10458985522442221,0.001,1.0494437160067749,10.0,0.0,1.0,0.0,0
19147000000,1899,19147000000,,-0.002907705146911356,-0.10753102171954687,-0.003183258907866253,0.10462331657263535,0.001,1.0494164246343773,10.0,0.0,1.0,0.0,0
19157000000,1900,19157000000,,-0.002907705146911356,-0.1075608779717907,-0.002825028123340212,0.10465317282487918,0.001,1.0493567563713357,10.0,0.0,1.0,0.0,0
19167000000,1901,19167000000,,-0.002907705146911356,-0.10758720447207715,-0.002477253664795963,0.10467949932516563,0.001,1.0492722469178561,10.0,0.0,1.0,0.0,0
19177000000,1902,19177000000,,-0.002907705146911356,-0.10761013603188374,-0.002145223493164989,0.10470243088497222,0.001,1.0491695323436767,10.0,0.0,1.0,0.0,0
19187000000,1903,19187000000,,-0.002907705146911356,-0.10762985289872873,-0.00183289702049763,0.10472214775181721,0.001,1.0490543745381098,10.0,0.0,1.0,0.0,0
19197000000,1904,19197000000,,-0.002907705146911356,-0.10764656837523212,-0.0015430690265433886,0.1047388632283206,0.001,1.0489317013086508,10.0,0.0,1.0,0.0,0
19207000000,1905,19207000000,,-0.002907705146911356,-0.10766051805127042,-0.001277528388910177,0.1047528129043589,0.001,1.0488056574342197,10.0,0.0,1.0,0.0,0
19217000000,1906,19217000000,,-0.002907705146911356,-0.10767195058246593,-0.001037209031136573,0.1047642454355544,0.001,1.0486796633870954,10.0,0.0,1.0,0.0,0
19227000000,1907,19227000000,,-0.002907705146911356,-0.1076811199261698,-0.0008223311721208675,0.10477341477925828,0.001,1.048556478962852,10.0,0.0,1.0,0.0,0
19237000000,1908,19237000000,,-0.002907705146911356,-0.10768827893013189,-0.0006325315490050968,0.10478057378322037,0.001,1.04843826938112,10.0,0.0,1.0,0.0,0
19247000000,1909,19247000000,,-0.002907705146911356,-0.1076936741587442,-0.0004669817932573111,0.10478596901183268,0.001,1.048326671910229,10.0,0.0,1.0,0.0,0
19257000000,1910,19257000000,,-0.002907705146911356,-0.10769754183591473,-0.00032449456779999684,0.10478983668900321,0.001,1.0482228614581368,10.0,0.0,1.0,0.0,0
19267000000,1911,19267000000,,-0.002907705146911356,-0.10770010478166192,-0.00020361742716394865,0.1047923996347504,0.001,1.0481276137761997,10.0,0.0,1.0,0.0,0
19277000000,1912,19277000000,,-0.002907705146911356,-0.10770157022086302,-0.00010271464724455283,0.1047938650739515,0.001,1.0480413653869691,10.0,0.0,1.0,0.0,0
19287000000,1913,19287000000,,-0.002907705146911356,-0.10770212834626314,-2.0037499274769926e-05,0.10479442319935162,0.001,1.0479642694922875,10.0,0.0,1.0,0.0,0
19297000000,1914,19297000000,,-0.002907705146911356,-0.1077019515236124,4.621638983537769e-05,0.10479424637670087,0.001,1.0478962473771825,10.0,0.0,1.0,0.0,0
19307000000,1915,19307000000,,-0.002907705146911356,-0.10770119403392009,9.78538255275416e-05,0.10479348888700857,0.001,1.0478370350445987,10.0,0.0,1.0,0.0,0
19317000000,1916,19317000000,,-0.002907705146911356,-0.10769999225597182,0.00013664613062348691,0.1047922871090603,0.001,1.0477862249606362,10.0,0.0,1.0,0.0,0
19327000000,1917,19327000000,,-0.002907705146911356,-0.10769846520100668,0.00016429763705613513,0.10479076005409516,0.001,1.0477433029041228,10.0,0.0,1.0,0.0,0
19337000000,1918,19337000000,,-0.002907705146911356,-0.10769671532051639,0.00018242167193473362,0.10478901017360487,0.001,1.0477076800636143,10.0,0.0,1.0,0.0,0
19347000000,1919,19347000000,,-0.002907705146911356,-0.10769482951719933,0.00019252313202560372,0.10478712437028781,0.001,1.0476787205703308,10.0,0.0,1.0,0.0,0
19357000000,1920,19357000000,,-0.002907705146911356,-0.10769288029803992,0.00019598677166173298,0.1047851751511284,0.001,1.0476557647395834,10.0,0.0,1.0,0.0,0
19367000000,1921,19367000000,,-0.002907705146911356,-0.10769092701702654,0.00019407036540452417,0.10478322187011502,0.001,1.0476381483360386,10.0,0.0,1.0,0.0,0
19377000000,1922,19377000000,,-0.002907705146911356,-0.10768901716313195,0.00018790196051003593,0.10478131201622043,0.001,1.0476252182024348,10.0,0.0,1.0,0.0,0
19387000000,1923,19387000000,,-0.002907705146911356,-0.10768718765667629,0.00017848049487823408,0.10477948250976477,0.001,1.0476163446032638,10.0,0.0,1.0,0.0,0
19397000000,1924,19397000000,,-0.002907705146911356,-0.10768546612413044,0.00016667911837975685,0.10477776097721891,0.001,1.0476109306536818,10.0,0.0,1.0,0.0,0
19407000000,1925,19407000000,,-0.002907705146911356,-0.10768387212762676,0.0001532506266173569,0.10477616698071524,0.001,1.047608419180741,10.0,0.0,1.0,0.0,0
19417000000,1926,19417000000,,-0.002907705146911356,-0.1076824183310201,0.0001388344767240559,0.10477471318410858,0.001,1.0476082973638379,10.0,0.0,1.0,0.0,0
19427000000,1927,19427000000,,-0.002907705146911356,-0.10768111158924754,0.0001239649291846366,0.10477340644233601,0.001,1.0476100994943716,10.0,0.0,1.0,0.0,0
19437000000,1928,19437000000,,-0.002907705146911356,-0.10767995395197083,0.00010907991632769679,0.10477224880505931,0.001,1.0476134081339383,10.0,0.0,1.0,0.0,0
19447000000,1929,19447000000,,-0.002907705146911356,-0.10767894357612384,9.453030305083596e-05,0.10477123842921232,0.001,1.0476178539894265,10.0,0.0,1.0,0.0,0
19457000000,1930,19457000000,,-0.002907705146911356,-0.10767807554502529,8.058925960137104e-05,0.10477037039811377,0.001,1.0476231147214277,10.0,0.0,1.0,0.0,0
19467000000,1931,19467000000,,-0.002907705146911356,-0.10767734259424788,6.746151701497758e-05,0.10476963744733636,0.001,1.0476289129569905,10.0,0.0,1.0,0.0,0
19477000000,1932,19477000000,,-0.002907705146911356,-0.10767673574642345,5.529232536455115e-05,0.10476903059951193,0.001,1.0476350136697343,10.0,0.0,1.0,0.0,0
19487000000,1933,19487000000,,-0.002907705146911356,-0.10767624485879068,4.4175973713731616e-05,0.10476853971187916,0.001,1.0476412211456898,10.0,0.0,1.0,0.0,0
19497000000,1934,19497000000,,-0.002907705146911356,-0.10767585908843547,3.4163769165544195e-05,0.10476815394152394,0.001,1.0476473756465365,10.0,0.0,1.0,0.0,0
19507000000,1935,19507000000,,-0.002907705146911356,-0.10767556728106698,2.5271404019895748e-05,0.10476786213415545,0.001,1.0476533499379181,10.0,0.0,1.0,0.0,0
19517000000,1936,19517000000,,-0.002907705146911356,-0.10767535828969965,1.748566715126199e-05,0.10476765314278813,0.001,1.0476590457607449,10.0,0.0,1.0,0.0,0
19527000000,1937,19527000000,,-0.002907705146911356,-0.10767522122993611,1.0770478564208973e-05,0.10476751608302459,0.001,1.0476643903515148,10.0,0.0,1.0,0.0,0
19537000000,1938,19537000000,,-0.002907705146911356,-0.10767514567863401,5.072246973995267e-06,0.10476744053172249,0.001,1.0476693330706022,10.0,0.0,1.0,0.0,0
19547000000,1939,19547000000,,-0.002907705146911356,-0.10767512182267236,3.2456135150109296e-07,0.10476741667576084,0.001,1.0476738421958975,10.0,0.0,1.0,0.0,0
19557000000,1940,19557000000,,-0.002907705146911356,-0.10767514056434013,-3.5477541106290443e-06,0.10476743541742861,0.001,1.0476779019283766,10.0,0.0,1.0,0.0,0
19567000000,1941,19567000000,,-0.002907705146911356,-0.10767519358952793,-6.625190824597321e-06,0.10476748844261641,0.001,1.0476815096190029,10.0,0.0,1.0,0.0,0
19577000000,1942,19577000000,,-0.002907705146911356,-0.10767527340454475,-8.990666801971029e-06,0.10476756825763323,0.001,1.0476846732423217,10.0,0.0,1.0,0.0,0
19587000000,1943,19587000000,,-0.002907705146911356,-0.10767537334694577,-1.0727155100952197e-05,0.10476766820003425,0.001,1.0476874091563948,10.0,0.0,1.0,0.0,0
19597000000,1944,19597000000,,-0.002907705146911356,-0.10767548757522949,-1.191577925654179e-05,0.10476778242831797,0.001,1.0476897400617657,10.0,0.0,1.0,0.0,0
19607000000,1945,19607000000,,-0.002907705146911356,-0.10767561104185308,-1.2634327220819357e-05,0.10476790589494156,0.001,1.0476916932767777,10.0,0.0,1.0,0.0,0
19617000000,1946,19617000000,,-0.002907705146911356,-0.1076757394534491,-1.2956134518549534e-05,0.10476803430653758,0.001,1.0476932992010957,10.0,0.0,1.0,0.0,0
19627000000,1947,19627000000,,-0.002907705146911356,-0.10767586922167371,-1.294928912587861e-05,0.1047681640747622,0.001,1.0476945900372625,10.0,0.0,1.0,0.0,0
19637000000,1948,19637000000,,-0.002907705146911356,-0.10767599740767597,-1.2676112295410037e-05,0.10476829226076445,0.001,1.0476955987202485,10.0,0.0,1.0,0.0,0
19647000000,1949,19647000000,,-0.002907705146911356,-0.10767612166267693,-1.2192872624925748e-05,0.1047684165157654,0.001,1.0476963580301435,10.0,0.0,1.0,0.0,0
19657000000,1950,19657000000,,-0.002907705146911356,-0.10767624016679189,-1.1549693874235144e-05,0.10476853501988037,0.001,1.0476968998933378,10.0,0.0,1.0,0.0,0
19667000000,1951,19667000000,,-0.002907705146911356,-0.10767635156782607,-1.0790620383503421e-05,0.10476864642091455,0.001,1.0476972548273222,10.0,0.0,1.0,0.0,0
19677000000,1952,19677000000,,-0.002907705146911356,-0.10767645492144684,-9.953807988143094e-06,0.10476874977453532,0.001,1.0476974515537973,10.0,0.0,1.0,0.0,0
19687000000,1953,19687000000,,-0.002907705146911356,-0.10767654963378614,-9.071809989055388e-06,0.10476884448687462,0.001,1.0476975166804925,10.0,0.0,1.0,0.0,0
19697000000,1954,19697000000,,-0.002907705146911356,-0.1076766354073504,-8.17193476850574e-06,0.10476893026043888,0.001,1.0476974745386292,10.0,0.0,1.0,0.0,0
19707000000,1955,19707000000,,-0.002907705146911356,-0.10767671219076913,-7.276651648421479e-06,0.10476900704385761,0.001,1.0476973470907458,10.0,0.0,1.0,0.0,0
19717000000,1956,19717000000,,-0.002907705146911356,-0.10767678013276782,-6.4040264651959625e-06,0.1047690749858563,0.001,1.0476971538843172,10.0,0.0,1.0,0.0,0
19727000000,1957,19727000000,,-0.002907705146911356,-0.10767683954062246,-5.568171430672703e-06,0.10476913439371094,0.001,1.0476969121088109,10.0,0.0,1.0,0.0,0
19737000000,1958,19737000000,,-0.002907705146911356,-0.10767689084309051,-4.77969647067947e-06,0.10476918569617899,0.001,1.0476966366584284,10.0,0.0,1.0,0.0,0
19747000000,1959,19747000000,,-0.002907705146911356,-0.10767693455784144,-4.0461504662914945e-06,0.10476922941092992,0.001,1.0476963402593809,10.0,0.0,1.0,0.0,0
19757000000,1960,19757000000,,-0.002907705146911356,-0.10767697126319131,-3.3724463675560617e-06,0.10476926611627979,0.001,1.0476960336100083,10.0,0.0,1.0,0.0,0
19767000000,1961,19767000000,,-0.002907705146911356,-0.1076770015739692,-2.7612616527023347e-06,0.10476929642705768,0.001,1.0476957255320185,10.0,0.0,1.0,0.0,0
19777000000,1962,19777000000,,-0.002907705146911356,-0.10767702612124186,-2.213410685004922e-06,0.10476932097433034,0.001,1.0476954231549795,10.0,0.0,1.0,0.0,0
19787000000,1963,19787000000,,-0.002907705146911356,-0.10767704553558222,-1.7281874873783792e-06,0.1047693403886707,0.001,1.047695132074078,10.0,0.0,1.0,0.0,0
19797000000,1964,19797000000,,-0.002907705146911356,-0.10767706043360459,-1.3036742925544058e-06,0.10476935528669307,0.001,1.0476948565423205,10.0,0.0,1.0,0.0,0
19807000000,1965,19807000000,,-0.002907705146911356,-0.10767707140737937,-9.37017966360061e-07,0.10476936626046784,0.001,1.047694599622253,10.0,0.0,1.0,0.0,0
19817000000,1966,19817000000,,-0.002907705146911356,-0.10767707901645895,-6.246734636492449e-07,0.10476937386954743,0.001,1.0476943633691205,10.0,0.0,1.0,0.0,0
19827000000,1967,19827000000,,-0.002907705146911356,-0.10767708378213836,-3.626148879164061e-07,0.10476937863522684,0.001,1.0476941489670955,10.0,0.0,1.0,0.0,0
19837000000,1968,19837000000,,-0.002907705146911356,-0.10767708618366267,-1.4651688042446595e-07,0.10476938103675115,0.001,1.0476939568849764,10.0,0.0,1.0,0.0,0
19847000000,1969,19847000000,,-0.002907705146911356,-0.10767708665610698,2.80934528823552e-08,0.10476938150919546,0.001,1.0476937869988712,10.0,0.0,1.0,0.0,0
19857000000,1970,19857000000,,-0.002907705146911356,-0.10767708558960098,1.6571002835387058e-07,0.10476938044268946,0.001,1.0476936387167823,10.0,0.0,1.0,0.0,0
19867000000,1971,19867000000,,-0.002907705146911356,-0.10767708332970827,2.707458270819961e-07,0.10476937818279675,0.001,1.0476935110818753,10.0,0.0,1.0,0.0,0
19877000000,1972,19877000000,,-0.002907705146911356,-0.10767708017869104,3.474526106759661e-07,0.10476937503177952,0.001,1.047693402865062,10.0,0.0,1.0,0.0,0
19887000000,1973,19887000000,,-0.002907705146911356,-0.10767707639747393,3.998596587127359e-07,0.1047693712505624,0.001,1.0476933126459231,10.0,0.0,1.0,0.0,0
19897000000,1974,19897000000,,-0.002907705146911356,-0.10767707220812728,4.317291928371902e-07,0.10476936706121576,0.001,1.0476932388828386,10.0,0.0,1.0,0.0,0
19907000000,1975,19907000000,,-0.002907705146911356,-0.10767706779671293,4.465267156013737e-07,0.10476936264980141,0.001,1.0476931799707545,10.0,0.0,1.0,0.0,0
19917000000,1976,19917000000,,-0.002907705146911356,-0.10767706331635729,4.474030665943265e-07,0.10476935816944577,0.001,1.0476931342914542,10.0,0.0,1.0,0.0,0
19927000000,1977,19927000000,,-0.002907705146911356,-0.10767705889044166,4.3718802711384907e-07,0.10476935374353014,0.001,1.0476931002472378,10.0,0.0,1.0,0.0,0
19937000000,1978,19937000000,,-0.002907705146911356,-0.10767705461582011,4.183906430102386e-07,0.10476934946890859,0.001,1.0476930762984304,10.0,0.0,1.0,0.0,0
19947000000,1979,19947000000,,-0.002907705146911356,-0.10767705056597787,3.932078116459867e-07,0.10476934541906635,0.001,1.047693060983419,10.0,0.0,1.0,0.0,0
19957000000,1980,19957000000,,-0.002907705146911356,-0.10767704679409107,3.6353769683666674e-07,0.10476934164717955,0.001,1.047693052934151,10.0,0.0,1.0,0.0,0
19967000000,1981,19967000000,,-0.002907705146911356,-0.10767704333591777,3.3099677132739075e-07,0.10476933818900624,0.001,1.047693050893499,10.0,0.0,1.0,0.0,0
19977000000,1982,19977000000,,-0.002907705146911356,-0.10767704021250601,2.969400712006296e-07,0.1047693350655945,0.001,1.0476930537156948,10.0,0.0,1.0,0.0,0
19987000000,1983,19987000000,,-0.002907705146911356,-0.10767703743269053,2.624830801625301e-07,0.104769332285779,0.001,1.0476930603744217,10.0,0.0,1.0,0.0,0
19997000000,1984,19997000000,,-0.002907705146911356,-0.10767703499536019,2.285247533455516e-07,0.10476932984844867,0.001,1.047693069959732,10.0,0.0,1.0,0.0,0
20007000000,1985,20007000000,,-0.002907705146911356,-0.1076770328914991,1.9577044208186698e-07,0.10476932774458758,0.001,1.0476930816744767,10.0,0.0,1.0,0.0,0
20017000000,1986,20017000000,,-0.002907705146911356,-0.10767703110599491,1.6475496833722927e-07,0.10476932595908339,0.001,1.0476930948355134,10.0,0.0,1.0,0.0,0
20027000000,1987,20027000000,,-0.002907705146911356,-0.10767702961921977,1.358646337677517e-07,0.10476932447230825,0.001,1.0476931088584296,10.0,0.0,1.0,0.0,0
20037000000,1988,20037000000,,-0.002907705146911356,-0.10767702840840077,1.0935851335811828e-07,0.10476932326148924,0.001,1.0476931232561482,10.0,0.0,1.0,0.0,0
20047000000,1989,20047000000,,-0.002907705146911356,-0.10767702744878438,8.538770224411025e-08,0.10476932230187286,0.001,1.0476931376310317,10.0,0.0,1.0,0.0,0
20057000000,1990,20057000000,,-0.002907705146911356,-0.10767702671461166,6.40138186918174e-08,0.10476932156770014,0.001,1.0476931516633181,10.0,0.0,1.0,0.0,0
20067000000,1991,20067000000,,-0.002907705146911356,-0.10767702617992025,4.5225728052601544e-08,0.10476932103300873,0.001,1.0476931651040422,10.0,0.0,1.0,0.0,0
20077000000,1992,20077000000,,-0.002907705146911356,-0.10767702581919192,2.8954136423210105e-08,0.1047693206722804,0.001,1.0476931777690757,10.0,0.0,1.0,0.0,0
20087000000,1993,20087000000,,-0.002907705146911356,-0.10767702560785608,1.508499991694141e-08,0.10476932046094456,0.001,1.0476931895246233,10.0,0.0,1.0,0.0,0
20097000000,1994,20097000000,,-0.002907705146911356,-0.10767702552267533,3.471091414828371e-09,0.10476932037576381,0.001,1.0476932002866368,10.0,0.0,1.0,0.0,0
20107000000,1995,20107000000,,-0.002907705146911356,-0.10767702554201986,-6.057986556137819e-09,0.10476932039510833,0.001,1.0476932100084602,10.0,0.0,1.0,0.0,0
20117000000,1996,20117000000,,-0.002907705146911356,-0.10767702564605042,-1.3687205146543406e-08,0.1047693204991389,0.001,1.0476932186782184,10.0,0.0,1.0,0.0,0
20127000000,1997,20127000000,,-0.002907705146911356,-0.10767702581682048,-1.960887940863485e-08,0.10476932066990896,0.001,1.0476932263082928,10.0,0.0,1.0,0.0,0
20137000000,1998,20137000000,,-0.002907705146911356,-0.1076770260383233,-2.4016879151981514e-08,0.10476932089141178,0.001,1.0476932329304622,10.0,0.0,1.0,0.0,0
20147000000,1999,20147000000,,-0.002907705146911356,-0.10767702629647413,-2.710174218353294e-08,0.10476932114956261,0.001,1.0476932385992788,10.0,0.0,1.0,0.0,0
20157000000,2000,20157000000,,-0.002907705146911356,-0.10767702657905698,-2.9047200200772868e-08,0.10476932143214546,0.001,1.0476932433684416,10.0,0.0,1.0,0.0,0
20167000000,2001,20167000000,,-0.002907705146911356,-0.10767702687564462,-3.00267513076026e-08,0.1047693217287331,0.001,1.047693247314867,10.0,0.0,1.0,0.0,0
20177000000,2002,20177000000,,-0.002907705146911356,-0.10767702717747607,-3.020225314293164e-08,0.10476932203056455,0.001,1.0476932505072645,10.0,0.0,1.0,0.0,0
20187000000,2003,20187000000,,-0.002907705146911356,-0.10767702747734287,-2.9722436067958714e-08,0.10476932233043135,0.001,1.047693253026316,10.0,0.0,1.0,0.0,0
20197000000,2004,20197000000,,-0.002907705146911356,-0.10767702776944166,-2.8721787615001558e-08,0.10476932262253014,0.001,1.047693254947215,10.0,0.0,1.0,0.0,0
20207000000,2005,20207000000,,-0.002907705146911356,-0.10767702804923918,-2.7320616880067795e-08,0.10476932290232766,0.001,1.0476932563436447,10.0,0.0,1.0,0.0,0
20217000000,2006,20217000000,,-0.002907705146911356,-0.10767702831332127,-2.5624900868064793e-08,0.10476932316640974,0.001,1.0476932572898212,10.0,0.0,1.0,0.0,0
20227000000,2007,20227000000,,-0.002907705146911356,-0.1076770285592632,-2.3726674403249172e-08,0.10476932341235168,0.001,1.047693257850315,10.0,0.0,1.0,0.0,0
20237000000,2008,20237000000,,-0.002907705146911356,-0.10767702878548402,-2.1704938735339452e-08,0.1047693236385725,0.001,1.0476932580928056,10.0,0.0,1.0,0.0,0
20247000000,2009,20247000000,,-0.002907705146911356,-0.10767702899112042,-1.962590534560226e-08,0.1047693238442089,0.001,1.0476932580672793,10.0,0.0,1.0,0.0,0
20257000000,2010,20257000000,,-0.002907705146911356,-0.10767702917591482,-1.7544627084705005e-08,0.1047693240290033,0.001,1.0476932578351095,10.0,0.0,1.0,0.0,0
20267000000,2011,20267000000,,-0.002907705146911356,-0.1076770293400946,-1.5505388972992365e-08,0.10476932419318308,0.001,1.0476932574358733,10.0,0.0,1.0,0.0,0
20277000000,2012,20277000000,,-0.002907705146911356,-0.10767702948428148,-1.3543335342355448e-08,0.10476932433736996,0.001,1.0476932569166442,10.0,0.0,1.0,0.0,0
20287000000,2013,20287000000,,-0.002907705146911356,-0.10767702960940095,-1.1684954781663923e-08,0.10476932446248943,0.001,1.0476932563097696,10.0,0.0,1.0,0.0,0
20297000000,2014,20297000000,,-0.002907705146911356,-0.10767702971659698,-9.949447488312015e-09,0.10476932456968546,0.001,1.0476932556462293,10.0,0.0,1.0,0.0,0
20307000000,2015,20307000000,,-0.002907705146911356,-0.10767702980717697,-8.349603675254966e-09,0.10476932466026545,0.001,1.0476932549515316,10.0,0.0,1.0,0.0,0
20317000000,2016,20317000000,,-0.002907705146911356,-0.10767702988254069,-6.893080329141724e-09,0.10476932473562917,0.001,1.0476932542485562,10.0,0.0,1.0,0.0,0
20327000000,2017,20327000000,,-0.002907705146911356,-0.10767702994414474,-5.58252333264305e-09,0.10476932479723322,0.001,1.0476932535571981,10.0,0.0,1.0,0.0,0
20337000000,2018,20337000000,,-0.002907705146911356,-0.1076770299934422,-4.417423316117906e-09,0.10476932484653068,0.001,1.0476932528831062,10.0,0.0,1.0,0.0,0
20347000000,2019,20347000000,,-0.002907705146911356,-0.1076770300318719,-3.3938030164510587e-09,0.10476932488496038,0.001,1.0476932522442217,10.0,0.0,1.0,0.0,0
20357000000,2020,20357000000,,-0.002907705146911356,-0.10767703006081586,-2.5056965393842853e-09,0.10476932491390434,0.001,1.0476932516437065,10.0,0.0,1.0,0.0,0
20367000000,2021,20367000000,,-0.002907705146911356,-0.10767703008158858,-1.745188882253053e-09,0.10476932493467705,0.001,1.047693251091153,10.0,0.0,1.0,0.0,0
20377000000,2022,20377000000,,-0.002907705146911356,-0.10767703009541751,-1.103520397072218e-09,0.10476932494850599,0.001,1.0476932505881775,10.0,0.0,1.0,0.0,0
20387000000,2023,20387000000,,-0.002907705146911356,-0.10767703010343599,-5.705986796839612e-10,0.10476932495652447,0.001,1.0476932501354552,10.0,0.0,1.0,0.0,0
20397000000,2024,20397000000,,-0.002907705146911356,-0.10767703010667429,-1.3612932994958498e-10,0.10476932495976277,0.001,1.0476932497326308,10.0,0.0,1.0,0.0,0
20407000000,2025,20407000000,,-0.002907705146911356,-0.107677030106065,2.0998269780862918e-10,0.10476932495915348,0.001,1.0476932493819247,10.0,0.0,1.0,0.0,0
20417000000,2026,20417000000,,-0.002907705146911356,-0.10767703010242968,4.781637304734221e-10,0.10476932495551816,0.001,1.0476932490764534,10.0,0.0,1.0,0.0,0
20427000000,2027,20427000000,,-0.002907705146911356,-0.10767703009649576,6.782152618215357e-10,0.10476932494958424,0.001,1.0476932488181623,10.0,0.0,1.0,0.0,0
20437000000,2028,20437000000,,-0.002907705146911356,-0.10767703008889118,8.195706336428379e-10,0.10476932494197966,0.001,1.047693248600896,10.0,0.0,1.0,0.0,0
20447000000,2029,20447000000,,-0.002907705146911356,-0.10767703008015328,9.112546273100434e-10,0.10476932493324176,0.001,1.0476932484211465,10.0,0.0,1.0,0.0,0
20457000000,2030,20457000000,,-0.002907705146911356,-0.10767703007073504,9.610792165304457e-10,0.10476932492382351,0.001,1.047693248277226,10.0,0.0,1.0,0.0,0
20467000000,2031,20467000000,,-0.002907705146911356,-0.10767703006101215,9.767844311590975e-10,0.10476932491410063,0.001,1.04769324816401,10.0,0.0,1.0,0.0,0
20477000000,2032,20477000000,,-0.002907705146911356,-0.10767703005128926,9.649743228915137e-10,0.10476932490437774,0.001,1.0476932480783274,10.0,0.0,1.0,0.0,0
20487000000,2033,20487000000,,-0.002907705146911356,-0.10767703004180884,9.31488230312176e-10,0.10476932489489732,0.001,1.047693248017274,10.0,0.0,1.0,0.0,0
20497000000,2034,20497000000,,-0.002907705146911356,-0.10767703003275564,8.818052955092587e-10,0.10476932488584412,0.001,1.04769324797648,10.0,0.0,1.0,0.0,0
20507000000,2035,20507000000,,-0.002907705146911356,-0.1076770300242682,8.202545309483588e-10,0.10476932487735668,0.001,1.0476932479537782,10.0,0.0,1.0,0.0,0
20517000000,2036,20517000000,,-0.002907705146911356,-0.10767703001644158,7.509384223902031e-10,0.10476932486953006,0.001,1.0476932479447898,10.0,0.0,1.0,0.0,0
20527000000,2037,20527000000,,-0.002907705146911356,-0.10767703000933615,6.769802495105323e-10,0.10476932486242463,0.001,1.0476932479474543,10.0,0.0,1.0,0.0,0
20537000000,2038,20537000000,,-0.002907705146911356,-0.10767703000298212,6.01221295150124e-10,0.1047693248560706,0.001,1.0476932479594092,10.0,0.0,1.0,0.0,0
20547000000,2039,20547000000,,-0.002907705146911356,-0.1076770299973866,5.257829729004923e-10,0.10476932485047508,0.001,1.0476932479789491,10.0,0.0,1.0,0.0,0
20557000000,2040,20557000000,,-0.002907705146911356,-0.10767702999253537,4.5236081536275074e-10,0.10476932484562385,0.001,1.0476932480041556,10.0,0.0,1.0,0.0,0
20567000000,2041,20567000000,,-0.002907705146911356,-0.10767702998840001,3.8239056381706704e-10,0.10476932484148849,0.001,1.0476932480329681,10.0,0.0,1.0,0.0,0
20577000000,2042,20577000000,,-0.002907705146911356,-0.10767702998494055,3.168652008325593e-10,0.10476932483802903,0.001,1.0476932480632106,10.0,0.0,1.0,0.0,0
20587000000,2043,20587000000,,-0.002907705146911356,-0.10767702998210904,2.564073398595599e-10,0.10476932483519752,0.001,1.0476932480961798,10.0,0.0,1.0,0.0,0
20597000000,2044,20597000000,,-0.002907705146911356,-0.10767702997985218,2.0146151423564556e-10,0.10476932483294066,0.001,1.04769324812779,10.0,0.0,1.0,0.0,0
20607000000,2045,20607000000,,-0.002907705146911356,-0.10767702997811313,1.522098003866117e-10,0.1047693248312016,0.001,1.0476932481601375,10.0,0.0,1.0,0.0,0
20617000000,2046,20617000000,,-0.002907705146911356,-0.10767702997683415,1.0885604583564987e-10,0.10476932482992263,0.001,1.0476932481908685,10.0,0.0,1.0,0.0,0
20627000000,2047,20627000000,,-0.002907705146911356,-0.10767702997595752,7.10937974027235e-11,0.104769324829046,0.001,1.0476932482194057,10.0,0.0,1.0,0.0,0
20637000000,2048,20637000000,,-0.002907705146911356,-0.10767702997542905,3.877742590767013e-11,0.10476932482851753,0.001,1.0476932482460954,10.0,0.0,1.0,0.0,0
20647000000,2049,20647000000,,-0.002907705146911356,-0.10767702997519546,1.1435296935874817e-11,0.10476932482828394,0.001,1.0476932482721812,10.0,0.0,1.0,0.0,0
20657000000,2050,20657000000,,-0.002907705146911356,-0.107677029975207,-1.0846878980156664e-11,0.10476932482829548,0.001,1.047693248293613,10.0,0.0,1.0,0.0,0
20667000000,2051,20667000000,,-0.002907705146911356,-0.10767702997541839,-2.897015974149337e-11,0.10476932482850687,0.001,1.0476932483134904,10.0,0.0,1.0,0.0,0
20677000000,2052,20677000000,,-0.002907705146911356,-0.10767702997578965,-4.3093973044891896e-11,0.10476932482887813,0.001,1.0476932483314139,10.0,0.0,1.0,0.0,0
20687000000,2053,20687000000,,-0.002907705146911356,-0.1076770299762817,-5.37450085399975e-11,0.10476932482937018,0.001,1.0476932483469925,10.0,0.0,1.0,0.0,0
20697000000,2054,20697000000,,-0.002907705146911356,-0.1076770299768608,-6.133361553827665e-11,0.10476932482994927,0.001,1.0476932483598889,10.0,0.0,1.0,0.0,0
20707000000,2055,20707000000,,-0.002907705146911356,-0.10767702997750384,-6.623768209869729e-11,0.10476932483059231,0.001,1.0476932483716483,10.0,0.0,1.0,0.0,0
20717000000,2056,20717000000,,-0.002907705146911356,-0.10767702997818063,-6.87978563940481e-11,0.1047693248312691,0.001,1.0476932483801926,10.0,0.0,1.0,0.0,0
20727000000,2057,20727000000,,-0.002907705146911356,-0.10767702997887518,-6.951994525927785e-11,0.10476932483196366,0.001,1.0476932483889145,10.0,0.0,1.0,0.0,0
20737000000,2058,20737000000,,-0.002907705146911356,-0.10767702997956619,-6.871969665460457e-11,0.10476932483265466,0.001,1.0476932483940482,10.0,0.0,1.0,0.0,0
20747000000,2059,20747000000,,-0.002907705146911356,-0.10767702998024475,-6.662403967303736e-11,0.10476932483333323,0.001,1.0476932484008339,10.0,0.0,1.0,0.0,0
20757000000,2060,20757000000,,-0.002907705146911356,-0.1076770299808949,-6.356470903024755e-11,0.10476932483398338,0.001,1.0476932484037826,10.0,0.0,1.0,0.0,0
20767000000,2061,20767000000,,-0.002907705146911356,-0.1076770299815113,-5.987743658531234e-11,0.10476932483459978,0.001,1.0476932484063939,10.0,0.0,1.0,0.0,0
20777000000,2062,20777000000,,-0.002907705146911356,-0.10767702998208684,-5.555511607842711e-11,0.10476932483517531,0.001,1.0476932484085966,10.0,0.0,1.0,0.0,0
20787000000,2063,20787000000,,-0.002907705146911356,-0.10767702998261619,-5.102140910792193e-11,0.10476932483570467,0.001,1.0476932484067847,10.0,0.0,1.0,0.0,0
20797000000,2064,20797000000,,-0.002907705146911356,-0.10767702998310114,-4.6294523937451404e-11,0.10476932483618961,0.001,1.0476932484080814,10.0,0.0,1.0,0.0,0
20807000000,2065,20807000000,,-0.002907705146911356,-0.10767702998353812,-4.154276894211166e-11,0.1047693248366266,0.001,1.0476932484071222,10.0,0.0,1.0,0.0,0
20817000000,2066,20817000000,,-0.002907705146911356,-0.10767702998392892,-3.695355127250392e-11,0.1047693248370174,0.001,1.0476932484092538,10.0,0.0,1.0,0.0,0
20827000000,2067,20827000000,,-0.002907705146911356,-0.10767702998427175,-3.2374103565060586e-11,0.10476932483736023,0.001,1.0476932484073531,10.0,0.0,1.0,0.0,0
20837000000,2068,20837000000,,-0.002907705146911356,-0.10767702998457196,-2.803403030236109e-11,0.10476932483766044,0.001,1.047693248405026,10.0,0.0,1.0,0.0,0
20847000000,2069,20847000000,,-0.002907705146911356,-0.10767702998482953,-2.4041213521836467e-11,0.10476932483791801,0.001,1.047693248404049,10.0,0.0,1.0,0.0,0
20857000000,2070,20857000000,,-0.002907705146911356,-0.1076770299850498,-2.019806546054125e-11,0.10476932483813828,0.001,1.047693248402699,10.0,0.0,1.0,0.0,0
20867000000,2071,20867000000,,-0.002907705146911356,-0.10767702998523276,-1.6872725458054193e-11,0.10476932483832124,0.001,1.0476932483991996,10.0,0.0,1.0,0.0,0
20877000000,2072,20877000000,,-0.002907705146911356,-0.10767702998538375,-1.3816503403223608e-11,0.10476932483847223,0.001,1.0476932483989332,10.0,0.0,1.0,0.0,0
20887000000,2073,20887000000,,-0.002907705146911356,-0.10767702998550632,-1.1067591270571202e-11,0.1047693248385948,0.001,1.0476932483966062,10.0,0.0,1.0,0.0,0
20897000000,2074,20897000000,,-0.002907705146911356,-0.10767702998560225,-8.624656603444624e-12,0.10476932483869072,0.001,1.0476932483940127,10.0,0.0,1.0,0.0,0
20907000000,2075,20907000000,,-0.002907705146911356,-0.10767702998567863,-6.4579560822219005e-12,0.10476932483876711,0.001,1.0476932483947765,10.0,0.0,1.0,0.0,0
20917000000,2076,20917000000,,-0.002907705146911356,-0.1076770299857337,-4.713562817751951e-12,0.10476932483882218,0.001,1.0476932483953272,10.0,0.0,1.0,0.0,0
20927000000,2077,20927000000,,-0.002907705146911356,-0.107677029985771,-3.110855404891202e-12,0.10476932483885948,0.001,1.0476932483921475,10.0,0.0,1.0,0.0,0
20937000000,2078,20937000000,,-0.002907705146911356,-0.10767702998579587,-1.8913760416488117e-12,0.10476932483888435,0.001,1.0476932483923962,10.0,0.0,1.0,0.0,0
20947000000,2079,20947000000,,-0.002907705146911356,-0.10767702998580653,-8.562039790480104e-13,0.104769324838895,0.001,1.04769324838895,10.0,0.0,1.0,0.0,0
20957000000,2080,20957000000,,-0.002907705146911356,-0.10767702998581008,6.350473545994916e-14,0.10476932483889856,0.001,1.0476932483889856,10.0,0.0,1.0,0.0,0
20967000000,2081,20967000000,,-0.002907705146911356,-0.10767702998580564,7.918110400064615e-13,0.10476932483889412,0.001,1.047693248388053,10.0,0.0,1.0,0.0,0
20977000000,2082,20977000000,,-0.002907705146911356,-0.10767702998579498,1.1959322216210036e-12,0.10476932483888346,0.001,1.0476932483870582,10.0,0.0,1.0,0.0,0
20987000000,2083,20987000000,,-0.002907705146911356,-0.10767702998578077,1.6346923235057034e-12,0.10476932483886925,0.001,1.0476932483869161,10.0,0.0,1.0,0.0,0
20997000000,2084,20997000000,,-0.002907705146911356,-0.107677029985763,1.750599456417038e-12,0.10476932483885149,0.001,1.0476932483867385,10.0,0.0,1.0,0.0,0
21007000000,2085,21007000000,,-0.002907705146911356,-0.10767702998574347,1.9984015703369665e-12,0.10476932483883195,0.001,1.047693248386543,10.0,0.0,1.0,0.0,0
21017000000,2086,21017000000,,-0.002907705146911356,-0.10767702998572304,2.1245230238709967e-12,0.10476932483881152,0.001,1.0476932483854506,10.0,0.0,1.0,0.0,0
21027000000,2087,21027000000,,-0.002907705146911356,-0.10767702998570261,2.099209675741465e-12,0.10476932483879109,0.001,1.0476932483861345,10.0,0.0,1.0,0.0,0
21037000000,2088,21037000000,,-0.002907705146911356,-0.1076770299856813,2.093436476158002e-12,0.10476932483876977,0.001,1.0476932483850332,10.0,0.0,1.0,0.0,0
21047000000,2089,21047000000,,-0.002907705146911356,-0.10767702998566264,1.962874248981196e-12,0.10476932483875112,0.001,1.0476932483857349,10.0,0.0,1.0,0.0,0
21057000000,2090,21057000000,,-0.002907705146911356,-0.1076770299856431,1.840305625757724e-12,0.10476932483873158,0.001,1.0476932483855395,10.0,0.0,1.0,0.0,0
21067000000,2091,21067000000,,-0.002907705146911356,-0.10767702998562623,1.6040501302021109e-12,0.1047693248387147,0.001,1.0476932483853707,10.0,0.0,1.0,0.0,0
21077000000,2092,21077000000,,-0.002907705146911356,-0.10767702998561024,1.5405453717367358e-12,0.10476932483869872,0.001,1.0476932483852108,10.0,0.0,1.0,0.0,0
21087000000,2093,21087000000,,-0.002907705146911356,-0.10767702998559603,1.40776292410905e-12,0.10476932483868451,0.001,1.0476932483850687,10.0,0.0,1.0,0.0,0
21097000000,2094,21097000000,,-0.002907705146911356,-0.1076770299855836,1.1306510679948884e-12,0.10476932483867207,0.001,1.0476932483858326,10.0,0.0,1.0,0.0,0
21107000000,2095,21107000000,,-0.002907705146911356,-0.10767702998557294,1.1279866467182674e-12,0.10476932483866142,0.001,1.047693248385726,10.0,0.0,1.0,0.0,0
21117000000,2096,21117000000,,-0.002907705146911356,-0.10767702998556317,9.565679474322323e-13,0.10476932483865165,0.001,1.0476932483856283,10.0,0.0,1.0,0.0,0
21127000000,2097,21127000000,,-0.002907705146911356,-0.10767702998555517,6.838973615250573e-13,0.10476932483864365,0.001,1.0476932483855483,10.0,0.0,1.0,0.0,0
21137000000,2098,21137000000,,-0.002907705146911356,-0.10767702998554896,6.257218642766449e-13,0.10476932483863743,0.001,1.0476932483854862,10.0,0.0,1.0,0.0,0
21147000000,2099,21147000000,,-0.002907705146911356,-0.10767702998554363,5.067165013245744e-13,0.1047693248386321,0.001,1.0476932483854329,10.0,0.0,1.0,0.0,0
21157000000,2100,21157000000,,-0.002907705146911356,-0.10767702998554007,3.8991053148792873e-13,0.10476932483862855,0.001,1.0476932483862855,10.0,0.0,1.0,0.0,0
21167000000,2101,21167000000,,-0.002907705146911356,-0.10767702998553652,2.207123935578787e-13,0.104769324838625,0.001,1.04769324838625,10.0,0.0,1.0,0.0,0
21177000000,2102,21177000000,,-0.002907705146911356,-0.10767702998553474,2.411406085978782e-13,0.10476932483862322,0.001,1.0476932483862322,10.0,0.0,1.0,0.0,0
21187000000,2103,21187000000,,-0.002907705146911356,-0.10767702998553386,1.1191072228565557e-13,0.10476932483862234,0.001,1.0476932483862234,10.0,0.0,1.0,0.0,0
21197000000,2104,21197000000,,-0.002907705146911356,-0.10767702998553297,6.705744889501344e-14,0.10476932483862145,0.001,1.0476932483862145,10.0,0.0,1.0,0.0,0
21207000000,2105,21207000000,,-0.002907705146911356,-0.10767702998553297,-1.9984036021810066e-14,0.10476932483862145,0.001,1.0476932483862145,10.0,0.0,1.0,0.0,0
21217000000,2106,21217000000,,-0.002907705146911356,-0.10767702998553297,-1.150086189331916e-13,0.10476932483862145,0.001,1.0476932483862145,10.0,0.0,1.0,0.0,0
21227000000,2107,21227000000,,-0.002907705146911356,-0.10767702998553474,-1.461053312750438e-13,0.10476932483862322,0.001,1.0476932483880086,10.0,0.0,1.0,0.0,0
21237000000,2108,21237000000,,-0.002907705146911356,-0.10767702998553474,-1.1102224789125664e-13,0.10476932483862322,0.001,1.0476932483862322,10.0,0.0,1.0,0.0,0
21247000000,2109,21247000000,,-0.002907705146911356,-0.10767702998553652,-1.3988796980524715e-13,0.104769324838625,0.001,1.04769324838625,10.0,0.0,1.0,0.0,0
21257000000,2110,21257000000,,-0.002907705146911356,-0.10767702998553652,-2.073896436145311e-13,0.104769324838625,0.001,1.04769324838625,10.0,0.0,1.0,0.0,0
21267000000,2111,21267000000,,-0.002907705146911356,-0.1076770299855383,-1.9806392053313842e-13,0.10476932483862678,0.001,1.0476932483862678,10.0,0.0,1.0,0.0,0
21277000000,2112,21277000000,,-0.002907705146911356,-0.10767702998554007,-2.0161651972507278e-13,0.10476932483862855,0.001,1.0476932483862855,10.0,0.0,1.0,0.0,0
21287000000,2113,21287000000,,-0.002907705146911356,-0.10767702998554185,-1.3899982965028277e-13,0.10476932483863033,0.001,1.0476932483863033,10.0,0.0,1.0,0.0,0
21297000000,2114,21297000000,,-0.002907705146911356,-0.10767702998554363,-2.318145125388439e-13,0.1047693248386321,0.001,1.0476932483880974,10.0,0.0,1.0,0.0,0
21307000000,2115,21307000000,,-0.002907705146911356,-0.1076770299855454,-1.8518525869259107e-13,0.10476932483863388,0.001,1.0476932483881152,10.0,0.0,1.0,0.0,0
21317000000,2116,21317000000,,-0.002907705146911356,-0.1076770299855454,-2.389200546845446e-13,0.10476932483863388,0.001,1.0476932483863388,10.0,0.0,1.0,0.0,0
21327000000,2117,21327000000,,-0.002907705146911356,-0.10767702998554718,-1.443290895918216e-13,0.10476932483863566,0.001,1.0476932483863566,10.0,0.0,1.0,0.0,0
21337000000,2118,21337000000,,-0.002907705146911356,-0.10767702998554896,-1.56763509236659e-13,0.10476932483863743,0.001,1.0476932483863743,10.0,0.0,1.0,0.0,0
21347000000,2119,21347000000,,-0.002907705146911356,-0.10767702998554896,-1.8163239314870934e-13,0.10476932483863743,0.001,1.0476932483863743,10.0,0.0,1.0,0.0,0
21357000000,2120,21357000000,,-0.002907705146911356,-0.10767702998555073,-9.681154220454404e-14,0.10476932483863921,0.001,1.047693248386392,10.0,0.0,1.0,0.0,0
21367000000,2121,21367000000,,-0.002907705146911356,-0.10767702998555251,-1.3766782718522795e-13,0.10476932483864099,0.001,1.0476932483864099,10.0,0.0,1.0,0.0,0
21377000000,2122,21377000000,,-0.002907705146911356,-0.10767702998555251,-1.390000960381869e-13,0.10476932483864099,0.001,1.0476932483864099,10.0,0.0,1.0,0.0,0
21387000000,2123,21387000000,,-0.002907705146911356,-0.10767702998555251,-1.6076042794143705e-13,0.10476932483864099,0.001,1.0476932483864099,10.0,0.0,1.0,0.0,0
21397000000,2124,21397000000,,-0.002907705146911356,-0.10767702998555428,-8.926191512204796e-14,0.10476932483864276,0.001,1.0476932483864276,10.0,0.0,1.0,0.0,0
21407000000,2125,21407000000,,-0.002907705146911356,-0.10767702998555428,-8.570920078030554e-14,0.10476932483864276,0.001,1.0476932483864276,10.0,0.0,1.0,0.0,0
21417000000,2126,21417000000,,-0.002907705146911356,-0.10767702998555428,-1.2302346459212364e-13,0.10476932483864276,0.001,1.0476932483864276,10.0,0.0,1.0,0.0,0
21427000000,2127,21427000000,,-0.002907705146911356,-0.10767702998555606,-8.03802412699283e-14,0.10476932483864454,0.001,1.0476932483864454,10.0,0.0,1.0,0.0,0
21437000000,2128,21437000000,,-0.002907705146911356,-0.10767702998555606,-8.082425691076003e-14,0.10476932483864454,0.001,1.0476932483864454,10.0,0.0,1.0,0.0,0
21447000000,2129,21447000000,,-0.002907705146911356,-0.10767702998555606,-9.148239814380119e-14,0.10476932483864454,0.001,1.0476932483864454,10.0,0.0,1.0,0.0,0
21457000000,2130,21457000000,,-0.002907705146911356,-0.10767702998555606,-5.773154234781634e-14,0.10476932483864454,0.001,1.0476932483864454,10.0,0.0,1.0,0.0,0
21467000000,2131,21467000000,,-0.002907705146911356,-0.10767702998555606,-2.708938666251629e-14,0.10476932483864454,0.001,1.0476932483864454,10.0,0.0,1.0,0.0,0
21477000000,2132,21477000000,,-0.002907705146911356,-0.10767702998555606,-4.8849758355491194e-14,0.10476932483864454,0.001,1.0476932483864454,10.0,0.0,1.0,0.0,0
21487000000,2133,21487000000,,-0.002907705146911356,-0.10767702998555606,-5.684336414559428e-14,0.10476932483864454,0.001,1.0476932483864454,10.0,0.0,1.0,0.0,0
21497000000,2134,21497000000,,-0.002907705146911356,-0.10767702998555606,-6.217243465334612e-14,0.10476932483864454,0.001,1.0476932483864454,10.0,0.0,1.0,0.0,0
21507000000,2135,21507000000,,-0.002907705146911356,-0.10767702998555606,-6.750150516749669e-14,0.10476932483864454,0.001,1.0476932483864454,10.0,0.0,1.0,0.0,0
21517000000,2136,21517000000,,-0.002907705146911356,-0.10767702998555606,-7.061020591557627e-14,0.10476932483864454,0.001,1.0476932483864454,10.0,0.0,1.0,0.0,0
21527000000,2137,21527000000,,-0.002907705146911356,-0.10767702998555606,-8.926187607156934e-14,0.10476932483864454,0.001,1.0476932483864454,10.0,0.0,1.0,0.0,0
21537000000,2138,21537000000,,-0.002907705146911356,-0.10767702998555606,-9.015005470027892e-14,0.10476932483864454,0.001,1.0476932483864454,10.0,0.0,1.0,0.0,0
21547000000,2139,21547000000,,-0.002907705146911356,-0.10767702998555606,-6.616923772770968e-14,0.10476932483864454,0.001,1.0476932483864454,10.0,0.0,1.0,0.0,0
21557000000,2140,21557000000,,-0.002907705146911356,-0.10767702998555606,-7.149830824748259e-14,0.10476932483864454,0.001,1.0476932483864454,10.0,0.0,1.0,0.0,0
21567000000,2141,21567000000,,-0.002907705146911356,-0.10767702998555606,-7.638328955471105e-14,0.10476932483864454,0.001,1.0476932483864454,10.0,0.0,1.0,0.0,0
21577000000,2142,21577000000,,-0.002907705146911356,-0.10767702998555606,-8.126827086519636e-14,0.10476932483864454,0.001,1.0476932483864454,10.0,0.0,1.0,0.0,0
21587000000,2143,21587000000,,-0.002907705146911356,-0.10767702998555606,-9.237050025329801e-14,0.10476932483864454,0.001,1.0476932483864454,10.0,0.0,1.0,0.0,0
21597000000,2144,21597000000,,-0.002907705146911356,-0.10767702998555606,-7.638332736657524e-14,0.10476932483864454,0.001,1.0476932483864454,10.0,0.0,1.0,0.0,0
21607000000,2145,21607000000,,-0.002907705146911356,-0.10767702998555606,-7.505098363320341e-14,0.10476932483864454,0.001,1.0476932483864454,10.0,0.0,1.0,0.0,0
21617000000,2146,21617000000,,-0.002907705146911356,-0.10767702998555606,-7.815960791238046e-14,0.10476932483864454,0.001,1.0476932483864454,10.0,0.0,1.0,0.0,0
21627000000,2147,21627000000,,-0.002907705146911356,-0.10767702998555606,-8.082414317258533e-14,0.10476932483864454,0.001,1.0476932483864454,10.0,0.0,1.0,0.0,0
21637000000,2148,21637000000,,-0.002907705146911356,-0.10767702998555606,-9.725544374609358e-14,0.10476932483864454,0.001,1.0476932483864454,10.0,0.0,1.0,0.0,0
21647000000,2149,21647000000,,-0.002907705146911356,-0.10767702998555784,-6.794578373426441e-14,0.10476932483864632,0.001,1.0476932483864632,10.0,0.0,1.0,0.0,0
21657000000,2150,21657000000,,-0.002907705146911356,-0.10767702998555784,-6.084028057096424e-14,0.10476932483864632,0.001,1.0476932483864632,10.0,0.0,1.0,0.0,0
21667000000,2151,21667000000,,-0.002907705146911356,-0.10767702998555784,-5.906392373048002e-14,0.10476932483864632,0.001,1.0476932483864632,10.0,0.0,1.0,0.0,0
21677000000,2152,21677000000,,-0.002907705146911356,-0.10767702998555784,-5.773165610203166e-14,0.10476932483864632,0.001,1.0476932483864632,10.0,0.0,1.0,0.0,0
21687000000,2153,21687000000,,-0.002907705146911356,-0.10767702998555784,-5.684347768177673e-14,0.10476932483864632,0.001,1.0476932483864632,10.0,0.0,1.0,0.0,0
21697000000,2154,21697000000,,-0.002907705146911356,-0.10767702998555784,-5.1958496376379516e-14,0.10476932483864632,0.001,1.0476932483864632,10.0,0.0,1.0,0.0,0
21707000000,2155,21707000000,,-0.002907705146911356,-0.10767702998555784,-5.0626228743402965e-14,0.10476932483864632,0.001,1.0476932483864632,10.0,0.0,1.0,0.0,0
21717000000,2156,21717000000,,-0.002907705146911356,-0.10767702998555784,-4.574124783215789e-14,0.10476932483864632,0.001,1.0476932483864632,10.0,0.0,1.0,0.0,0
21727000000,2157,21727000000,,-0.002907705146911356,-0.10767702998555784,-5.4623031820144846e-14,0.10476932483864632,0.001,1.0476932483864632,10.0,0.0,1.0,0.0,0
21737000000,2158,21737000000,,-0.002907705146911356,-0.10767702998555784,-5.0626228744992923e-14,0.10476932483864632,0.001,1.0476932483864632,10.0,0.0,1.0,0.0,0
21747000000,2159,21747000000,,-0.002907705146911356,-0.10767702998555784,-5.240258539088761e-14,0.10476932483864632,0.001,1.0476932483864632,10.0,0.0,1.0,0.0,0
21757000000,2160,21757000000,,-0.002907705146911356,-0.10767702998555784,-5.329076400300947e-14,0.10476932483864632,0.001,1.0476932483864632,10.0,0.0,1.0,0.0,0
21767000000,2161,21767000000,,-0.002907705146911356,-0.10767702998555784,-5.062622874284306e-14,0.10476932483864632,0.001,1.0476932483864632,10.0,0.0,1.0,0.0,0
21777000000,2162,21777000000,,-0.002907705146911356,-0.10767702998555784,-4.840578269523393e-14,0.10476932483864632,0.001,1.0476932483864632,10.0,0.0,1.0,0.0,0
21787000000,2163,21787000000,,-0.002907705146911356,-0.10767702998555784,-4.485306901937925e-14,0.10476932483864632,0.001,1.0476932483864632,10.0,0.0,1.0,0.0,0
21797000000,2164,21797000000,,-0.002907705146911356,-0.10767702998555784,-4.174444454589284e-14,0.10476932483864632,0.001,1.0476932483864632,10.0,0.0,1.0,0.0,0
21807000000,2165,21807000000,,-0.002907705146911356,-0.10767702998555784,-3.90799092873805e-14,0.10476932483864632,0.001,1.0476932483864632,10.0,0.0,1.0,0.0,0
21817000000,2166,21817000000,,-0.002907705146911356,-0.10767702998555784,-3.108630370145797e-14,0.10476932483864632,0.001,1.0476932483864632,10.0,0.0,1.0,0.0,0
21827000000,2167,21827000000,,-0.002907705146911356,-0.10767702998555784,-1.3756166583690713e-14,0.10476932483864632,0.001,1.0476932483864632,10.0,0.0,1.0,0.0,0
21837000000,2168,21837000000,,-0.002907705146911356,-0.10767702998555784,-3.153039252593038e-14,0.10476932483864632,0.001,1.0476932483864632,10.0,0.0,1.0,0.0,0
21847000000,2169,21847000000,,-0.002907705146911356,-0.10767702998555784,-2.975403588002286e-14,0.10476932483864632,0.001,1.0476932483864632,10.0,0.0,1.0,0.0,0
21857000000,2170,21857000000,,-0.002907705146911356,-0.10767702998555784,-2.797767904518665e-14,0.10476932483864632,0.001,1.0476932483864632,10.0,0.0,1.0,0.0,0
21867000000,2171,21867000000,,-0.002907705146911356,-0.10767702998555784,-2.3092697942850596e-14,0.10476932483864632,0.001,1.0476932483864632,10.0,0.0,1.0,0.0,0
21877000000,2172,21877000000,,-0.002907705146911356,-0.10767702998555784,-2.3980876143469886e-14,0.10476932483864632,0.001,1.0476932483864632,10.0,0.0,1.0,0.0,0
21887000000,2173,21887000000,,-0.002907705146911356,-0.10767702998555784,-2.3092697731788765e-14,0.10476932483864632,0.001,1.0476932483864632,10.0,0.0,1.0,0.0,0
21897000000,2174,21897000000,,-0.002907705146911356,-0.10767702998555784,-1.998407307364774e-14,0.10476932483864632,0.001,1.0476932483864632,10.0,0.0,1.0,0.0,0
21907000000,2175,21907000000,,-0.002907705146911356,-0.10767702998555784,-1.7319538196426407e-14,0.10476932483864632,0.001,1.0476932483864632,10.0,0.0,1.0,0.0,0
21917000000,2176,21917000000,,-0.002907705146911356,-0.10767702998555784,-1.465500293388168e-14,0.10476932483864632,0.001,1.0476932483864632,10.0,0.0,1.0,0.0,0
21927000000,2177,21927000000,,-0.002907705146911356,-0.10767702998555784,-1.243455669703846e-14,0.10476932483864632,0.001,1.0476932483864632,10.0,0.0,1.0,0.0,0
21937000000,2178,21937000000,,-0.002907705146911356,-0.10767702998555784,-8.881843205329781e-15,0.10476932483864632,0.001,1.0476932483864632,10.0,0.0,1.0,0.0,0
21947000000,2179,21947000000,,-0.002907705146911356,-0.10767702998555784,8.004205095953329e-15,0.10476932483864632,0.001,1.0476932483864632,10.0,0.0,1.0,0.0,0
21957000000,2180,21957000000,,-0.002907705146911356,-0.10767702998555784,1.0213993196530087e-14,0.10476932483864632,0.001,1.0476932483864632,10.0,0.0,1.0,0.0,0
21967000000,2181,21967000000,,-0.002907705146911356,-0.10767702998555784,1.5987152728966624e-14,0.10476932483864632,0.001,1.0476932483864632,10.0,0.0,1.0,0.0,0
21977000000,2182,21977000000,,-0.002907705146911356,-0.10767702998555784,2.3536669098566406e-14,0.10476932483864632,0.001,1.0476932483864632,10.0,0.0,1.0,0.0,0
21987000000,2183,21987000000,,-0.002907705146911356,-0.10767702998555784,2.13162230610954e-14,0.10476932483864632,0.001,1.0476932483864632,10.0,0.0,1.0,0.0,0
21997000000,2184,21997000000,,-0.002907705146911356,-0.10767702998555784,2.176031265203111e-14,0.10476932483864632,0.001,1.0476932483864632,10.0,0.0,1.0,0.0,0
22007000000,2185,22007000000,,-0.002907705146911356,-0.10767702998555784,1.9983955814282312e-14,0.10476932483864632,0.001,1.0476932483864632,10.0,0.0,1.0,0.0,0
22017000000,2186,22017000000,,-0.002907705146911356,-0.10767702998555784,5.684335985210184e-14,0.10476932483864632,0.001,1.0476932483864632,10.0,0.0,1.0,0.0,0
22027000000,2187,22027000000,,-0.002907705146911356,-0.10767702998555784,6.084016274072944e-14,0.10476932483864632,0.001,1.0476932483864632,10.0,0.0,1.0,0.0,0
22037000000,2188,22037000000,,-0.002907705146911356,-0.10767702998555784,7.727146369483005e-14,0.10476932483864632,0.001,1.0476932483864632,10.0,0.0,1.0,0.0,0
22047000000,2189,22047000000,,-0.002907705146911356,-0.10767702998555784,7.904782034447738e-14,0.10476932483864632,0.001,1.0476932483864632,10.0,0.0,1.0,0.0,0
22057000000,2190,22057000000,,-0.002907705146911356,-0.10767702998555784,7.904782034234035e-14,0.10476932483864632,0.001,1.0476932483864632,10.0,0.0,1.0,0.0,0
22067000000,2191,22067000000,,-0.002907705146911356,-0.10767702998555784,9.591255217311826e-14,0.10476932483864632,0.001,1.0476932483864632,10.0,0.0,1.0,0.0,0
22077000000,2192,22077000000,,-0.002907705146911356,-0.10767702998555784,1.0613726148811567e-13,0.10476932483864632,0.001,1.0476932483864632,10.0,0.0,1.0,0.0,0
22087000000,2193,22087000000,,-0.002907705146911356,-0.10767702998555695,4.973808387381667e-14,0.10476932483864543,0.001,1.0476932483864543,10.0,0.0,1.0,0.0,0
22097000000,2194,22097000000,,-0.002907705146911356,-0.10767702998555695,5.062626209073111e-14,0.10476932483864543,0.001,1.0476932483864543,10.0,0.0,1.0,0.0,0
22107000000,2195,22107000000,,-0.002907705146911356,-0.10767702998555695,5.1070351300031536e-14,0.10476932483864543,0.001,1.0476932483864543,10.0,0.0,1.0,0.0,0
22117000000,2196,22117000000,,-0.002907705146911356,-0.10767702998555695,4.574128058518614e-14,0.10476932483864543,0.001,1.0476932483864543,10.0,0.0,1.0,0.0,0
22127000000,2197,22127000000,,-0.002907705146911356,-0.10767702998555695,4.4853102362192026e-14,0.10476932483864543,0.001,1.0476932483864543,10.0,0.0,1.0,0.0,0
22137000000,2198,22137000000,,-0.002907705146911356,-0.10767702998555695,4.218856748740072e-14,0.10476932483864543,0.001,1.0476932483864543,10.0,0.0,1.0,0.0,0
22147000000,2199,22147000000,,-0.002907705146911356,-0.10767702998555695,4.440901354089954e-14,0.10476932483864543,0.001,1.0476932483864543,10.0,0.0,1.0,0.0,0
22157000000,2200,22157000000,,-0.002907705146911356,-0.10767702998555695,5.817577884519736e-14,0.10476932483864543,0.001,1.0476932483864543,10.0,0.0,1.0,0.0,0
22167000000,2201,22167000000,,-0.002907705146911356,-0.10767702998555695,5.861986805663484e-14,0.10476932483864543,0.001,1.0476932483864543,10.0,0.0,1.0,0.0,0
22177000000,2202,22177000000,,-0.002907705146911356,-0.10767702998555695,5.861986805504488e-14,0.10476932483864543,0.001,1.0476932483864543,10.0,0.0,1.0,0.0,0
22187000000,2203,22187000000,,-0.002907705146911356,-0.10767702998555695,5.951870461795176e-14,0.10476932483864543,0.001,1.0476932483864543,10.0,0.0,1.0,0.0,0
22197000000,2204,22197000000,,-0.002907705146911356,-0.10767702998555695,6.084031410484234e-14,0.10476932483864543,0.001,1.0476932483864543,10.0,0.0,1.0,0.0,0
22207000000,2205,22207000000,,-0.002907705146911356,-0.10767702998555695,5.99521356845746e-14,0.10476932483864543,0.001,1.0476932483864543,10.0,0.0,1.0,0.0,0
22217000000,2206,22217000000,,-0.002907705146911356,-0.10767702998555695,6.039622489444775e-14,0.10476932483864543,0.001,1.0476932483864543,10.0,0.0,1.0,0.0,0
22227000000,2207,22227000000,,-0.002907705146911356,-0.10767702998555695,6.084031410484234e-14,0.10476932483864543,0.001,1.0476932483864543,10.0,0.0,1.0,0.0,0
22237000000,2208,22237000000,,-0.002907705146911356,-0.10767702998555695,7.239729170188832e-14,0.10476932483864543,0.001,1.0476932483864543,10.0,0.0,1.0,0.0,0
22247000000,2209,22247000000,,-0.002907705146911356,-0.10767702998555695,7.061027672090204e-14,0.10476932483864543,0.001,1.0476932483864543,10.0,0.0,1.0,0.0,0
22257000000,2210,22257000000,,-0.002907705146911356,-0.10767702998555695,5.639942200634159e-14,0.10476932483864543,0.001,1.0476932483864543,10.0,0.0,1.0,0.0,0
22267000000,2211,22267000000,,-0.002907705146911356,-0.10767702998555695,5.639942200739729e-14,0.10476932483864543,0.001,1.0476932483864543,10.0,0.0,1.0,0.0,0
22277000000,2212,22277000000,,-0.002907705146911356,-0.10767702998555695,5.2846708327561506e-14,0.10476932483864543,0.001,1.0476932483864543,10.0,0.0,1.0,0.0,0
22287000000,2213,22287000000,,-0.002907705146911356,-0.10767702998555695,4.662945919462387e-14,0.10476932483864543,0.001,1.0476932483864543,10.0,0.0,1.0,0.0,0
22297000000,2214,22297000000,,-0.002907705146911356,-0.10767702998555695,6.616938462352108e-14,0.10476932483864543,0.001,1.0476932483864543,10.0,0.0,1.0,0.0,0
22307000000,2215,22307000000,,-0.002907705146911356,-0.10767702998555695,6.750165225307644e-14,0.10476932483864543,0.001,1.0476932483864543,10.0,0.0,1.0,0.0,0
22317000000,2216,22317000000,,-0.002907705146911356,-0.10767702998555695,6.838983067277147e-14,0.10476932483864543,0.001,1.0476932483864543,10.0,0.0,1.0,0.0,0
22327000000,2217,22327000000,,-0.002907705146911356,-0.10767702998555695,6.883391988312759e-14,0.10476932483864543,0.001,1.0476932483864543,10.0,0.0,1.0,0.0,0
22337000000,2218,22337000000,,-0.002907705146911356,-0.10767702998555695,6.972209830174127e-14,0.10476932483864543,0.001,1.0476932483864543,10.0,0.0,1.0,0.0,0
22347000000,2219,22347000000,,-0.002907705146911356,-0.10767702998555695,8.171250716059798e-14,0.10476932483864543,0.001,1.0476932483864543,10.0,0.0,1.0,0.0,0
22357000000,2220,22357000000,,-0.002907705146911356,-0.10767702998555695,8.260068538893469e-14,0.10476932483864543,0.001,1.0476932483864543,10.0,0.0,1.0,0.0,0
22367000000,2221,22367000000,,-0.002907705146911356,-0.10767702998555695,8.348886380810828e-14,0.10476932483864543,0.001,1.0476932483864543,10.0,0.0,1.0,0.0,0
22377000000,2222,22377000000,,-0.002907705146911356,-0.10767702998555695,8.215652159032688e-14,0.10476932483864543,0.001,1.0476932483864543,10.0,0.0,1.0,0.0,0
22387000000,2223,22387000000,,-0.002907705146911356,-0.10767702998555695,6.616930983705547e-14,0.10476932483864543,0.001,1.0476932483864543,10.0,0.0,1.0,0.0,0
22397000000,2224,22397000000,,-0.002907705146911356,-0.10767702998555695,6.883384510411597e-14,0.10476932483864543,0.001,1.0476932483864543,10.0,0.0,1.0,0.0,0
22407000000,2225,22407000000,,-0.002907705146911356,-0.10767702998555695,6.528113142478882e-14,0.10476932483864543,0.001,1.0476932483864543,10.0,0.0,1.0,0.0,0
22417000000,2226,22417000000,,-0.002907705146911356,-0.10767702998555695,6.261659616359236e-14,0.10476932483864543,0.001,1.0476932483864543,10.0,0.0,1.0,0.0,0
22427000000,2227,22427000000,,-0.002907705146911356,-0.10767702998555695,5.773161503751997e-14,0.10476932483864543,0.001,1.0476932483864543,10.0,0.0,1.0,0.0,0
22437000000,2228,22437000000,,-0.002907705146911356,-0.10767702998555695,5.773153996059358e-14,0.10476932483864543,0.001,1.0476932483864543,10.0,0.0,1.0,0.0,0
22447000000,2229,22447000000,,-0.002907705146911356,-0.10767702998555695,5.773153976684413e-14,0.10476932483864543,0.001,1.0476932483864543,10.0,0.0,1.0,0.0,0
22457000000,2230,22457000000,,-0.002907705146911356,-0.10767702998555695,6.217243207561793e-14,0.10476932483864543,0.001,1.0476932483864543,10.0,0.0,1.0,0.0,0
22467000000,2231,22467000000,,-0.002907705146911356,-0.10767702998555695,6.261652128708104e-14,0.10476932483864543,0.001,1.0476932483864543,10.0,0.0,1.0,0.0,0
22477000000,2232,22477000000,,-0.002907705146911356,-0.10767702998555695,6.039607523784349e-14,0.10476932483864543,0.001,1.0476932483864543,10.0,0.0,1.0,0.0,0
22487000000,2233,22487000000,,-0.002907705146911356,-0.10767702998555695,6.128425365700426e-14,0.10476932483864543,0.001,1.0476932483864543,10.0,0.0,1.0,0.0,0
22497000000,2234,22497000000,,-0.002907705146911356,-0.10767702998555695,6.439287812644546e-14,0.10476932483864543,0.001,1.0476932483864543,10.0,0.0,1.0,0.0,0
22507000000,2235,22507000000,,-0.002907705146911356,-0.10767702998555695,6.483696733577151e-14,0.10476932483864543,0.001,1.0476932483864543,10.0,0.0,1.0,0.0,0
22517000000,2236,22517000000,,-0.002907705146911356,-0.10767702998555695,6.572514575545372e-14,0.10476932483864543,0.001,1.0476932483864543,10.0,0.0,1.0,0.0,0
22527000000,2237,22527000000,,-0.002907705146911356,-0.10767702998555695,6.661332417410587e-14,0.10476932483864543,0.001,1.0476932483864543,10.0,0.0,1.0,0.0,0
22537000000,2238,22537000000,,-0.002907705146911356,-0.10767702998555695,5.3734737284147623e-14,0.10476932483864543,0.001,1.0476932483864543,10.0,0.0,1.0,0.0,0
22547000000,2239,22547000000,,-0.002907705146911356,-0.10767702998555695,4.2632506841526276e-14,0.10476932483864543,0.001,1.0476932483864543,10.0,0.0,1.0,0.0,0
22557000000,2240,22557000000,,-0.002907705146911356,-0.10767702998555695,4.174432842479512e-14,0.10476932483864543,0.001,1.0476932483864543,10.0,0.0,1.0,0.0,0
22567000000,2241,22567000000,,-0.002907705146911356,-0.10767702998555695,8.748551704066589e-14,0.10476932483864543,0.001,1.0476932483864543,10.0,0.0,1.0,0.0,0
22577000000,2242,22577000000,,-0.002907705146911356,-0.10767702998555695,7.14983046291892e-14,0.10476932483864543,0.001,1.0476932483864543,10.0,0.0,1.0,0.0,0
22587000000,2243,22587000000,,-0.002907705146911356,-0.10767702998555695,7.238648304997838e-14,0.10476932483864543,0.001,1.0476932483864543,10.0,0.0,1.0,0.0,0
22597000000,2244,22597000000,,-0.002907705146911356,-0.10767702998555695,7.283057226090724e-14,0.10476932483864543,0.001,1.0476932483864543,10.0,0.0,1.0,0.0,0
22607000000,2245,22607000000,,-0.002907705146911356,-0.10767702998555695,7.371875067955938e-14,0.10476932483864543,0.001,1.0476932483864543,10.0,0.0,1.0,0.0,0
22617000000,2246,22617000000,,-0.002907705146911356,-0.10767702998555695,7.460692909868167e-14,0.10476932483864543,0.001,1.0476932483864543,10.0,0.0,1.0,0.0,0
22627000000,2247,22627000000,,-0.002907705146911356,-0.10767702998555695,7.549510751784244e-14,0.10476932483864543,0.001,1.0476932483864543,10.0,0.0,1.0,0.0,0
22637000000,2248,22637000000,,-0.002907705146911356,-0.10767702998555695,7.638328593859316e-14,0.10476932483864543,0.001,1.0476932483864543,10.0,0.0,1.0,0.0,0
22647000000,2249,22647000000,,-0.002907705146911356,-0.10767702998555695,7.727146435776673e-14,0.10476932483864543,0.001,1.0476932483864543,10.0,0.0,1.0,0.0,0
22657000000,2250,22657000000,,-0.002907705146911356,-0.10767702998555695,5.950789616749979e-14,0.10476932483864543,0.001,1.0476932483864543,10.0,0.0,1.0,0.0,0
22667000000,2251,22667000000,,-0.002907705146911356,-0.10767702998555695,7.016603699272692e-14,0.10476932483864543,0.001,1.0476932483864543,10.0,0.0,1.0,0.0,0
22677000000,2252,22677000000,,-0.002907705146911356,-0.10767702998555695,6.350469885141256e-14,0.10476932483864543,0.001,1.0476932483864543,10.0,0.0,1.0,0.0,0
22687000000,2253,22687000000,,-0.002907705146911356,-0.10767702998555695,6.306060964264639e-14,0.10476932483864543,0.001,1.0476932483864543,10.0,0.0,1.0,0.0,0
22697000000,2254,22697000000,,-0.002907705146911356,-0.10767702998555695,6.927785858264858e-14,0.10476932483864543,0.001,1.0476932483864543,10.0,0.0,1.0,0.0,0
22707000000,2255,22707000000,,-0.002907705146911356,-0.10767702998555695,7.016603700076646e-14,0.10476932483864543,0.001,1.0476932483864543,10.0,0.0,1.0,0.0,0
22717000000,2256,22717000000,,-0.002907705146911356,-0.10767702998555695,7.061012621060116e-14,0.10476932483864543,0.001,1.0476932483864543,10.0,0.0,1.0,0.0,0
22727000000,2257,22727000000,,-0.002907705146911356,-0.10767702998555695,7.14983046297491e-14,0.10476932483864543,0.001,1.0476932483864543,10.0,0.0,1.0,0.0,0
22737000000,2258,22737000000,,-0.002907705146911356,-0.10767702998555695,7.238648304996556e-14,0.10476932483864543,0.001,1.0476932483864543,10.0,0.0,1.0,0.0,0
22747000000,2259,22747000000,,-0.002907705146911356,-0.10767702998555695,7.283057225929163e-14,0.10476932483864543,0.001,1.0476932483864543,10.0,0.0,1.0,0.0,0
22757000000,2260,22757000000,,-0.002907705146911356,-0.10767702998555695,7.371875067897383e-14,0.10476932483864543,0.001,1.0476932483864543,10.0,0.0,1.0,0.0,0
22767000000,2261,22767000000,,-0.002907705146911356,-0.10767702998555695,7.77155535675886e-14,0.10476932483864543,0.001,1.0476932483864543,10.0,0.0,1.0,0.0,0
22777000000,2262,22777000000,,-0.002907705146911356,-0.10767702998555695,7.904782119825095e-14,0.10476932483864543,0.001,1.0476932483864543,10.0,0.0,1.0,0.0,0
22787000000,2263,22787000000,,-0.002907705146911356,-0.10767702998555695,7.993599961683897e-14,0.10476932483864543,0.001,1.0476932483864543,10.0,0.0,1.0,0.0,0
22797000000,2264,22797000000,,-0.002907705146911356,-0.10767702998555695,4.1744326715683685e-14,0.10476932483864543,0.001,1.0476932483864543,10.0,0.0,1.0,0.0,0
22807000000,2265,22807000000,,-0.002907705146911356,-0.10767702998555695,4.529704020687093e-14,0.10476932483864543,0.001,1.0476932483864543,10.0,0.0,1.0,0.0,0
22817000000,2266,22817000000,,-0.002907705146911356,-0.10767702998555695,4.352068336591657e-14,0.10476932483864543,0.001,1.0476932483864543,10.0,0.0,1.0,0.0,0
22827000000,2267,22827000000,,-0.002907705146911356,-0.10767702998555695,4.3076594153867905e-14,0.10476932483864543,0.001,1.0476932483864543,10.0,0.0,1.0,0.0,0
22837000000,2268,22837000000,,-0.002907705146911356,-0.10767702998555695,3.4638899548374835e-14,0.10476932483864543,0.001,1.0476932483864543,10.0,0.0,1.0,0.0,0
22847000000,2269,22847000000,,-0.002907705146911356,-0.10767702998555695,6.084016255045248e-14,0.10476932483864543,0.001,1.0476932483864543,10.0,0.0,1.0,0.0,0
22857000000,2270,22857000000,,-0.002907705146911356,-0.10767702998555695,6.21724303758815e-14,0.10476932483864543,0.001,1.0476932483864543,10.0,0.0,1.0,0.0,0
22867000000,2271,22867000000,,-0.002907705146911356,-0.10767702998555695,6.217243036922909e-14,0.10476932483864543,0.001,1.0476932483864543,10.0,0.0,1.0,0.0,0
22877000000,2272,22877000000,,-0.002907705146911356,-0.10767702998555695,6.304995064730223e-14,0.10476932483864543,0.001,1.0476932483864543,10.0,0.0,1.0,0.0,0
22887000000,2273,22887000000,,-0.002907705146911356,-0.10767702998555695,6.35046979965833e-14,0.10476932483864543,0.001,1.0476932483864543,10.0,0.0,1.0,0.0,0
22897000000,2274,22897000000,,-0.002907705146911356,-0.10767702998555695,6.4392876418441e-14,0.10476932483864543,0.001,1.0476932483864543,10.0,0.0,1.0,0.0,0
22907000000,2275,22907000000,,-0.002907705146911356,-0.10767702998555695,6.217243036921627e-14,0.10476932483864543,0.001,1.0476932483864543,10.0,0.0,1.0,0.0,0
22917000000,2276,22917000000,,-0.002907705146911356,-0.10767702998555695,6.616923344916372e-14,0.10476932483864543,0.001,1.0476932483864543,10.0,0.0,1.0,0.0,0
22927000000,2277,22927000000,,-0.002907705146911356,-0.10767702998555695,7.327466042399444e-14,0.10476932483864543,0.001,1.0476932483864543,10.0,0.0,1.0,0.0,0
22937000000,2278,22937000000,,-0.002907705146911356,-0.10767702998555695,7.41628388469335e-14,0.10476932483864543,0.001,1.0476932483864543,10.0,0.0,1.0,0.0,0
22947000000,2279,22947000000,,-0.002907705146911356,-0.10767702998555695,7.194239279290041e-14,0.10476932483864543,0.001,1.0476932483864543,10.0,0.0,1.0,0.0,0
22957000000,2280,22957000000,,-0.002907705146911356,-0.10767702998555695,7.194239318200252e-14,0.10476932483864543,0.001,1.0476932483864543,10.0,0.0,1.0,0.0,0
22967000000,2281,22967000000,,-0.002907705146911356,-0.10767702998555695,5.99519843215815e-14,0.10476932483864543,0.001,1.0476932483864543,10.0,0.0,1.0,0.0,0
22977000000,2282,22977000000,,-0.002907705146911356,-0.10767702998555695,7.682737428617023e-14,0.10476932483864543,0.001,1.0476932483864543,10.0,0.0,1.0,0.0,0
22987000000,2283,22987000000,,-0.002907705146911356,-0.10767702998555695,6.616923325783105e-14,0.10476932483864543,0.001,1.0476932483864543,10.0,0.0,1.0,0.0,0
22997000000,2284,22997000000,,-0.002907705146911356,-0.10767702998555695,8.882844091241625e-14,0.10476932483864543,0.001,1.0476932483864543,10.0,0.0,1.0,0.0,0
23007000000,2285,23007000000,,-0.002907705146911356,-0.10767702998555695,8.926187216831166e-14,0.10476932483864543,0.001,1.0476932483864543,10.0,0.0,1.0,0.0,0
23017000000,2286,23017000000,,-0.002907705146911356,-0.10767702998555695,8.969530323415896e-14,0.10476932483864543,0.001,1.0476932483864543,10.0,0.0,1.0,0.0,0
23027000000,2287,23027000000,,-0.002907705146911356,-0.10767702998555695,9.325867505855486e-14,0.10476932483864543,0.001,1.0476932483864543,10.0,0.0,1.0,0.0,0
23037000000,2288,23037000000,,-0.002907705146911356,-0.10767702998555695,9.414685347824988e-14,0.10476932483864543,0.001,1.0476932483864543,10.0,0.0,1.0,0.0,0
23047000000,2289,23047000000,,-0.002907705146911356,-0.10767702998555695,9.504569004008823e-14,0.10476932483864543,0.001,1.0476932483864543,10.0,0.0,1.0,0.0,0
23057000000,2290,23057000000,,-0.002907705146911356,-0.10767702998555695,1.1146663303499132e-13,0.10476932483864543,0.001,1.0476932483864543,10.0,0.0,1.0,0.0,0
23067000000,2291,23067000000,,-0.002907705146911356,-0.10767702998555695,8.304469914881998e-14,0.10476932483864543,0.001,1.0476932483864543,10.0,0.0,1.0,0.0,0
23077000000,2292,23077000000,,-0.002907705146911356,-0.10767702998555695,8.704150203688767e-14,0.10476932483864543,0.001,1.0476932483864543,10.0,0.0,1.0,0.0,0
23087000000,2293,23087000000,,-0.002907705146911356,-0.10767702998555695,8.570923441216631e-14,0.10476932483864543,0.001,1.0476932483864543,10.0,0.0,1.0,0.0,0
23097000000,2294,23097000000,,-0.002907705146911356,-0.10767702998555695,1.0480507083806788e-13,0.10476932483864543,0.001,1.0476932483864543,10.0,0.0,1.0,0.0,0
23107000000,2295,23107000000,,-0.002907705146911356,-0.10767702998555695,5.1070199933807223e-14,0.10476932483864543,0.001,1.0476932483864543,10.0,0.0,1.0,0.0,0
23117000000,2296,23117000000,,-0.002907705146911356,-0.10767702998555695,5.151428914254775e-14,0.10476932483864543,0.001,1.0476932483864543,10.0,0.0,1.0,0.0,0
23127000000,2297,23127000000,,-0.002907705146911356,-0.10767702998555695,5.240246756336258e-14,0.10476932483864543,0.001,1.0476932483864543,10.0,0.0,1.0,0.0,0
23137000000,2298,23137000000,,-0.002907705146911356,-0.10767702998555695,5.284655677319727e-14,0.10476932483864543,0.001,1.0476932483864543,10.0,0.0,1.0,0.0,0
23147000000,2299,23147000000,,-0.002907705146911356,-0.10767702998555695,5.3290645983057606e-14,0.10476932483864543,0.001,1.0476932483864543,10.0,0.0,1.0,0.0,0
23157000000,2300,23157000000,,-0.002907705146911356,-0.10767702998555695,5.417882440327406e-14,0.10476932483864543,0.001,1.0476932483864543,10.0,0.0,1.0,0.0,0
23167000000,2301,23167000000,,-0.002907705146911356,-0.10767702998555695,5.684335985769854e-14,0.10476932483864543,0.001,1.0476932483864543,10.0,0.0,1.0,0.0,0
23177000000,2302,23177000000,,-0.002907705146911356,-0.10767702998555695,5.5955181241061326e-14,0.10476932483864543,0.001,1.0476932483864543,10.0,0.0,1.0,0.0,0
23187000000,2303,23187000000,,-0.002907705146911356,-0.10767702998555695,5.5067003035189194e-14,0.10476932483864543,0.001,1.0476932483864543,10.0,0.0,1.0,0.0,0
23197000000,2304,23197000000,,-0.002907705146911356,-0.10767702998555695,4.3076594158676246e-14,0.10476932483864543,0.001,1.0476932483864543,10.0,0.0,1.0,0.0,0
23207000000,2305,23207000000,,-0.002907705146911356,-0.10767702998555695,3.863570205752983e-14,0.10476932483864543,0.001,1.0476932483864543,10.0,0.0,1.0,0.0,0
23217000000,2306,23217000000,,-0.002907705146911356,-0.10767702998555695,3.7747523637847635e-14,0.10476932483864543,0.001,1.0476932483864543,10.0,0.0,1.0,0.0,0
23227000000,2307,23227000000,,-0.002907705146911356,-0.10767702998555695,6.794559068888815e-14,0.10476932483864543,0.001,1.0476932483864543,10.0,0.0,1.0,0.0,0
23237000000,2308,23237000000,,-0.002907705146911356,-0.10767702998555695,5.195837835243373e-14,0.10476932483864543,0.001,1.0476932483864543,10.0,0.0,1.0,0.0,0
23247000000,2309,23247000000,,-0.002907705146911356,-0.10767702998555695,5.240246756280267e-14,0.10476932483864543,0.001,1.0476932483864543,10.0,0.0,1.0,0.0,0
23257000000,2310,23257000000,,-0.002907705146911356,-0.10767702998555695,5.284655677321009e-14,0.10476932483864543,0.001,1.0476932483864543,10.0,0.0,1.0,0.0,0
23267000000,2311,23267000000,,-0.002907705146911356,-0.10767702998555695,5.3290645982523345e-14,0.10476932483864543,0.001,1.0476932483864543,10.0,0.0,1.0,0.0,0
23277000000,2312,23277000000,,-0.002907705146911356,-0.10767702998555695,5.373473519237085e-14,0.10476932483864543,0.001,1.0476932483864543,10.0,0.0,1.0,0.0,0
23287000000,2313,23287000000,,-0.002907705146911356,-0.10767702998555695,5.4178824404406696e-14,0.10476932483864543,0.001,1.0476932483864543,10.0,0.0,1.0,0.0,0
23297000000,2314,23297000000,,-0.002907705146911356,-0.10767702998555695,5.4622913613172864e-14,0.10476932483864543,0.001,1.0476932483864543,10.0,0.0,1.0,0.0,0
23307000000,2315,23307000000,,-0.002907705146911356,-0.10767702998555695,6.039607334164784e-14,0.10476932483864543,0.001,1.0476932483864543,10.0,0.0,1.0,0.0,0
23317000000,2316,23317000000,,-0.002907705146911356,-0.10767702998555695,4.130023731716198e-14,0.10476932483864543,0.001,1.0476932483864543,10.0,0.0,1.0,0.0,0
23327000000,2317,23327000000,,-0.002907705146911356,-0.10767702998555695,4.08561481089429e-14,0.10476932483864543,0.001,1.0476932483864543,10.0,0.0,1.0,0.0,0
23337000000,2318,23337000000,,-0.002907705146911356,-0.10767702998555695,4.3520683560950594e-14,0.10476932483864543,0.001,1.0476932483864543,10.0,0.0,1.0,0.0,0
