%time,field.header.seq,field.header.stamp,field.header.frame_id,field.set_point,field.process_value,field.process_value_dot,field.error,field.time_step,field.command,field.p,field.i,field.d,field.i_clamp,field.antiwindup
18342000000,1817,18337000000,,0.0,-4.1575880934452414e-05,-0.025456306048612022,4.1575880934452414e-05,0.001,0.025872028550386617,10.0,0.0,1.0,0.0,0
18347000000,1818,18347000000,,-1.0652709649542194,0.017524803128612376,1.4772448631264947,-1.082795768082832,0.001,-12.305205273114943,10.0,0.0,1.0,0.0,0
18357000000,1819,18357000000,,-1.0652709649542194,0.01687994937148396,-1.2459823736036733,-1.0821509143257035,0.001,-9.575565272546616,10.0,0.0,1.0,0.0,0
18367000000,1820,18367000000,,-1.0652709649542194,-0.006386471424749018,-3.1322613342062144,-1.0588844935294706,0.001,-7.457628474063771,10.0,0.0,1.0,0.0,0
18377000000,1821,18377000000,,-1.0652709649542194,-0.04626274567259614,-4.645413041386953,-1.0190082192816234,0.001,-5.544697897825728,10.0,0.0,1.0,0.0,0
18387000000,1822,18387000000,,-1.0652709649542194,-0.09982186206981503,-5.901224437500461,-0.9654491028844046,0.001,-3.753288773470995,10.0,0.0,1.0,0.0,0
18397000000,1823,18397000000,,-1.0652709649542194,-0.16463753591516017,-6.921508255758084,-0.9006334290390594,0.001,-2.0848547299403997,10.0,0.0,1.0,0.0,0
18407000000,1824,18407000000,,-1.0652709649542194,-0.23837553589479654,-7.708991756759329,-0.826895429059423,0.001,-0.5600004020340421,10.0,0.0,1.0,0.0,0
18417000000,1825,18417000000,,-1.0652709649542194,-0.31871009801738914,-8.264391714830477,-0.7465608669368304,0.001,0.7987367885540131,10.0,0.0,1.0,0.0,0
18427000000,1826,18427000000,,-1.0652709649542194,-0.4033413831024255,-8.592305799804766,-0.6619295818517941,0.001,1.972958063929724,10.0,0.0,1.0,0.0,0
18437000000,1827,18437000000,,-1.0652709649542194,-0.49004621545359583,-8.703015437828721,-0.5752247495006237,0.001,2.950713930915292,10.0,0.0,1.0,0.0,0
18447000000,1828,18447000000,,-1.0652709649542194,-0.5767364412146296,-8.612602331403705,-0.48853452373958994,0.001,3.7272045662958497,10.0,0.0,1.0,0.0,0
18457000000,1829,18457000000,,-1.0652709649542194,-0.6609494437450856,-7.77289723247526,-0.404321521209134,0.001,3.734702696684238,10.0,0.0,1.0,0.0,0
18467000000,1830,18467000000,,-1.0652709649542194,-0.6930213479399026,-0.8443476630455189,-0.372249617014317,0.001,-2.874922634934247,10.0,0.0,1.0,0.0,0
18477000000,1831,18477000000,,-1.0652709649542194,-0.6943197060849355,0.003904287212877214,-0.37095125886928404,0.001,-3.7126897869804143,10.0,0.0,1.0,0.0,0
18487000000,1832,18487000000,,-1.0652709649542194,-0.6978499888197769,-0.7219148116819136,-0.3674209761344427,0.001,-2.9522539573054285,10.0,0.0,1.0,0.0,0
18497000000,1833,18497000000,,-1.0652709649542194,-0.7096262008125267,-1.5208262862284019,-0.3556447641416929,0.001,-2.035621646095711,10.0,0.0,1.0,0.0,0
18507000000,1834,18507000000,,-1.0652709649542194,-0.7283589416232337,-2.1356967092182524,-0.3369120233309859,0.001,-1.2334243330417838,10.0,0.0,1.0,0.0,0
18517000000,1835,18517000000,,-1.0652709649542194,-0.752323177313321,-2.5864494054393985,-0.3129477876408986,0.001,-0.5430299035564179,10.0,0.0,1.0,0.0,0
18527000000,1836,18527000000,,-1.0652709649542194,-0.7799749638378062,-2.8908038230775035,-0.2852960011164134,0.001,0.037841816990686894,10.0,0.0,1.0,0.0,0
18537000000,1837,18537000000,,-1.0652709649542194,-0.8099496387588632,-3.0668689252616694,-0.2553213261953564,0.001,0.5136532853039544,10.0,0.0,1.0,0.0,0
18547000000,1838,18547000000,,-1.0652709649542194,-0.8410647396298598,-3.132895134918063,-0.22420622532435974,0.001,0.8908303485203728,10.0,0.0,1.0,0.0,0
18557000000,1839,18557000000,,-1.0652709649542194,-0.8723192023716839,-3.106873290123256,-0.19295176258253566,0.001,1.1773531925580993,10.0,0.0,1.0,0.0,0
18567000000,1840,18567000000,,-1.0652709649542194,-0.9028886931491451,-3.0061637024164605,-0.16238227180507447,0.001,1.3823387410967047,10.0,0.0,1.0,0.0,0
18577000000,1841,18577000000,,-1.0652709649542194,-0.93211744769508,-2.8471651925116706,-0.1331535172591396,0.001,1.5156281074852185,10.0,0.0,1.0,0.0,0
18587000000,1842,18587000000,,-1.0652709649542194,-0.9595070492831885,-2.645030556072093,-0.10576391567103105,0.001,1.5873898579623624,10.0,0.0,1.0,0.0,0
18597000000,1843,18597000000,,-1.0652709649542194,-0.9847026616548318,-2.413438069376321,-0.0805683032993878,0.001,1.6077538570757977,10.0,0.0,1.0,0.0,0
18607000000,1844,18607000000,,-1.0652709649542194,-1.0074773267234969,-2.1644276306686407,-0.0577936382307227,0.001,1.5864903899357063,10.0,0.0,1.0,0.0,0
18617000000,1845,18617000000,,-1.0652709649542194,-1.0277150041914629,-1.908306482705101,-0.03755596076275669,0.001,1.5327462801393477,10.0,0.0,1.0,0.0,0
18627000000,1846,18627000000,,-1.0652709649542194,-1.0453930541682288,-1.6536247470819934,-0.01987791078599077,0.001,1.4548452468850126,10.0,0.0,1.0,0.0,0
18637000000,1847,18637000000,,-1.0652709649542194,-1.0605648395385794,-1.4072161945052353,-0.004706125415640194,0.001,1.3601546946761278,10.0,0.0,1.0,0.0,0
18647000000,1848,18647000000,,-1.0652709649542194,-1.0733430551582943,-1.1742954565699242,0.008072090204074733,0.001,1.2550162130934783,10.0,0.0,1.0,0.0,0
18657000000,1849,18657000000,,-1.0652709649542194,-1.08388428482806,-0.9585997742615769,0.018613319873840517,0.001,1.1447328919603894,10.0,0.0,1.0,0.0,0
18667000000,1850,18667000000,,-1.0652709649542194,-1.0923751574892409,-0.7625617046228266,0.027104192535021276,0.001,1.0336035879261463,10.0,0.0,1.0,0.0,0
18677000000,1851,18677000000,,-1.0652709649542194,-1.099020336191054,-0.5874990425757756,0.03374937123683441,0.001,0.9249927348995346,10.0,0.0,1.0,0.0,0
18687000000,1852,18687000000,,-1.0652709649542194,-1.104032441361693,-0.43380937355948923,0.038761476407473516,0.001,0.82142412904191,10.0,0.0,1.0,0.0,0
18697000000,1853,18697000000,,-1.0652709649542194,-1.1076238950618196,-0.301158780164671,0.042352930107599995,0.001,0.7246880780359088,10.0,0.0,1.0,0.0,0
18707000000,1854,18707000000,,-1.0652709649542194,-1.110000582232284,-0.18865683136246406,0.04472961727806446,0.001,0.6359530031570326,10.0,0.0,1.0,0.0,0
18717000000,1855,18717000000,,-1.0652709649542194,-1.1113571610706474,-0.09501266492768574,0.046086196116427836,0.001,0.5558746258584168,10.0,0.0,1.0,0.0,0
18727000000,1856,18727000000,,-1.0652709649542194,-1.1118738164850788,-0.018669411624863144,0.04660285153085919,0.001,0.48469792689682656,10.0,0.0,1.0,0.0,0
18737000000,1857,18737000000,,-1.0652709649542194,-1.1117142344719912,0.042083789272256165,0.04644326951777167,0.001,0.42234890592874663,10.0,0.0,1.0,0.0,0
18747000000,1858,18747000000,,-1.0652709649542194,-1.1110245763800242,0.08902144358990648,0.045753611425804586,0.001,0.3685146707639486,10.0,0.0,1.0,0.0,0
18757000000,1859,18757000000,,-1.0652709649542194,-1.1099332452730284,0.12391129113833715,0.04466228031880881,0.001,0.32271151225261363,10.0,0.0,1.0,0.0,0
18767000000,1860,18767000000,,-1.0652709649542194,-1.1085512573852032,0.1484615273207585,0.043280292430983636,0.001,0.28434139730984853,10.0,0.0,1.0,0.0,0
18777000000,1861,18777000000,,-1.0652709649542194,-1.1069730562224915,0.1642831182846039,0.04170209126827196,0.001,0.2527377948186249,10.0,0.0,1.0,0.0,0
18787000000,1862,18787000000,,-1.0652709649542194,-1.1052776324132694,0.17286467073685416,0.040006667459049794,0.001,0.22720200433770543,10.0,0.0,1.0,0.0,0
18797000000,1863,18797000000,,-1.0652709649542194,-1.103529837051247,0.17555747127366825,0.038258872097027385,0.001,0.20703125019980284,10.0,0.0,1.0,0.0,0
18807000000,1864,18807000000,,-1.0652709649542194,-1.101781798849773,0.17356855090885703,0.03651083389555332,0.001,0.1915397885325909,10.0,0.0,1.0,0.0,0
18817000000,1865,18817000000,,-1.0652709649542194,-1.1000743753490951,0.16795990994217586,0.034803410394875556,0.001,0.18007419444639794,10.0,0.0,1.0,0.0,0
18827000000,1866,18827000000,,-1.0652709649542194,-1.0984385854923921,0.15965232363263954,0.03316762053817257,0.001,0.1720238821285136,10.0,0.0,1.0,0.0,0
18837000000,1867,18837000000,,-1.0652709649542194,-1.096896985173795,0.14943242010825944,0.0316260202195755,0.001,0.16682778239760943,10.0,0.0,1.0,0.0,0
18847000000,1868,18847000000,,-1.0652709649542194,-1.0954649590733805,0.13796196744699957,0.030193994119160905,0.001,0.16397797398832736,10.0,0.0,1.0,0.0,0
18857000000,1869,18857000000,,-1.0652709649542194,-1.0941519115148752,0.12578852215161257,0.02888094656065565,0.001,0.16302094363735087,10.0,0.0,1.0,0.0,0
18867000000,1870,18867000000,,-1.0652709649542194,-1.0929623465211513,0.1133567754755759,0.02769138156693174,0.001,0.16355704032601892,10.0,0.0,1.0,0.0,0
18877000000,1871,18877000000,,-1.0652709649542194,-1.0918968330033234,0.1010200888455484,0.02662586804910383,0.001,0.16523859173736,10.0,0.0,1.0,0.0,0
18887000000,1872,18887000000,,-1.0652709649542194,-1.0909528553818504,0.0890518376784242,0.025681890427630805,0.001,0.16776706665854846,10.0,0.0,1.0,0.0,0
18897000000,1873,18897000000,,-1.0652709649542194,-1.090125553151604,0.07765628751110078,0.02485458819738451,0.001,0.17088959450048513,10.0,0.0,1.0,0.0,0
18907000000,1874,18907000000,,-1.0652709649542194,-1.0894083551840676,0.06697881079111126,0.024137390229848066,0.001,0.17439509152881172,10.0,0.0,1.0,0.0,0
18917000000,1875,18917000000,,-1.0652709649542194,-1.0887935160928217,0.0571153200566964,0.023522551138602132,0.001,0.17811019134097883,10.0,0.0,1.0,0.0,0
18927000000,1876,18927000000,,-1.0652709649542194,-1.0882725629285641,0.04812084630982232,0.023001597974344534,0.001,0.18189513343843444,10.0,0.0,1.0,0.0,0
18937000000,1877,18937000000,,-1.0652709649542194,-1.08783666094625,0.04001723261701446,0.0225656959920304,0.001,0.18563972730470724,10.0,0.0,1.0,0.0,0
18947000000,1878,18947000000,,-1.0652709649542194,-1.0874769073062627,0.03279994442664282,0.022205942352043095,0.001,0.1892594790923674,10.0,0.0,1.0,0.0,0
18957000000,1879,18957000000,,-1.0652709649542194,-1.0871845614217301,0.02644402154867191,0.021913596467510565,0.001,0.19269194312482973,10.0,0.0,1.0,0.0,0
18967000000,1880,18967000000,,-1.0652709649542194,-1.086951220316621,0.020909213679834532,0.02168025536240137,0.001,0.1958933399426499,10.0,0.0,1.0,0.0,0
18977000000,1881,18977000000,,-1.0652709649542194,-1.0867689468723452,0.01614435303260944,0.021497981918125575,0.001,0.19883546614638092,10.0,0.0,1.0,0.0,0
18987000000,1882,18987000000,,-1.0652709649542194,-1.0866303582609707,0.012091025064075726,0.021359393306751073,0.001,0.20150290800190263,10.0,0.0,1.0,0.0,0
18997000000,1883,18997000000,,-1.0652709649542194,-1.0865286812283,0.008686602383343041,0.02125771627408035,0.001,0.2038905603558483,10.0,0.0,1.0,0.0,0
19007000000,1884,19007000000,,-1.0652709649542194,-1.0864577802294537,0.005866708351987759,0.02118681527523414,0.001,0.20600144439855583,10.0,0.0,1.0,0.0,0
19017000000,1885,19017000000,,-1.0652709649542194,-1.0864121637562993,0.003567176295103358,0.021141198802079764,0.001,0.20784481172511526,10.0,0.0,1.0,0.0,0
19027000000,1886,19027000000,,-1.0652709649542194,-1.0863869735475484,0.001725568097136993,0.02111600859332885,0.001,0.2094345178359891,10.0,0.0,1.0,0.0,0
19037000000,1887,19037000000,,-1.0652709649542194,-1.0863779607518111,0.00028231269731328557,0.021106995797591566,0.001,0.210787645278252,10.0,0.0,1.0,0.0,0
19047000000,1888,19047000000,,-1.0652709649542194,-1.0863814525304623,-0.0008184790532521161,0.021110487576242676,0.001,0.21192335481407198,10.0,0.0,1.0,0.0,0
19057000000,1889,19057000000,,-1.0652709649542194,-1.0863943120472843,-0.0016284712581537486,0.021123347093064737,0.001,0.21286194218715693,10.0,0.0,1.0,0.0,0
19067000000,1890,19067000000,,-1.0652709649542194,-1.0864138942990955,-0.0021947844799558914,0.021142929344875938,0.001,0.21362407792913984,10.0,0.0,1.0,0.0,0
19077000000,1891,19077000000,,-1.0652709649542194,-1.0864379997977807,-0.0025598597163892243,0.021167034843561083,0.001,0.21423020815181104,10.0,0.0,1.0,0.0,0
19087000000,1892,19087000000,,-1.0652709649542194,-1.0864648277193805,-0.0027614675575906625,0.021193862765160887,0.001,0.2147000952093414,10.0,0.0,1.0,0.0,0
19097000000,1893,19097000000,,-1.0652709649542194,-1.086492929789019,-0.002832829943050522,0.021221964834799323,0.001,0.21505247829017193,10.0,0.0,1.0,0.0,0
19107000000,1894,19107000000,,-1.0652709649542194,-1.0865211658695593,-0.002802826411756167,0.02125020091533969,0.001,0.2153048355652487,10.0,0.0,1.0,0.0,0
19117000000,1895,19117000000,,-1.0652709649542194,-1.0865486619639348,-0.0026962609145301775,0.02127769700971527,0.001,0.21547323101124505,10.0,0.0,1.0,0.0,0
19127000000,1896,19127000000,,-1.0652709649542194,-1.0865747711232832,-0.002534169094438584,0.021303806169063577,0.001,0.21557223078565002,10.0,0.0,1.0,0.0,0
19137000000,1897,19137000000,,-1.0652709649542194,-1.086599037571446,-0.002334149425123757,0.021328072617226468,0.001,0.21561487559711878,10.0,0.0,1.0,0.0,0
19147000000,1898,19147000000,,-1.0652709649542194,-1.0866211642078252,-0.002110704713476322,0.021350199253605595,0.001,0.21561269724928778,10.0,0.0,1.0,0.0,0
19157000000,1899,19157000000,,-1.0652709649542194,-1.086640983531014,-0.0018755832340542065,0.021370018576794436,0.001,0.21557576900155695,10.0,0.0,1.0,0.0,0
19167000000,1900,19167000000,,-1.0652709649542194,-1.0866584319319337,-0.0016381111667127222,0.021387466977714098,0.001,0.2155127809420776,10.0,0.0,1.0,0.0,0
19177000000,1901,19177000000,,-1.0652709649542194,-1.0866735272335166,-0.0014055100883190025,0.021402562279297044,0.001,0.21543113288350568,10.0,0.0,1.0,0.0,0
19187000000,1902,19187000000,,-1.0652709649542194,-1.086686349301491,-0.0011831950380415848,0.021415384347271527,0.001,0.2153370385115494,10.0,0.0,1.0,0.0,0
19197000000,1903,19197000000,,-1.0652709649542194,-1.0866970235144375,-0.0009750501564236508,0.021426058560217953,0.001,0.2152356357583507,10.0,0.0,1.0,0.0,0
19207000000,1904,19207000000,,-1.0652709649542194,-1.0867057068581243,-0.0007836801249717437,0.021434741903904708,0.001,0.2151310991642852,10.0,0.0,1.0,0.0,0
19217000000,1905,19217000000,,-1.0652709649542194,-1.0867125763971863,-0.0006106366308354205,0.021441611442966746,0.001,0.21502675106070512,10.0,0.0,1.0,0.0,0
19227000000,1906,19227000000,,-1.0652709649542194,-1.0867178198738472,-0.000456619867248808,0.02144685491962761,0.001,0.21492516906352677,10.0,0.0,1.0,0.0,0
19237000000,1907,19237000000,,-1.0652709649542194,-1.0867216281870764,-0.00032165569899736244,0.021450663232856826,0.001,0.2148282880262009,10.0,0.0,1.0,0.0,0
19247000000,1908,19247000000,,-1.0652709649542194,-1.0867241895144915,-0.00020524957926287864,0.021453224560271877,0.001,0.21473749518182927,10.0,0.0,1.0,0.0,0
19257000000,1909,19257000000,,-1.0652709649542194,-1.0867256848520697,-0.00010651863737984374,0.021454719897850083,0.001,0.21465371761596685,10.0,0.0,1.0,0.0,0
19267000000,1910,19267000000,,-1.0652709649542194,-1.0867262847622836,-2.4303572576985168e-05,0.021455319808064033,0.001,0.21457750165312817,10.0,0.0,1.0,0.0,0
19277000000,1911,19277000000,,-1.0652709649542194,-1.086726147138351,4.273787032484356e-05,0.02145518218413134,0.001,0.21450908397118162,10.0,0.0,1.0,0.0,0
19287000000,1912,19287000000,,-1.0652709649542194,-1.0867254158104585,9.605402298477539e-05,0.02145445085623887,0.001,0.21444845453987504,10.0,0.0,1.0,0.0,0
19297000000,1913,19297000000,,-1.0652709649542194,-1.0867242198380591,0.00013713717989538799,0.021453254883839534,0.001,0.21439541165856113,10.0,0.0,1.0,0.0,0
19307000000,1914,19307000000,,-1.0652709649542194,-1.0867226733504456,0.00016747447017803315,0.02145170839622601,0.001,0.21434960949241244,10.0,0.0,1.0,0.0,0
19317000000,1915,19317000000,,-1.0652709649542194,-1.0867208758151783,0.00018851001257578037,0.02144991086095871,0.001,0.21431059859665424,10.0,0.0,1.0,0.0,0
19327000000,1916,19327000000,,-1.0652709649542194,-1.0867189126304542,0.0002016167520638541,0.02144794767623459,0.001,0.21427786001060767,10.0,0.0,1.0,0.0,0
19337000000,1917,19337000000,,-1.0652709649542194,-1.0867168559528047,0.00020807650032394844,0.02144589099858507,0.001,0.21425083348582064,10.0,0.0,1.0,0.0,0
19347000000,1918,19347000000,,-1.0652709649542194,-1.0867147656856462,0.0002090668297684727,0.0214438007314266,0.001,0.2142289404846398,10.0,0.0,1.0,0.0,0
19357000000,1919,19357000000,,-1.0652709649542194,-1.0867126905669515,0.00020565360219978543,0.021441725612731943,0.001,0.21421160252561577,10.0,0.0,1.0,0.0,0
19367000000,1920,19367000000,,-1.0652709649542194,-1.0867106693057327,0.0001987880521680334,0.0214397043515131,0.001,0.21419825546244553,10.0,0.0,1.0,0.0,0
19377000000,1921,19377000000,,-1.0652709649542194,-1.08670873172718,0.00018930747021733186,0.021437766772960387,0.001,0.21418836025945964,10.0,0.0,1.0,0.0,0
19387000000,1922,19387000000,,-1.0652709649542194,-1.0867068998950646,0.0001779386571286879,0.02143593494084506,0.001,0.21418141075175257,10.0,0.0,1.0,0.0,0
19397000000,1923,19397000000,,-1.0652709649542194,-1.0867051891877342,0.0001653034416622487,0.0214342242335146,0.001,0.21417693889398848,10.0,0.0,1.0,0.0,0
19407000000,1924,19407000000,,-1.0652709649542194,-1.0867036093104563,0.00015192565471876964,0.021432644356236707,0.001,0.21417451790719966,10.0,0.0,1.0,0.0,0
19417000000,1925,19417000000,,-1.0652709649542194,-1.086702165232385,0.0001382390591194324,0.021431200278165363,0.001,0.21417376372234287,10.0,0.0,1.0,0.0,0
19427000000,1926,19427000000,,-1.0652709649542194,-1.0867008580409472,0.00012459582016910485,0.021429893086727603,0.001,0.21417433504739236,10.0,0.0,1.0,0.0,0
19437000000,1927,19437000000,,-1.0652709649542194,-1.0866996857101574,0.00011127518125544434,0.021428720755937825,0.001,0.2141759323783088,10.0,0.0,1.0,0.0,0
19447000000,1928,19447000000,,-1.0652709649542194,-1.0866986437823103,9.849207895191565e-05,0.021427678828090713,0.001,0.21417829620241413,10.0,0.0,1.0,0.0,0
19457000000,1929,19457000000,,-1.0652709649542194,-1.0866977259648198,8.640549569921962e-05,0.02142676101060026,0.001,0.21418120461079937,10.0,0.0,1.0,0.0,0
19467000000,1930,19467000000,,-1.0652709649542194,-1.0866969246457225,7.512639505414649e-05,0.02142595969150296,0.001,0.21418447052014677,10.0,0.0,1.0,0.0,0
19477000000,1931,19477000000,,-1.0652709649542194,-1.0866962313326365,6.472513428083409e-05,0.021425266378416907,0.001,0.21418793865047192,10.0,0.0,1.0,0.0,0
19487000000,1932,19487000000,,-1.0652709649542194,-1.086695637020802,5.523828270059089e-05,0.021424672066582495,0.001,0.21419148238343233,10.0,0.0,1.0,0.0,0
19497000000,1933,19497000000,,-1.0652709649542194,-1.0866951324964278,4.6674805792359914e-05,0.021424167542208217,0.001,0.21419500061672814,10.0,0.0,1.0,0.0,0
19507000000,1934,19507000000,,-1.0652709649542194,-1.086694708581744,3.902159976218885e-05,0.021423743627524416,0.001,0.21419841467595901,10.0,0.0,1.0,0.0,0
19517000000,1935,19517000000,,-1.0652709649542194,-1.086694356328275,3.224838185711318e-05,0.021423391374055356,0.001,0.2142016653588108,10.0,0.0,1.0,0.0,0
19527000000,1936,19527000000,,-1.0652709649542194,-1.086694067164677,2.6311953792664074e-05,0.0214231022104574,0.001,0.21420471015106912,10.0,0.0,1.0,0.0,0
19537000000,1937,19537000000,,-1.0652709649542194,-1.0866938330052287,2.1159871741795207e-05,0.021422868051009125,0.001,0.21420752063801451,10.0,0.0,1.0,0.0,0
19547000000,1938,19547000000,,-1.0652709649542194,-1.0866936463247328,1.673355862968341e-05,0.021422681370513175,0.001,0.21421008014659293,10.0,0.0,1.0,0.0,0
19557000000,1939,19557000000,,-1.0652709649542194,-1.0866935002051301,1.2970905635888403e-05,0.021422535250910535,0.001,0.21421238160386658,10.0,0.0,1.0,0.0,0
19567000000,1940,19567000000,,-1.0652709649542194,-1.0866933883587189,9.808407127065865e-06,0.02142242340449929,0.001,0.2142144256375733,10.0,0.0,1.0,0.0,0
19577000000,1941,19577000000,,-1.0652709649542194,-1.0866933051323358,7.182879595341526e-06,0.021422340178116173,0.001,0.2142162189010932,10.0,0.0,1.0,0.0,0
19587000000,1942,19587000000,,-1.0652709649542194,-1.0866932454964369,5.032810960669646e-06,0.021422280542217287,0.001,0.21421777261156016,10.0,0.0,1.0,0.0,0
19597000000,1943,19597000000,,-1.0652709649542194,-1.086693205022483,3.299387383402228e-06,0.02142224006826332,0.001,0.21421910129520327,10.0,0.0,1.0,0.0,0
19607000000,1944,19607000000,,-1.0652709649542194,-1.0866931798516326,1.9272410523514736e-06,0.021422214897413028,0.001,0.21422022173354094,10.0,0.0,1.0,0.0,0
19617000000,1945,19617000000,,-1.0652709649542194,-1.0866931666572857,8.649629665019697e-07,0.02142220170306608,0.001,0.21422115206744863,10.0,0.0,1.0,0.0,0
19627000000,1946,19627000000,,-1.0652709649542194,-1.086693162603627,6.541509333816335e-08,0.021422197649407337,0.001,0.21422191107884458,10.0,0.0,1.0,0.0,0
19637000000,1947,19637000000,,-1.0652709649542194,-1.0866931653019698,-5.141198687231074e-07,0.02142220034775022,0.001,0.21422251759780409,10.0,0.0,1.0,0.0,0
19647000000,1948,19647000000,,-1.0652709649542194,-1.086693172766367,-9.119221979178169e-07,0.02142220781214732,0.001,0.21422299004267842,10.0,0.0,1.0,0.0,0
19657000000,1949,19657000000,,-1.0652709649542194,-1.086693183369638,-1.1619224625189254e-06,0.02142221841541847,0.001,0.21422334607629878,10.0,0.0,1.0,0.0,0
19667000000,1950,19667000000,,-1.0652709649542194,-1.086693195800752,-1.2938708013488269e-06,0.021422230846532386,0.001,0.21422360233522397,10.0,0.0,1.0,0.0,0
19677000000,1951,19677000000,,-1.0652709649542194,-1.0866932090242294,-1.3335644919081223e-06,0.02142224407000981,0.001,0.21422377426446815,10.0,0.0,1.0,0.0,0
19687000000,1952,19687000000,,-1.0652709649542194,-1.0866932222420704,-1.3031180390631255e-06,0.021422257287850854,0.001,0.21422387599612236,10.0,0.0,1.0,0.0,0
19697000000,1953,19697000000,,-1.0652709649542194,-1.0866932348585454,-1.2212590025493453e-06,0.02142226990432583,0.001,0.21422392030279624,10.0,0.0,1.0,0.0,0
19707000000,1954,19707000000,,-1.0652709649542194,-1.0866932464480126,-1.1036382436424281e-06,0.021422281493792994,0.001,0.21422391857599976,10.0,0.0,1.0,0.0,0
19717000000,1955,19717000000,,-1.0652709649542194,-1.086693256725896,-9.631445356444712e-07,0.021422291771676427,0.001,0.2142238808609953,10.0,0.0,1.0,0.0,0
19727000000,1956,19727000000,,-1.0652709649542194,-1.086693265522765,-8.102143803838872e-07,0.021422300568545438,0.001,0.2142238158995724,10.0,0.0,1.0,0.0,0
19737000000,1957,19737000000,,-1.0652709649542194,-1.0866932727614689,-6.531312923605439e-07,0.021422307807249297,0.001,0.21422373120337568,10.0,0.0,1.0,0.0,0
19747000000,1958,19747000000,,-1.0652709649542194,-1.0866932784371937,-4.98310755676294e-07,0.021422313482974076,0.001,0.21422363314046677,10.0,0.0,1.0,0.0,0
19757000000,1959,19757000000,,-1.0652709649542194,-1.086693282600251,-3.5056542434854847e-07,0.02142231764603153,0.001,0.21422352702433756,10.0,0.0,1.0,0.0,0
19767000000,1960,19767000000,,-1.0652709649542194,-1.0866932853414273,-2.1335136800637136e-07,0.021422320387207705,0.001,0.21422341722496796,10.0,0.0,1.0,0.0,0
19777000000,1961,19777000000,,-1.0652709649542194,-1.0866932867796546,-8.899129292038879e-08,0.02142232182543502,0.001,0.21422330724627514,10.0,0.0,1.0,0.0,0
19787000000,1962,19787000000,,-1.0652709649542194,-1.086693287051812,2.1125108654959197e-08,0.021422322097592428,0.001,0.21422319985060057,10.0,0.0,1.0,0.0,0
19797000000,1963,19797000000,,-1.0652709649542194,-1.0866932863043903,1.1636109379447138e-07,0.021422321350170748,0.001,0.21422309713967636,10.0,0.0,1.0,0.0,0
19807000000,1964,19807000000,,-1.0652709649542194,-1.0866932846868504,1.9667624059596484e-07,0.021422319732630868,0.001,0.21422300065074396,10.0,0.0,1.0,0.0,0
19817000000,1965,19817000000,,-1.0652709649542194,-1.0866932823464204,2.624895907725428e-07,0.021422317392200796,0.001,0.21422291143242234,10.0,0.0,1.0,0.0,0
19827000000,1966,19827000000,,-1.0652709649542194,-1.086693279424173,3.1456204436196e-07,0.021422314469953463,0.001,0.21422283013693644,10.0,0.0,1.0,0.0,0
19837000000,1967,19837000000,,-1.0652709649542194,-1.0866932760521628,3.5389706206868653e-07,0.021422311097943236,0.001,0.21422275708296468,10.0,0.0,1.0,0.0,0
19847000000,1968,19847000000,,-1.0652709649542194,-1.0866932723514697,3.8165725804831587e-07,0.02142230739725015,0.001,0.21422269231512914,10.0,0.0,1.0,0.0,0
19857000000,1969,19857000000,,-1.0652709649542194,-1.0866932684310013,3.990954636631474e-07,0.021422303476781757,0.001,0.2142226356719501,10.0,0.0,1.0,0.0,0
19867000000,1970,19867000000,,-1.0652709649542194,-1.0866932643868994,4.075004097161374e-07,0.021422299432679814,0.001,0.2142225868260983,10.0,0.0,1.0,0.0,0
19877000000,1971,19877000000,,-1.0652709649542194,-1.0866932603024342,4.081519617292845e-07,0.021422295348214604,0.001,0.21422254532952323,10.0,0.0,1.0,0.0,0
19887000000,1972,19887000000,,-1.0652709649542194,-1.0866932562482852,4.0228796258767967e-07,0.021422291294065587,0.001,0.21422251065267517,10.0,0.0,1.0,0.0,0
19897000000,1973,19897000000,,-1.0652709649542194,-1.0866932522831068,3.9107906478696087e-07,0.02142228732888718,0.001,0.21422248221059093,10.0,0.0,1.0,0.0,0
19907000000,1974,19907000000,,-1.0652709649542194,-1.0866932484543002,3.7561076801716914e-07,0.021422283500080574,0.001,0.21422245939104023,10.0,0.0,1.0,0.0,0
19917000000,1975,19917000000,,-1.0652709649542194,-1.0866932447989335,3.5687279220143344e-07,0.0214222798447139,0.001,0.21422244157349724,10.0,0.0,1.0,0.0,0
19927000000,1976,19927000000,,-1.0652709649542194,-1.0866932413447454,3.3575153889149105e-07,0.021422276390525852,0.001,0.21422242815338777,10.0,0.0,1.0,0.0,0
19937000000,1977,19937000000,,-1.0652709649542194,-1.08669323811118,3.1302868494170236e-07,0.021422273156960436,0.001,0.2142224185408903,10.0,0.0,1.0,0.0,0
19947000000,1978,19947000000,,-1.0652709649542194,-1.08669323511044,2.8938206892378715e-07,0.021422270156220335,0.001,0.21422241217946336,10.0,0.0,1.0,0.0,0
19957000000,1979,19957000000,,-1.0652709649542194,-1.0866932323485088,2.653890786125343e-07,0.021422267394289207,0.001,0.2142224085534039,10.0,0.0,1.0,0.0,0
19967000000,1980,19967000000,,-1.0652709649542194,-1.0866932298261194,2.4153202900378255e-07,0.0214222648718998,0.001,0.21422240718775853,10.0,0.0,1.0,0.0,0
19977000000,1981,19977000000,,-1.0652709649542194,-1.0866932275396763,2.1820478448809553e-07,0.021422262585456764,0.001,0.21422240764955802,10.0,0.0,1.0,0.0,0
19987000000,1982,19987000000,,-1.0652709649542194,-1.0866932254820956,1.957208958661489e-07,0.02142226052787599,0.001,0.214222409557987,10.0,0.0,1.0,0.0,0
19997000000,1983,19997000000,,-1.0652709649542194,-1.0866932236435618,1.7432096515900994e-07,0.021422258689342222,0.001,0.21422241257242014,10.0,0.0,1.0,0.0,0
20007000000,1984,20007000000,,-1.0652709649542194,-1.0866932220122179,1.5418126141392628e-07,0.021422257057998273,0.001,0.21422241639842632,10.0,0.0,1.0,0.0,0
20017000000,1985,20017000000,,-1.0652709649542194,-1.086693220574758,1.3542177073391886e-07,0.021422255620538344,0.001,0.2142224207839316,10.0,0.0,1.0,0.0,0
20027000000,1986,20027000000,,-1.0652709649542194,-1.0866932193169472,1.1811425874173921e-07,0.0214222543627276,0.001,0.21422242551286885,10.0,0.0,1.0,0.0,0
20037000000,1987,20037000000,,-1.0652709649542194,-1.0866932182240667,1.0228966991387249e-07,0.021422253269847147,0.001,0.21422243040873923,10.0,0.0,1.0,0.0,0
20047000000,1988,20047000000,,-1.0652709649542194,-1.0866932172812787,8.794480019152537e-08,0.021422252327059077,0.001,0.2142224353258282,10.0,0.0,1.0,0.0,0
20057000000,1989,20057000000,,-1.0652709649542194,-1.0866932164739325,7.504945606767706e-08,0.021422251519712887,0.001,0.21422244014782876,10.0,0.0,1.0,0.0,0
20067000000,1990,20067000000,,-1.0652709649542194,-1.0866932157878049,6.35512104689452e-08,0.021422250833585288,0.001,0.2142224447849106,10.0,0.0,1.0,0.0,0
20077000000,1991,20077000000,,-1.0652709649542194,-1.0866932152092925,5.338122345362532e-08,0.02142225025507294,0.001,0.21422244916943,10.0,0.0,1.0,0.0,0
20087000000,1992,20087000000,,-1.0652709649542194,-1.0866932147255461,4.445897920787051e-08,0.021422249771326562,0.001,0.21422245325371847,10.0,0.0,1.0,0.0,0
20097000000,1993,20097000000,,-1.0652709649542194,-1.0866932143245744,3.669544626995703e-08,0.021422249370354862,0.001,0.21422245700756903,10.0,0.0,1.0,0.0,0
20107000000,1994,20107000000,,-1.0652709649542194,-1.0866932139953018,2.999690743061748e-08,0.021422249041082253,0.001,0.21422246041348458,10.0,0.0,1.0,0.0,0
20117000000,1995,20117000000,,-1.0652709649542194,-1.086693213727603,2.4267878058181284e-08,0.0214222487733835,0.001,0.21422246346613605,10.0,0.0,1.0,0.0,0
20127000000,1996,20127000000,,-1.0652709649542194,-1.0866932135123086,1.9412923664695138e-08,0.021422248558089052,0.001,0.2142224661679748,10.0,0.0,1.0,0.0,0
20137000000,1997,20137000000,,-1.0652709649542194,-1.086693213341193,1.5339015236362447e-08,0.021422248386973486,0.001,0.21422246853089355,10.0,0.0,1.0,0.0,0
20147000000,1998,20147000000,,-1.0652709649542194,-1.0866932132069422,1.1956402750635845e-08,0.021422248252722653,0.001,0.21422247057145682,10.0,0.0,1.0,0.0,0
20157000000,1999,20157000000,,-1.0652709649542194,-1.0866932131031115,9.18055832887191e-09,0.02142224814889193,0.001,0.214222472307819,10.0,0.0,1.0,0.0,0
20167000000,2000,20167000000,,-1.0652709649542194,-1.0866932130240778,6.931840854443595e-09,0.021422248069858263,0.001,0.21422247376635006,10.0,0.0,1.0,0.0,0
20177000000,2001,20177000000,,-1.0652709649542194,-1.0866932129649776,5.137068800249304e-09,0.021422248010757983,0.001,0.21422247497124403,10.0,0.0,1.0,0.0,0
20187000000,2002,20187000000,,-1.0652709649542194,-1.0866932129216442,3.729031830105153e-09,0.021422247967424646,0.001,0.21422247594567345,10.0,0.0,1.0,0.0,0
20197000000,2003,20197000000,,-1.0652709649542194,-1.08669321289055,2.647056944882698e-09,0.021422247936330407,0.001,0.2142224767156442,10.0,0.0,1.0,0.0,0
20207000000,2004,20207000000,,-1.0652709649542194,-1.0866932128687399,1.8366843103903385e-09,0.021422247914520298,0.001,0.21422247730845,10.0,0.0,1.0,0.0,0
20217000000,2005,20217000000,,-1.0652709649542194,-1.086693212853767,1.2497613182053507e-09,0.021422247899547386,0.001,0.21422247774491865,10.0,0.0,1.0,0.0,0
20227000000,2006,20227000000,,-1.0652709649542194,-1.0866932128436355,8.438016623351337e-10,0.021422247889415935,0.001,0.21422247805038985,10.0,0.0,1.0,0.0,0
20237000000,2007,20237000000,,-1.0652709649542194,-1.0866932128367424,5.819937701694032e-10,0.021422247882522782,0.001,0.21422247824347096,10.0,0.0,1.0,0.0,0
20247000000,2008,20247000000,,-1.0652709649542194,-1.0866932128318245,4.326055226376514e-10,0.02142224787760494,0.001,0.2142224783435065,10.0,0.0,1.0,0.0,0
20257000000,2009,20257000000,,-1.0652709649542194,-1.0866932128279103,3.6872515632889895e-10,0.021422247873690736,0.001,0.21422247836831332,10.0,0.0,1.0,0.0,0
20267000000,2010,20267000000,,-1.0652709649542194,-1.0866932128242723,3.675745185870628e-10,0.021422247870052757,0.001,0.2142224783328217,10.0,0.0,1.0,0.0,0
20277000000,2011,20277000000,,-1.0652709649542194,-1.08669321282039,4.104666437362742e-10,0.02142224786617053,0.001,0.21422247825136687,10.0,0.0,1.0,0.0,0
20287000000,2012,20287000000,,-1.0652709649542194,-1.0866932128159101,4.819931154328828e-10,0.021422247861690558,0.001,0.21422247813551287,10.0,0.0,1.0,0.0,0
20297000000,2013,20297000000,,-1.0652709649542194,-1.0866932128106157,5.698128906417736e-10,0.021422247856396126,0.001,0.21422247799375072,10.0,0.0,1.0,0.0,0
20307000000,2014,20307000000,,-1.0652709649542194,-1.0866932128044002,6.642308329493751e-10,0.021422247850180653,0.001,0.21422247783744908,10.0,0.0,1.0,0.0,0
20317000000,2015,20317000000,,-1.0652709649542194,-1.0866932127972388,7.579741448661332e-10,0.02142224784301927,0.001,0.21422247767168834,10.0,0.0,1.0,0.0,0
20327000000,2016,20327000000,,-1.0652709649542194,-1.0866932127891724,8.453143279248031e-10,0.021422247834952834,0.001,0.21422247750487067,10.0,0.0,1.0,0.0,0
20337000000,2017,20337000000,,-1.0652709649542194,-1.0866932127802844,9.225066209053224e-10,0.021422247826064833,0.001,0.21422247733783095,10.0,0.0,1.0,0.0,0
20347000000,2018,20347000000,,-1.0652709649542194,-1.086693212770692,9.872004008830174e-10,0.021422247816472506,0.001,0.21422247717707066,10.0,0.0,1.0,0.0,0
20357000000,2019,20357000000,,-1.0652709649542194,-1.0866932127605295,1.0377343020287413e-09,0.02142224780630997,0.001,0.2142224770248191,10.0,0.0,1.0,0.0,0
20367000000,2020,20367000000,,-1.0652709649542194,-1.0866932127499425,1.0735640881470414e-09,0.021422247795722882,0.001,0.21422247688253293,10.0,0.0,1.0,0.0,0
20377000000,2021,20377000000,,-1.0652709649542194,-1.0866932127390765,1.0951793660089336e-09,0.021422247784856907,0.001,0.2142224767525569,10.0,0.0,1.0,0.0,0
20387000000,2022,20387000000,,-1.0652709649542194,-1.0866932127280728,1.1028116664382588e-09,0.021422247773853265,0.001,0.21422247663630323,10.0,0.0,1.0,0.0,0
20397000000,2023,20397000000,,-1.0652709649542194,-1.0866932127170639,1.0975286714660572e-09,0.021422247762844293,0.001,0.2142224765306544,10.0,0.0,1.0,0.0,0
20407000000,2024,20407000000,,-1.0652709649542194,-1.0866932127061721,1.0808970045271758e-09,0.02142224775195256,0.001,0.21422247643861247,10.0,0.0,1.0,0.0,0
20417000000,2025,20417000000,,-1.0652709649542194,-1.0866932126955042,1.0539641433034791e-09,0.02142224774128465,0.001,0.21422247635857872,10.0,0.0,1.0,0.0,0
20427000000,2026,20427000000,,-1.0652709649542194,-1.0866932126851534,1.0185113681790261e-09,0.02142224773093382,0.001,0.21422247629148572,10.0,0.0,1.0,0.0,0
20437000000,2027,20437000000,,-1.0652709649542194,-1.086693212675197,9.759924852470491e-10,0.02142224772097734,0.001,0.2142224762336653,10.0,0.0,1.0,0.0,0
20447000000,2028,20447000000,,-1.0652709649542194,-1.0866932126656978,9.278434469286589e-10,0.02142224771147827,0.001,0.21422247618752444,10.0,0.0,1.0,0.0,0
20457000000,2029,20457000000,,-1.0652709649542194,-1.0866932126567042,8.754662448088645e-10,0.021422247702484576,0.001,0.21422247614910184,10.0,0.0,1.0,0.0,0
20467000000,2030,20467000000,,-1.0652709649542194,-1.0866932126482505,8.203320617453202e-10,0.021422247694030894,0.001,0.21422247611963208,10.0,0.0,1.0,0.0,0
20477000000,2031,20477000000,,-1.0652709649542194,-1.086693212640359,7.633442369533749e-10,0.02142224768613943,0.001,0.21422247609756084,10.0,0.0,1.0,0.0,0
20487000000,2032,20487000000,,-1.0652709649542194,-1.0866932126330422,7.058676680428152e-10,0.021422247678822615,0.001,0.2142224760821243,10.0,0.0,1.0,0.0,0
20497000000,2033,20497000000,,-1.0652709649542194,-1.0866932126263,6.484349670836058e-10,0.021422247672080452,0.001,0.21422247607243428,10.0,0.0,1.0,0.0,0
20507000000,2034,20507000000,,-1.0652709649542194,-1.0866932126201263,5.922004097709475e-10,0.021422247665906724,0.001,0.21422247606665223,10.0,0.0,1.0,0.0,0
20517000000,2035,20517000000,,-1.0652709649542194,-1.0866932126145068,5.37547141773173e-10,0.02142224766028722,0.001,0.21422247606552425,10.0,0.0,1.0,0.0,0
20527000000,2036,20527000000,,-1.0652709649542194,-1.086693212609422,4.850753599230024e-10,0.021422247655202398,0.001,0.21422247606707856,10.0,0.0,1.0,0.0,0
20537000000,2037,20537000000,,-1.0652709649542194,-1.0866932126048479,4.3522433487945647e-10,0.02142224765062828,0.001,0.21422247607107536,10.0,0.0,1.0,0.0,0
20547000000,2038,20547000000,,-1.0652709649542194,-1.0866932126007551,3.882700957288508e-10,0.021422247646535553,0.001,0.21422247607633338,10.0,0.0,1.0,0.0,0
20557000000,2039,20557000000,,-1.0652709649542194,-1.0866932125971154,3.4445024181913526e-10,0.021422247642895798,0.001,0.21422247608434475,10.0,0.0,1.0,0.0,0
20567000000,2040,20567000000,,-1.0652709649542194,-1.0866932125938966,3.039185201533379e-10,0.02142224763967704,0.001,0.21422247609301337,10.0,0.0,1.0,0.0,0
20577000000,2041,20577000000,,-1.0652709649542194,-1.086693212591065,2.665488500356668e-10,0.021422247636845526,0.001,0.21422247610200174,10.0,0.0,1.0,0.0,0
20587000000,2042,20587000000,,-1.0652709649542194,-1.0866932125885898,2.3253155878218375e-10,0.021422247634370173,0.001,0.21422247611188716,10.0,0.0,1.0,0.0,0
20597000000,2043,20597000000,,-1.0652709649542194,-1.086693212586436,2.0170563087394722e-10,0.02142224763221634,0.001,0.2142224761205469,10.0,0.0,1.0,0.0,0
20607000000,2044,20607000000,,-1.0652709649542194,-1.0866932125845743,1.7398876228342773e-10,0.021422247630354718,0.001,0.2142224761294642,10.0,0.0,1.0,0.0,0
20617000000,2045,20617000000,,-1.0652709649542194,-1.0866932125829738,1.4919541077170428e-10,0.02142224762875422,0.001,0.21422247613832823,10.0,0.0,1.0,0.0,0
20627000000,2046,20627000000,,-1.0652709649542194,-1.086693212581606,1.2715807744106627e-10,0.021422247627386426,0.001,0.21422247614685475,10.0,0.0,1.0,0.0,0
20637000000,2047,20637000000,,-1.0652709649542194,-1.0866932125804434,1.0767708140314537e-10,0.0214222476262238,0.001,0.21422247615476842,10.0,0.0,1.0,0.0,0
20647000000,2048,20647000000,,-1.0652709649542194,-1.086693212579462,9.072274387298844e-11,0.021422247625242363,0.001,0.21422247616182943,10.0,0.0,1.0,0.0,0
20657000000,2049,20657000000,,-1.0652709649542194,-1.0866932125786377,7.598340940833789e-11,0.021422247624418134,0.001,0.214222476167798,10.0,0.0,1.0,0.0,0
20667000000,2050,20667000000,,-1.0652709649542194,-1.0866932125779494,6.320985036800388e-11,0.021422247623729795,0.001,0.2142224761742373,10.0,0.0,1.0,0.0,0
20677000000,2051,20677000000,,-1.0652709649542194,-1.0866932125773792,5.229710358801853e-11,0.021422247623159585,0.001,0.21422247617919332,10.0,0.0,1.0,0.0,0
20687000000,2052,20687000000,,-1.0652709649542194,-1.0866932125769084,4.302188609961874e-11,0.02142224762268885,0.001,0.21422247618336776,10.0,0.0,1.0,0.0,0
20697000000,2053,20697000000,,-1.0652709649542194,-1.086693212576522,3.52237819183326e-11,0.021422247622302493,0.001,0.2142224761874978,10.0,0.0,1.0,0.0,0
20707000000,2054,20707000000,,-1.0652709649542194,-1.0866932125762077,2.8607549829664722e-11,0.021422247621988078,0.001,0.21422247619145907,10.0,0.0,1.0,0.0,0
20717000000,2055,20717000000,,-1.0652709649542194,-1.086693212575951,2.3285169588717196e-11,0.021422247621731394,0.001,0.21422247619333312,10.0,0.0,1.0,0.0,0
20727000000,2056,20727000000,,-1.0652709649542194,-1.086693212575745,1.8783942854059523e-11,0.021422247621525337,0.001,0.21422247619660162,10.0,0.0,1.0,0.0,0
20737000000,2057,20737000000,,-1.0652709649542194,-1.086693212575577,1.5185268436245148e-11,0.02142224762135747,0.001,0.2142224761975875,10.0,0.0,1.0,0.0,0
20747000000,2058,20747000000,,-1.0652709649542194,-1.086693212575442,1.2225596753165259e-11,0.021422247621222468,0.001,0.21422247619979018,10.0,0.0,1.0,0.0,0
20757000000,2059,20757000000,,-1.0652709649542194,-1.086693212575332,9.9690204810136e-12,0.021422247621112334,0.001,0.2142224762004652,10.0,0.0,1.0,0.0,0
20767000000,2060,20767000000,,-1.0652709649542194,-1.086693212575243,8.18004239570263e-12,0.021422247621023516,0.001,0.21422247620312973,10.0,0.0,1.0,0.0,0
20777000000,2061,20777000000,,-1.0652709649542194,-1.0866932125751685,6.829296465401874e-12,0.02142224762094891,0.001,0.21422247620238366,10.0,0.0,1.0,0.0,0
20787000000,2062,20787000000,,-1.0652709649542194,-1.0866932125751063,5.7491221423384634e-12,0.021422247620886736,0.001,0.2142224762035383,10.0,0.0,1.0,0.0,0
20797000000,2063,20797000000,,-1.0652709649542194,-1.086693212575053,4.986142291954469e-12,0.021422247620833446,0.001,0.21422247620389356,10.0,0.0,1.0,0.0,0
20807000000,2064,20807000000,,-1.0652709649542194,-1.086693212575005,4.381189793623441e-12,0.021422247620785484,0.001,0.21422247620341395,10.0,0.0,1.0,0.0,0
20817000000,2065,20817000000,,-1.0652709649542194,-1.0866932125749633,4.131349782381974e-12,0.02142224762074374,0.001,0.21422247620388468,10.0,0.0,1.0,0.0,0
20827000000,2066,20827000000,,-1.0652709649542194,-1.0866932125749234,3.898544839690032e-12,0.02142224762070377,0.001,0.21422247620259682,10.0,0.0,1.0,0.0,0
20837000000,2067,20837000000,,-1.0652709649542194,-1.086693212574886,3.736421159274617e-12,0.021422247620666468,0.001,0.2142224762022238,10.0,0.0,1.0,0.0,0
20847000000,2068,20847000000,,-1.0652709649542194,-1.0866932125748496,3.585179591875845e-12,0.021422247620630053,0.001,0.2142224762027478,10.0,0.0,1.0,0.0,0
20857000000,2069,20857000000,,-1.0652709649542194,-1.086693212574815,3.466182745361297e-12,0.021422247620595414,0.001,0.21422247620240142,10.0,0.0,1.0,0.0,0
20867000000,2070,20867000000,,-1.0652709649542194,-1.0866932125747804,3.488719049665598e-12,0.021422247620560775,0.001,0.2142224762029432,10.0,0.0,1.0,0.0,0
20877000000,2071,20877000000,,-1.0652709649542194,-1.0866932125747457,3.3727756374477434e-12,0.021422247620526136,0.001,0.21422247620170864,10.0,0.0,1.0,0.0,0
20887000000,2072,20887000000,,-1.0652709649542194,-1.086693212574712,3.421265890927764e-12,0.021422247620492385,0.001,0.21422247620225932,10.0,0.0,1.0,0.0,0
20897000000,2073,20897000000,,-1.0652709649542194,-1.0866932125746773,3.429856602431735e-12,0.021422247620457746,0.001,0.21422247620102475,10.0,0.0,1.0,0.0,0
20907000000,2074,20907000000,,-1.0652709649542194,-1.0866932125746436,3.3763967515456417e-12,0.021422247620423995,0.001,0.21422247620157542,10.0,0.0,1.0,0.0,0
20917000000,2075,20917000000,,-1.0652709649542194,-1.0866932125746098,3.256261409012775e-12,0.021422247620390245,0.001,0.21422247620034973,10.0,0.0,1.0,0.0,0
20927000000,2076,20927000000,,-1.0652709649542194,-1.0866932125745778,3.162584011788598e-12,0.02142224762035827,0.001,0.21422247620091817,10.0,0.0,1.0,0.0,0
20937000000,2077,20937000000,,-1.0652709649542194,-1.0866932125745459,3.159635771007594e-12,0.021422247620326296,0.001,0.21422247620059842,10.0,0.0,1.0,0.0,0
20947000000,2078,20947000000,,-1.0652709649542194,-1.0866932125745148,3.0612100090195294e-12,0.02142224762029521,0.001,0.21422247619939938,10.0,0.0,1.0,0.0,0
20957000000,2079,20957000000,,-1.0652709649542194,-1.0866932125744855,2.944117151950285e-12,0.0214222476202659,0.001,0.21422247619999446,10.0,0.0,1.0,0.0,0
20967000000,2080,20967000000,,-1.0652709649542194,-1.0866932125744562,2.755315991871235e-12,0.02142224762023659,0.001,0.21422247619881318,10.0,0.0,1.0,0.0,0
20977000000,2081,20977000000,,-1.0652709649542194,-1.0866932125744295,2.6807117440630246e-12,0.021422247620209944,0.001,0.2142224761994349,10.0,0.0,1.0,0.0,0
20987000000,2082,20987000000,,-1.0652709649542194,-1.0866932125744038,2.5090397896672975e-12,0.021422247620184187,0.001,0.21422247619917734,10.0,0.0,1.0,0.0,0
20997000000,2083,20997000000,,-1.0652709649542194,-1.0866932125743798,2.4114770088466224e-12,0.021422247620160206,0.001,0.2142224761998257,10.0,0.0,1.0,0.0,0
21007000000,2084,21007000000,,-1.0652709649542194,-1.0866932125743567,2.1492001048913587e-12,0.021422247620137114,0.001,0.2142224761987066,10.0,0.0,1.0,0.0,0
21017000000,2085,21017000000,,-1.0652709649542194,-1.0866932125743354,1.9509319551121494e-12,0.021422247620115797,0.001,0.21422247619849344,10.0,0.0,1.0,0.0,0
21027000000,2086,21027000000,,-1.0652709649542194,-1.0866932125743158,1.915379635817958e-12,0.021422247620096257,0.001,0.21422247619918622,10.0,0.0,1.0,0.0,0
21037000000,2087,21037000000,,-1.0652709649542194,-1.086693212574298,1.764592501448407e-12,0.021422247620078494,0.001,0.21422247619900858,10.0,0.0,1.0,0.0,0
21047000000,2088,21047000000,,-1.0652709649542194,-1.0866932125742812,1.5662118003401484e-12,0.02142224762006162,0.001,0.21422247619883983,10.0,0.0,1.0,0.0,0
21057000000,2089,21057000000,,-1.0652709649542194,-1.086693212574266,1.489001693504017e-12,0.02142224762004652,0.001,0.21422247619868884,10.0,0.0,1.0,0.0,0
21067000000,2090,21067000000,,-1.0652709649542194,-1.0866932125742519,1.3619671473021834e-12,0.02142224762003231,0.001,0.21422247619854673,10.0,0.0,1.0,0.0,0
21077000000,2091,21077000000,,-1.0652709649542194,-1.0866932125742395,1.214153729401915e-12,0.021422247620019874,0.001,0.21422247619842238,10.0,0.0,1.0,0.0,0
21087000000,2092,21087000000,,-1.0652709649542194,-1.0866932125742288,1.093242381825403e-12,0.021422247620009216,0.001,0.21422247619920398,10.0,0.0,1.0,0.0,0
21097000000,2093,21097000000,,-1.0652709649542194,-1.0866932125742181,9.727179607472594e-13,0.021422247619998558,0.001,0.2142224761990974,10.0,0.0,1.0,0.0,0
21107000000,2094,21107000000,,-1.0652709649542194,-1.0866932125742093,8.22469809404504e-13,0.021422247619989676,0.001,0.21422247619900858,10.0,0.0,1.0,0.0,0
21117000000,2095,21117000000,,-1.0652709649542194,-1.0866932125742013,7.751266345328612e-13,0.021422247619981682,0.001,0.21422247619892865,10.0,0.0,1.0,0.0,0
21127000000,2096,21127000000,,-1.0652709649542194,-1.0866932125741942,6.567078117327529e-13,0.021422247619974577,0.001,0.2142224761988576,10.0,0.0,1.0,0.0,0
21137000000,2097,21137000000,,-1.0652709649542194,-1.086693212574188,5.309547041437649e-13,0.02142224761996836,0.001,0.21422247619879542,10.0,0.0,1.0,0.0,0
21147000000,2098,21147000000,,-1.0652709649542194,-1.0866932125741826,5.135111124782265e-13,0.02142224761996303,0.001,0.21422247619874213,10.0,0.0,1.0,0.0,0
21157000000,2099,21157000000,,-1.0652709649542194,-1.0866932125741782,4.303741843735231e-13,0.02142224761995859,0.001,0.21422247619869772,10.0,0.0,1.0,0.0,0
21167000000,2100,21167000000,,-1.0652709649542194,-1.0866932125741737,4.3832093743311013e-13,0.02142224761995415,0.001,0.2142224761986533,10.0,0.0,1.0,0.0,0
21177000000,2101,21177000000,,-1.0652709649542194,-1.0866932125741702,2.8099625808486186e-13,0.021422247619950596,0.001,0.21422247619861778,10.0,0.0,1.0,0.0,0
21187000000,2102,21187000000,,-1.0652709649542194,-1.0866932125741675,2.4970025327391895e-13,0.02142224761994793,0.001,0.21422247619859114,10.0,0.0,1.0,0.0,0
21197000000,2103,21197000000,,-1.0652709649542194,-1.0866932125741648,2.5061998736191884e-13,0.021422247619945267,0.001,0.2142224761985645,10.0,0.0,1.0,0.0,0
21207000000,2104,21207000000,,-1.0652709649542194,-1.086693212574163,2.0664477578242223e-13,0.02142224761994349,0.001,0.2142224761994349,10.0,0.0,1.0,0.0,0
21217000000,2105,21217000000,,-1.0652709649542194,-1.0866932125741613,2.2262660317237597e-13,0.021422247619941714,0.001,0.21422247619941714,10.0,0.0,1.0,0.0,0
21227000000,2106,21227000000,,-1.0652709649542194,-1.0866932125741595,1.1676898053879914e-13,0.021422247619939938,0.001,0.21422247619939938,10.0,0.0,1.0,0.0,0
21237000000,2107,21237000000,,-1.0652709649542194,-1.0866932125741577,9.600645553383239e-14,0.02142224761993816,0.001,0.21422247619938162,10.0,0.0,1.0,0.0,0
21247000000,2108,21247000000,,-1.0652709649542194,-1.0866932125741569,5.408391101303365e-14,0.021422247619937274,0.001,0.21422247619937274,10.0,0.0,1.0,0.0,0
21257000000,2109,21257000000,,-1.0652709649542194,-1.086693212574156,6.525273751357168e-14,0.021422247619936385,0.001,0.21422247619936385,10.0,0.0,1.0,0.0,0
21267000000,2110,21267000000,,-1.0652709649542194,-1.086693212574155,8.658021701945182e-14,0.021422247619935497,0.001,0.21422247619935497,10.0,0.0,1.0,0.0,0
21277000000,2111,21277000000,,-1.0652709649542194,-1.0866932125741542,2.7010698503384614e-14,0.02142224761993461,0.001,0.2142224761993461,10.0,0.0,1.0,0.0,0
21287000000,2112,21287000000,,-1.0652709649542194,-1.0866932125741542,-9.111394756969518e-15,0.02142224761993461,0.001,0.2142224761993461,10.0,0.0,1.0,0.0,0
21297000000,2113,21297000000,,-1.0652709649542194,-1.0866932125741542,8.567977634810465e-14,0.02142224761993461,0.001,0.2142224761993461,10.0,0.0,1.0,0.0,0
21307000000,2114,21307000000,,-1.0652709649542194,-1.0866932125741533,5.6681622317521995e-14,0.02142224761993372,0.001,0.2142224761993372,10.0,0.0,1.0,0.0,0
21317000000,2115,21317000000,,-1.0652709649542194,-1.0866932125741524,2.743778268967041e-14,0.021422247619932833,0.001,0.21422247619932833,10.0,0.0,1.0,0.0,0
21327000000,2116,21327000000,,-1.0652709649542194,-1.0866932125741524,1.0621785705254533e-14,0.021422247619932833,0.001,0.21422247619932833,10.0,0.0,1.0,0.0,0
21337000000,2117,21337000000,,-1.0652709649542194,-1.0866932125741524,1.3344350994101416e-14,0.021422247619932833,0.001,0.21422247619932833,10.0,0.0,1.0,0.0,0
21347000000,2118,21347000000,,-1.0652709649542194,-1.0866932125741524,-2.327093228875795e-14,0.021422247619932833,0.001,0.21422247619932833,10.0,0.0,1.0,0.0,0
21357000000,2119,21357000000,,-1.0652709649542194,-1.0866932125741524,3.5026698460755194e-14,0.021422247619932833,0.001,0.21422247619932833,10.0,0.0,1.0,0.0,0
21367000000,2120,21367000000,,-1.0652709649542194,-1.0866932125741515,6.096446699390369e-14,0.021422247619931944,0.001,0.21422247619931944,10.0,0.0,1.0,0.0,0
21377000000,2121,21377000000,,-1.0652709649542194,-1.0866932125741515,6.339155739551032e-14,0.021422247619931944,0.001,0.21422247619931944,10.0,0.0,1.0,0.0,0
21387000000,2122,21387000000,,-1.0652709649542194,-1.0866932125741515,-1.028381871201428e-15,0.021422247619931944,0.001,0.21422247619931944,10.0,0.0,1.0,0.0,0
21397000000,2123,21397000000,,-1.0652709649542194,-1.0866932125741515,-3.2549746589281765e-14,0.021422247619931944,0.001,0.21422247619931944,10.0,0.0,1.0,0.0,0
21407000000,2124,21407000000,,-1.0652709649542194,-1.0866932125741515,2.3608356831067897e-15,0.021422247619931944,0.001,0.21422247619931944,10.0,0.0,1.0,0.0,0
21417000000,2125,21417000000,,-1.0652709649542194,-1.0866932125741515,2.7755570042688364e-14,0.021422247619931944,0.001,0.21422247619931944,10.0,0.0,1.0,0.0,0
21427000000,2126,21427000000,,-1.0652709649542194,-1.0866932125741515,-4.509059557176758e-15,0.021422247619931944,0.001,0.21422247619931944,10.0,0.0,1.0,0.0,0
21437000000,2127,21437000000,,-1.0652709649542194,-1.0866932125741515,-2.5565222245916426e-15,0.021422247619931944,0.001,0.21422247619931944,10.0,0.0,1.0,0.0,0
21447000000,2128,21447000000,,-1.0652709649542194,-1.0866932125741515,2.5850111448887437e-14,0.021422247619931944,0.001,0.21422247619931944,10.0,0.0,1.0,0.0,0
21457000000,2129,21457000000,,-1.0652709649542194,-1.0866932125741506,3.086115006572898e-14,0.021422247619931056,0.001,0.21422247619931056,10.0,0.0,1.0,0.0,0
21467000000,2130,21467000000,,-1.0652709649542194,-1.0866932125741506,-3.1296256319573405e-14,0.021422247619931056,0.001,0.21422247619931056,10.0,0.0,1.0,0.0,0
21477000000,2131,21477000000,,-1.0652709649542194,-1.0866932125741506,1.3905982729927011e-14,0.021422247619931056,0.001,0.21422247619931056,10.0,0.0,1.0,0.0,0
21487000000,2132,21487000000,,-1.0652709649542194,-1.0866932125741506,3.357558816871931e-14,0.021422247619931056,0.001,0.21422247619931056,10.0,0.0,1.0,0.0,0
21497000000,2133,21497000000,,-1.0652709649542194,-1.0866932125741506,-1.7727143657996186e-14,0.021422247619931056,0.001,0.21422247619931056,10.0,0.0,1.0,0.0,0
21507000000,2134,21507000000,,-1.0652709649542194,-1.0866932125741506,9.78691273878379e-15,0.021422247619931056,0.001,0.21422247619931056,10.0,0.0,1.0,0.0,0
21517000000,2135,21517000000,,-1.0652709649542194,-1.0866932125741506,-1.0419604739619174e-15,0.021422247619931056,0.001,0.21422247619931056,10.0,0.0,1.0,0.0,0
21527000000,2136,21527000000,,-1.0652709649542194,-1.0866932125741506,-3.445774545381004e-15,0.021422247619931056,0.001,0.21422247619931056,10.0,0.0,1.0,0.0,0
21537000000,2137,21537000000,,-1.0652709649542194,-1.0866932125741506,-9.705496095106707e-15,0.021422247619931056,0.001,0.21422247619931056,10.0,0.0,1.0,0.0,0
21547000000,2138,21547000000,,-1.0652709649542194,-1.0866932125741497,-4.360281498149306e-14,0.021422247619930168,0.001,0.21422247619930168,10.0,0.0,1.0,0.0,0
21557000000,2139,21557000000,,-1.0652709649542194,-1.0866932125741497,-3.714937065373274e-14,0.021422247619930168,0.001,0.21422247619930168,10.0,0.0,1.0,0.0,0
21567000000,2140,21567000000,,-1.0652709649542194,-1.0866932125741497,-3.0624244862037605e-14,0.021422247619930168,0.001,0.21422247619930168,10.0,0.0,1.0,0.0,0
21577000000,2141,21577000000,,-1.0652709649542194,-1.0866932125741497,-2.4196227125591627e-14,0.021422247619930168,0.001,0.21422247619930168,10.0,0.0,1.0,0.0,0
21587000000,2142,21587000000,,-1.0652709649542194,-1.0866932125741497,-1.019073404248953e-14,0.021422247619930168,0.001,0.21422247619930168,10.0,0.0,1.0,0.0,0
21597000000,2143,21597000000,,-1.0652709649542194,-1.0866932125741497,3.0750843279229114e-15,0.021422247619930168,0.001,0.21422247619930168,10.0,0.0,1.0,0.0,0
21607000000,2144,21607000000,,-1.0652709649542194,-1.0866932125741497,-5.0365897054257756e-14,0.021422247619930168,0.001,0.21422247619930168,10.0,0.0,1.0,0.0,0
21617000000,2145,21617000000,,-1.0652709649542194,-1.0866932125741497,-4.755949745474476e-14,0.021422247619930168,0.001,0.21422247619930168,10.0,0.0,1.0,0.0,0
21627000000,2146,21627000000,,-1.0652709649542194,-1.0866932125741497,-4.435196645409394e-14,0.021422247619930168,0.001,0.21422247619930168,10.0,0.0,1.0,0.0,0
21637000000,2147,21637000000,,-1.0652709649542194,-1.0866932125741497,-3.9384370798706616e-14,0.021422247619930168,0.001,0.21422247619930168,10.0,0.0,1.0,0.0,0
21647000000,2148,21647000000,,-1.0652709649542194,-1.0866932125741497,2.83099864087162e-14,0.021422247619930168,0.001,0.21422247619930168,10.0,0.0,1.0,0.0,0
21657000000,2149,21657000000,,-1.0652709649542194,-1.0866932125741497,1.1005064940658295e-14,0.021422247619930168,0.001,0.21422247619930168,10.0,0.0,1.0,0.0,0
21667000000,2150,21667000000,,-1.0652709649542194,-1.0866932125741497,1.3075861572765505e-14,0.021422247619930168,0.001,0.21422247619930168,10.0,0.0,1.0,0.0,0
21677000000,2151,21677000000,,-1.0652709649542194,-1.0866932125741497,1.5294601746190294e-14,0.021422247619930168,0.001,0.21422247619930168,10.0,0.0,1.0,0.0,0
21687000000,2152,21687000000,,-1.0652709649542194,-1.0866932125741497,1.7229260580921014e-14,0.021422247619930168,0.001,0.21422247619930168,10.0,0.0,1.0,0.0,0
21697000000,2153,21697000000,,-1.0652709649542194,-1.0866932125741497,2.6536263338135278e-14,0.021422247619930168,0.001,0.21422247619930168,10.0,0.0,1.0,0.0,0
21707000000,2154,21707000000,,-1.0652709649542194,-1.0866932125741497,2.876822734334167e-14,0.021422247619930168,0.001,0.21422247619930168,10.0,0.0,1.0,0.0,0
21717000000,2155,21717000000,,-1.0652709649542194,-1.0866932125741497,3.0524678317773376e-14,0.021422247619930168,0.001,0.21422247619930168,10.0,0.0,1.0,0.0,0
21727000000,2156,21727000000,,-1.0652709649542194,-1.0866932125741497,1.771242213568759e-14,0.021422247619930168,0.001,0.21422247619930168,10.0,0.0,1.0,0.0,0
21737000000,2157,21737000000,,-1.0652709649542194,-1.0866932125741497,3.096297020306485e-14,0.021422247619930168,0.001,0.21422247619930168,10.0,0.0,1.0,0.0,0
21747000000,2158,21747000000,,-1.0652709649542194,-1.0866932125741497,4.576617190513107e-14,0.021422247619930168,0.001,0.21422247619930168,10.0,0.0,1.0,0.0,0
21757000000,2159,21757000000,,-1.0652709649542194,-1.0866932125741497,2.2806872062908395e-14,0.021422247619930168,0.001,0.21422247619930168,10.0,0.0,1.0,0.0,0
21767000000,2160,21767000000,,-1.0652709649542194,-1.0866932125741497,2.1564503404924188e-14,0.021422247619930168,0.001,0.21422247619930168,10.0,0.0,1.0,0.0,0
21777000000,2161,21777000000,,-1.0652709649542194,-1.0866932125741497,2.040736682298395e-14,0.021422247619930168,0.001,0.21422247619930168,10.0,0.0,1.0,0.0,0
21787000000,2162,21787000000,,-1.0652709649542194,-1.0866932125741497,1.5328601462606465e-14,0.021422247619930168,0.001,0.21422247619930168,10.0,0.0,1.0,0.0,0
21797000000,2163,21797000000,,-1.0652709649542194,-1.0866932125741497,1.4279137442198824e-14,0.021422247619930168,0.001,0.21422247619930168,10.0,0.0,1.0,0.0,0
21807000000,2164,21807000000,,-1.0652709649542194,-1.0866932125741497,1.3157664426805412e-14,0.021422247619930168,0.001,0.21422247619930168,10.0,0.0,1.0,0.0,0
21817000000,2165,21817000000,,-1.0652709649542194,-1.0866932125741497,-1.1449605866085326e-15,0.021422247619930168,0.001,0.21422247619930168,10.0,0.0,1.0,0.0,0
21827000000,2166,21827000000,,-1.0652709649542194,-1.0866932125741497,-3.380609403956994e-16,0.021422247619930168,0.001,0.21422247619930168,10.0,0.0,1.0,0.0,0
21837000000,2167,21837000000,,-1.0652709649542194,-1.0866932125741497,1.7747859994075873e-14,0.021422247619930168,0.001,0.21422247619930168,10.0,0.0,1.0,0.0,0
21847000000,2168,21847000000,,-1.0652709649542194,-1.0866932125741497,2.3783130438539233e-14,0.021422247619930168,0.001,0.21422247619930168,10.0,0.0,1.0,0.0,0
21857000000,2169,21857000000,,-1.0652709649542194,-1.0866932125741497,2.5890942181898108e-14,0.021422247619930168,0.001,0.21422247619930168,10.0,0.0,1.0,0.0,0
21867000000,2170,21867000000,,-1.0652709649542194,-1.0866932125741497,5.163093085954845e-14,0.021422247619930168,0.001,0.21422247619930168,10.0,0.0,1.0,0.0,0
21877000000,2171,21877000000,,-1.0652709649542194,-1.0866932125741497,3.529580690632556e-14,0.021422247619930168,0.001,0.21422247619930168,10.0,0.0,1.0,0.0,0
21887000000,2172,21887000000,,-1.0652709649542194,-1.0866932125741497,2.5755818473583428e-14,0.021422247619930168,0.001,0.21422247619930168,10.0,0.0,1.0,0.0,0
21897000000,2173,21897000000,,-1.0652709649542194,-1.0866932125741497,2.4543477534165216e-14,0.021422247619930168,0.001,0.21422247619930168,10.0,0.0,1.0,0.0,0
21907000000,2174,21907000000,,-1.0652709649542194,-1.0866932125741497,2.3661809898008814e-14,0.021422247619930168,0.001,0.21422247619930168,10.0,0.0,1.0,0.0,0
21917000000,2175,21917000000,,-1.0652709649542194,-1.0866932125741497,1.8672078791302804e-14,0.021422247619930168,0.001,0.21422247619930168,10.0,0.0,1.0,0.0,0
21927000000,2176,21927000000,,-1.0652709649542194,-1.0866932125741497,1.737336340989324e-14,0.021422247619930168,0.001,0.21422247619930168,10.0,0.0,1.0,0.0,0
21937000000,2177,21937000000,,-1.0652709649542194,-1.0866932125741497,1.6330736900593856e-14,0.021422247619930168,0.001,0.21422247619930168,10.0,0.0,1.0,0.0,0
21947000000,2178,21947000000,,-1.0652709649542194,-1.0866932125741497,1.3044435713294099e-14,0.021422247619930168,0.001,0.21422247619930168,10.0,0.0,1.0,0.0,0
21957000000,2179,21957000000,,-1.0652709649542194,-1.0866932125741497,1.1873046083918509e-14,0.021422247619930168,0.001,0.21422247619930168,10.0,0.0,1.0,0.0,0
21967000000,2180,21967000000,,-1.0652709649542194,-1.0866932125741497,2.139970189424966e-15,0.021422247619930168,0.001,0.21422247619930168,10.0,0.0,1.0,0.0,0
21977000000,2181,21977000000,,-1.0652709649542194,-1.0866932125741497,3.33573152050065e-14,0.021422247619930168,0.001,0.21422247619930168,10.0,0.0,1.0,0.0,0
21987000000,2182,21987000000,,-1.0652709649542194,-1.0866932125741497,2.3739950346391002e-14,0.021422247619930168,0.001,0.21422247619930168,10.0,0.0,1.0,0.0,0
21997000000,2183,21997000000,,-1.0652709649542194,-1.0866932125741497,4.176448399774271e-14,0.021422247619930168,0.001,0.21422247619930168,10.0,0.0,1.0,0.0,0
22007000000,2184,22007000000,,-1.0652709649542194,-1.0866932125741497,6.478017395152202e-14,0.021422247619930168,0.001,0.21422247619930168,10.0,0.0,1.0,0.0,0
22017000000,2185,22017000000,,-1.0652709649542194,-1.0866932125741497,2.4420184947798155e-14,0.021422247619930168,0.001,0.21422247619930168,10.0,0.0,1.0,0.0,0
22027000000,2186,22027000000,,-1.0652709649542194,-1.0866932125741497,2.3308677352099358e-14,0.021422247619930168,0.001,0.21422247619930168,10.0,0.0,1.0,0.0,0
22037000000,2187,22037000000,,-1.0652709649542194,-1.0866932125741497,2.018566041402425e-14,0.021422247619930168,0.001,0.21422247619930168,10.0,0.0,1.0,0.0,0
22047000000,2188,22047000000,,-1.0652709649542194,-1.0866932125741497,1.9092636905178537e-14,0.021422247619930168,0.001,0.21422247619930168,10.0,0.0,1.0,0.0,0
22057000000,2189,22057000000,,-1.0652709649542194,-1.0866932125741497,1.854298013807867e-14,0.021422247619930168,0.001,0.21422247619930168,10.0,0.0,1.0,0.0,0
22067000000,2190,22067000000,,-1.0652709649542194,-1.0866932125741497,3.552215062956097e-15,0.021422247619930168,0.001,0.21422247619930168,10.0,0.0,1.0,0.0,0
22077000000,2191,22077000000,,-1.0652709649542194,-1.0866932125741497,1.0710233445929935e-14,0.021422247619930168,0.001,0.21422247619930168,10.0,0.0,1.0,0.0,0
22087000000,2192,22087000000,,-1.0652709649542194,-1.0866932125741497,-3.116905426460319e-14,0.021422247619930168,0.001,0.21422247619930168,10.0,0.0,1.0,0.0,0
22097000000,2193,22097000000,,-1.0652709649542194,-1.0866932125741497,-3.1639381373641894e-14,0.021422247619930168,0.001,0.21422247619930168,10.0,0.0,1.0,0.0,0
22107000000,2194,22107000000,,-1.0652709649542194,-1.0866932125741497,-3.232433924487034e-14,0.021422247619930168,0.001,0.21422247619930168,10.0,0.0,1.0,0.0,0
22117000000,2195,22117000000,,-1.0652709649542194,-1.0866932125741497,-6.2146597401469395e-15,0.021422247619930168,0.001,0.21422247619930168,10.0,0.0,1.0,0.0,0
22127000000,2196,22127000000,,-1.0652709649542194,-1.0866932125741497,-3.666538814062244e-15,0.021422247619930168,0.001,0.21422247619930168,10.0,0.0,1.0,0.0,0
22137000000,2197,22137000000,,-1.0652709649542194,-1.0866932125741497,-2.13002431241755e-14,0.021422247619930168,0.001,0.21422247619930168,10.0,0.0,1.0,0.0,0
22147000000,2198,22147000000,,-1.0652709649542194,-1.0866932125741497,-1.5013020124772898e-14,0.021422247619930168,0.001,0.21422247619930168,10.0,0.0,1.0,0.0,0
22157000000,2199,22157000000,,-1.0652709649542194,-1.0866932125741497,-2.85473967251438e-14,0.021422247619930168,0.001,0.21422247619930168,10.0,0.0,1.0,0.0,0
22167000000,2200,22167000000,,-1.0652709649542194,-1.0866932125741497,-2.9381865483818865e-14,0.021422247619930168,0.001,0.21422247619930168,10.0,0.0,1.0,0.0,0
22177000000,2201,22177000000,,-1.0652709649542194,-1.0866932125741497,-3.415831692865467e-14,0.021422247619930168,0.001,0.21422247619930168,10.0,0.0,1.0,0.0,0
22187000000,2202,22187000000,,-1.0652709649542194,-1.0866932125741497,-3.503429371689893e-14,0.021422247619930168,0.001,0.21422247619930168,10.0,0.0,1.0,0.0,0
22197000000,2203,22197000000,,-1.0652709649542194,-1.0866932125741497,-3.588647490272653e-14,0.021422247619930168,0.001,0.21422247619930168,10.0,0.0,1.0,0.0,0
22207000000,2204,22207000000,,-1.0652709649542194,-1.0866932125741497,-5.597627365415666e-14,0.021422247619930168,0.001,0.21422247619930168,10.0,0.0,1.0,0.0,0
22217000000,2205,22217000000,,-1.0652709649542194,-1.0866932125741497,-6.084933401658123e-14,0.021422247619930168,0.001,0.21422247619930168,10.0,0.0,1.0,0.0,0
22227000000,2206,22227000000,,-1.0652709649542194,-1.0866932125741497,-6.173816286914245e-14,0.021422247619930168,0.001,0.21422247619930168,10.0,0.0,1.0,0.0,0
22237000000,2207,22237000000,,-1.0652709649542194,-1.0866932125741497,-4.4274868995205295e-14,0.021422247619930168,0.001,0.21422247619930168,10.0,0.0,1.0,0.0,0
22247000000,2208,22247000000,,-1.0652709649542194,-1.0866932125741497,-6.44214401824372e-14,0.021422247619930168,0.001,0.21422247619930168,10.0,0.0,1.0,0.0,0
22257000000,2209,22257000000,,-1.0652709649542194,-1.0866932125741497,-6.966556535872998e-15,0.021422247619930168,0.001,0.21422247619930168,10.0,0.0,1.0,0.0,0
22267000000,2210,22267000000,,-1.0652709649542194,-1.0866932125741497,-4.408999253867576e-15,0.021422247619930168,0.001,0.21422247619930168,10.0,0.0,1.0,0.0,0
22277000000,2211,22277000000,,-1.0652709649542194,-1.0866932125741497,2.719415116492246e-15,0.021422247619930168,0.001,0.21422247619930168,10.0,0.0,1.0,0.0,0
22287000000,2212,22287000000,,-1.0652709649542194,-1.0866932125741497,5.614387019844654e-15,0.021422247619930168,0.001,0.21422247619930168,10.0,0.0,1.0,0.0,0
22297000000,2213,22297000000,,-1.0652709649542194,-1.0866932125741497,-4.6966931804974315e-14,0.021422247619930168,0.001,0.21422247619930168,10.0,0.0,1.0,0.0,0
22307000000,2214,22307000000,,-1.0652709649542194,-1.0866932125741497,-4.792970372749163e-14,0.021422247619930168,0.001,0.21422247619930168,10.0,0.0,1.0,0.0,0
22317000000,2215,22317000000,,-1.0652709649542194,-1.0866932125741497,-4.885263104920537e-14,0.021422247619930168,0.001,0.21422247619930168,10.0,0.0,1.0,0.0,0
22327000000,2216,22327000000,,-1.0652709649542194,-1.0866932125741497,-5.360837806900269e-14,0.021422247619930168,0.001,0.21422247619930168,10.0,0.0,1.0,0.0,0
22337000000,2217,22337000000,,-1.0652709649542194,-1.0866932125741497,-5.47028220843113e-14,0.021422247619930168,0.001,0.21422247619930168,10.0,0.0,1.0,0.0,0
22347000000,2218,22347000000,,-1.0652709649542194,-1.0866932125741497,-5.817034284491236e-14,0.021422247619930168,0.001,0.21422247619930168,10.0,0.0,1.0,0.0,0
22357000000,2219,22357000000,,-1.0652709649542194,-1.0866932125741497,-5.898365845312894e-14,0.021422247619930168,0.001,0.21422247619930168,10.0,0.0,1.0,0.0,0
22367000000,2220,22367000000,,-1.0652709649542194,-1.0866932125741497,-6.000538680835797e-14,0.021422247619930168,0.001,0.21422247619930168,10.0,0.0,1.0,0.0,0
22377000000,2221,22377000000,,-1.0652709649542194,-1.0866932125741497,-4.363072583780525e-14,0.021422247619930168,0.001,0.21422247619930168,10.0,0.0,1.0,0.0,0
22387000000,2222,22387000000,,-1.0652709649542194,-1.0866932125741497,2.5541370942518404e-14,0.021422247619930168,0.001,0.21422247619930168,10.0,0.0,1.0,0.0,0
22397000000,2223,22397000000,,-1.0652709649542194,-1.0866932125741497,1.524201121113518e-14,0.021422247619930168,0.001,0.21422247619930168,10.0,0.0,1.0,0.0,0
22407000000,2224,22407000000,,-1.0652709649542194,-1.0866932125741497,2.2529372710573373e-14,0.021422247619930168,0.001,0.21422247619930168,10.0,0.0,1.0,0.0,0
22417000000,2225,22417000000,,-1.0652709649542194,-1.0866932125741497,1.7004856413705676e-14,0.021422247619930168,0.001,0.21422247619930168,10.0,0.0,1.0,0.0,0
22427000000,2226,22427000000,,-1.0652709649542194,-1.0866932125741497,2.0106946418760466e-14,0.021422247619930168,0.001,0.21422247619930168,10.0,0.0,1.0,0.0,0
22437000000,2227,22437000000,,-1.0652709649542194,-1.0866932125741497,1.4685090437619062e-14,0.021422247619930168,0.001,0.21422247619930168,10.0,0.0,1.0,0.0,0
22447000000,2228,22447000000,,-1.0652709649542194,-1.0866932125741497,2.9719437591499044e-14,0.021422247619930168,0.001,0.21422247619930168,10.0,0.0,1.0,0.0,0
22457000000,2229,22457000000,,-1.0652709649542194,-1.0866932125741497,2.0804213377308343e-14,0.021422247619930168,0.001,0.21422247619930168,10.0,0.0,1.0,0.0,0
22467000000,2230,22467000000,,-1.0652709649542194,-1.0866932125741497,1.6206365819674136e-14,0.021422247619930168,0.001,0.21422247619930168,10.0,0.0,1.0,0.0,0
22477000000,2231,22477000000,,-1.0652709649542194,-1.0866932125741497,1.6246693939680084e-14,0.021422247619930168,0.001,0.21422247619930168,10.0,0.0,1.0,0.0,0
22487000000,2232,22487000000,,-1.0652709649542194,-1.0866932125741497,1.543748480022988e-14,0.021422247619930168,0.001,0.21422247619930168,10.0,0.0,1.0,0.0,0
22497000000,2233,22497000000,,-1.0652709649542194,-1.0866932125741497,1.0286226307534492e-14,0.021422247619930168,0.001,0.21422247619930168,10.0,0.0,1.0,0.0,0
22507000000,2234,22507000000,,-1.0652709649542194,-1.0866932125741497,9.742827830178269e-15,0.021422247619930168,0.001,0.21422247619930168,10.0,0.0,1.0,0.0,0
22517000000,2235,22517000000,,-1.0652709649542194,-1.0866932125741497,9.12872987939827e-15,0.021422247619930168,0.001,0.21422247619930168,10.0,0.0,1.0,0.0,0
22527000000,2236,22527000000,,-1.0652709649542194,-1.0866932125741497,4.616262651621815e-15,0.021422247619930168,0.001,0.21422247619930168,10.0,0.0,1.0,0.0,0
22537000000,2237,22537000000,,-1.0652709649542194,-1.0866932125741497,4.5710401978187256e-14,0.021422247619930168,0.001,0.21422247619930168,10.0,0.0,1.0,0.0,0
22547000000,2238,22547000000,,-1.0652709649542194,-1.0866932125741497,3.4028304042724496e-14,0.021422247619930168,0.001,0.21422247619930168,10.0,0.0,1.0,0.0,0
22557000000,2239,22557000000,,-1.0652709649542194,-1.0866932125741497,3.682510395745206e-14,0.021422247619930168,0.001,0.21422247619930168,10.0,0.0,1.0,0.0,0
22567000000,2240,22567000000,,-1.0652709649542194,-1.0866932125741497,-1.3727005920591808e-14,0.021422247619930168,0.001,0.21422247619930168,10.0,0.0,1.0,0.0,0
22577000000,2241,22577000000,,-1.0652709649542194,-1.0866932125741497,-1.9794779670485266e-15,0.021422247619930168,0.001,0.21422247619930168,10.0,0.0,1.0,0.0,0
22587000000,2242,22587000000,,-1.0652709649542194,-1.0866932125741497,-2.7326214668521716e-15,0.021422247619930168,0.001,0.21422247619930168,10.0,0.0,1.0,0.0,0
22597000000,2243,22597000000,,-1.0652709649542194,-1.0866932125741497,-3.318501661542037e-15,0.021422247619930168,0.001,0.21422247619930168,10.0,0.0,1.0,0.0,0
22607000000,2244,22607000000,,-1.0652709649542194,-1.0866932125741497,-4.1428807373638515e-15,0.021422247619930168,0.001,0.21422247619930168,10.0,0.0,1.0,0.0,0
22617000000,2245,22617000000,,-1.0652709649542194,-1.0866932125741497,-4.9118894706671116e-15,0.021422247619930168,0.001,0.21422247619930168,10.0,0.0,1.0,0.0,0
22627000000,2246,22627000000,,-1.0652709649542194,-1.0866932125741497,-5.649663313622376e-15,0.021422247619930168,0.001,0.21422247619930168,10.0,0.0,1.0,0.0,0
22637000000,2247,22637000000,,-1.0652709649542194,-1.0866932125741497,-6.430419220547237e-15,0.021422247619930168,0.001,0.21422247619930168,10.0,0.0,1.0,0.0,0
22647000000,2248,22647000000,,-1.0652709649542194,-1.0866932125741497,-7.058623429007446e-15,0.021422247619930168,0.001,0.21422247619930168,10.0,0.0,1.0,0.0,0
22657000000,2249,22657000000,,-1.0652709649542194,-1.0866932125741497,2.997350070858225e-14,0.021422247619930168,0.001,0.21422247619930168,10.0,0.0,1.0,0.0,0
22667000000,2250,22667000000,,-1.0652709649542194,-1.0866932125741497,3.953814363162249e-14,0.021422247619930168,0.001,0.21422247619930168,10.0,0.0,1.0,0.0,0
22677000000,2251,22677000000,,-1.0652709649542194,-1.0866932125741497,4.7363685598900623e-14,0.021422247619930168,0.001,0.21422247619930168,10.0,0.0,1.0,0.0,0
22687000000,2252,22687000000,,-1.0652709649542194,-1.0866932125741497,5.400993869282055e-14,0.021422247619930168,0.001,0.21422247619930168,10.0,0.0,1.0,0.0,0
22697000000,2253,22697000000,,-1.0652709649542194,-1.0866932125741497,3.818089080343306e-15,0.021422247619930168,0.001,0.21422247619930168,10.0,0.0,1.0,0.0,0
22707000000,2254,22707000000,,-1.0652709649542194,-1.0866932125741497,2.9497191810569216e-15,0.021422247619930168,0.001,0.21422247619930168,10.0,0.0,1.0,0.0,0
22717000000,2255,22717000000,,-1.0652709649542194,-1.0866932125741497,-1.8559714709068577e-15,0.021422247619930168,0.001,0.21422247619930168,10.0,0.0,1.0,0.0,0
22727000000,2256,22727000000,,-1.0652709649542194,-1.0866932125741497,-2.7468594939213518e-15,0.021422247619930168,0.001,0.21422247619930168,10.0,0.0,1.0,0.0,0
22737000000,2257,22737000000,,-1.0652709649542194,-1.0866932125741497,-3.4888997331030447e-15,0.021422247619930168,0.001,0.21422247619930168,10.0,0.0,1.0,0.0,0
22747000000,2258,22747000000,,-1.0652709649542194,-1.0866932125741497,-8.19049231040795e-15,0.021422247619930168,0.001,0.21422247619930168,10.0,0.0,1.0,0.0,0
22757000000,2259,22757000000,,-1.0652709649542194,-1.0866932125741497,-8.988562330478725e-15,0.021422247619930168,0.001,0.21422247619930168,10.0,0.0,1.0,0.0,0
22767000000,2260,22767000000,,-1.0652709649542194,-1.0866932125741497,-1.0438828260775832e-14,0.021422247619930168,0.001,0.21422247619930168,10.0,0.0,1.0,0.0,0
22777000000,2261,22777000000,,-1.0652709649542194,-1.0866932125741497,-3.4591715240005656e-15,0.021422247619930168,0.001,0.21422247619930168,10.0,0.0,1.0,0.0,0
22787000000,2262,22787000000,,-1.0652709649542194,-1.0866932125741497,-4.226700294688157e-15,0.021422247619930168,0.001,0.21422247619930168,10.0,0.0,1.0,0.0,0
22797000000,2263,22797000000,,-1.0652709649542194,-1.0866932125741497,4.514678990134353e-14,0.021422247619930168,0.001,0.21422247619930168,10.0,0.0,1.0,0.0,0
22807000000,2264,22807000000,,-1.0652709649542194,-1.0866932125741497,1.68211000522008e-14,0.021422247619930168,0.001,0.21422247619930168,10.0,0.0,1.0,0.0,0
22817000000,2265,22817000000,,-1.0652709649542194,-1.0866932125741497,3.563599476069042e-14,0.021422247619930168,0.001,0.21422247619930168,10.0,0.0,1.0,0.0,0
22827000000,2266,22827000000,,-1.0652709649542194,-1.0866932125741497,4.2235457949364687e-14,0.021422247619930168,0.001,0.21422247619930168,10.0,0.0,1.0,0.0,0
22837000000,2267,22837000000,,-1.0652709649542194,-1.0866932125741497,5.734764429999782e-14,0.021422247619930168,0.001,0.21422247619930168,10.0,0.0,1.0,0.0,0
22847000000,2268,22847000000,,-1.0652709649542194,-1.0866932125741497,2.847783115048437e-14,0.021422247619930168,0.001,0.21422247619930168,10.0,0.0,1.0,0.0,0
22857000000,2269,22857000000,,-1.0652709649542194,-1.0866932125741497,2.774942572530083e-14,0.021422247619930168,0.001,0.21422247619930168,10.0,0.0,1.0,0.0,0
22867000000,2270,22867000000,,-1.0652709649542194,-1.0866932125741497,2.7020627635691483e-14,0.021422247619930168,0.001,0.21422247619930168,10.0,0.0,1.0,0.0,0
22877000000,2271,22877000000,,-1.0652709649542194,-1.0866932125741497,2.6415998113220808e-14,0.021422247619930168,0.001,0.21422247619930168,10.0,0.0,1.0,0.0,0
22887000000,2272,22887000000,,-1.0652709649542194,-1.0866932125741497,2.5727648603285235e-14,0.021422247619930168,0.001,0.21422247619930168,10.0,0.0,1.0,0.0,0
22897000000,2273,22897000000,,-1.0652709649542194,-1.0866932125741497,2.1114117663905257e-14,0.021422247619930168,0.001,0.21422247619930168,10.0,0.0,1.0,0.0,0
22907000000,2274,22907000000,,-1.0652709649542194,-1.0866932125741497,2.12737684632425e-14,0.021422247619930168,0.001,0.21422247619930168,10.0,0.0,1.0,0.0,0
22917000000,2275,22917000000,,-1.0652709649542194,-1.0866932125741497,1.5744352440282437e-14,0.021422247619930168,0.001,0.21422247619930168,10.0,0.0,1.0,0.0,0
22927000000,2276,22927000000,,-1.0652709649542194,-1.0866932125741497,-2.0115819807040567e-15,0.021422247619930168,0.001,0.21422247619930168,10.0,0.0,1.0,0.0,0
22937000000,2277,22937000000,,-1.0652709649542194,-1.0866932125741497,-2.7128390398400777e-15,0.021422247619930168,0.001,0.21422247619930168,10.0,0.0,1.0,0.0,0
22947000000,2278,22947000000,,-1.0652709649542194,-1.0866932125741497,-2.25267959105999e-14,0.021422247619930168,0.001,0.21422247619930168,10.0,0.0,1.0,0.0,0
22957000000,2279,22957000000,,-1.0652709649542194,-1.0866932125741497,4.7528664588075346e-14,0.021422247619930168,0.001,0.21422247619930168,10.0,0.0,1.0,0.0,0
22967000000,2280,22967000000,,-1.0652709649542194,-1.0866932125741497,5.2761964730859674e-14,0.021422247619930168,0.001,0.21422247619930168,10.0,0.0,1.0,0.0,0
22977000000,2281,22977000000,,-1.0652709649542194,-1.0866932125741497,3.809928716904001e-14,0.021422247619930168,0.001,0.21422247619930168,10.0,0.0,1.0,0.0,0
22987000000,2282,22987000000,,-1.0652709649542194,-1.0866932125741497,3.6833070005724046e-14,0.021422247619930168,0.001,0.21422247619930168,10.0,0.0,1.0,0.0,0
22997000000,2283,22997000000,,-1.0652709649542194,-1.0866932125741497,1.068621575428431e-14,0.021422247619930168,0.001,0.21422247619930168,10.0,0.0,1.0,0.0,0
23007000000,2284,23007000000,,-1.0652709649542194,-1.0866932125741497,9.841851092809667e-15,0.021422247619930168,0.001,0.21422247619930168,10.0,0.0,1.0,0.0,0
23017000000,2285,23017000000,,-1.0652709649542194,-1.0866932125741497,9.180140458041662e-15,0.021422247619930168,0.001,0.21422247619930168,10.0,0.0,1.0,0.0,0
23027000000,2286,23027000000,,-1.0652709649542194,-1.0866932125741497,3.815110867563311e-15,0.021422247619930168,0.001,0.21422247619930168,10.0,0.0,1.0,0.0,0
23037000000,2287,23037000000,,-1.0652709649542194,-1.0866932125741497,3.016030137115318e-15,0.021422247619930168,0.001,0.21422247619930168,10.0,0.0,1.0,0.0,0
23047000000,2288,23047000000,,-1.0652709649542194,-1.0866932125741497,2.3812726982511613e-15,0.021422247619930168,0.001,0.21422247619930168,10.0,0.0,1.0,0.0,0
23057000000,2289,23057000000,,-1.0652709649542194,-1.0866932125741497,-7.962051279541478e-14,0.021422247619930168,0.001,0.21422247619930168,10.0,0.0,1.0,0.0,0
23067000000,2290,23067000000,,-1.0652709649542194,-1.0866932125741497,2.2373842623139473e-14,0.021422247619930168,0.001,0.21422247619930168,10.0,0.0,1.0,0.0,0
23077000000,2291,23077000000,,-1.0652709649542194,-1.0866932125741497,1.2220425356288564e-14,0.021422247619930168,0.001,0.21422247619930168,10.0,0.0,1.0,0.0,0
23087000000,2292,23087000000,,-1.0652709649542194,-1.0866932125741497,1.4765747361386936e-14,0.021422247619930168,0.001,0.21422247619930168,10.0,0.0,1.0,0.0,0
23097000000,2293,23097000000,,-1.0652709649542194,-1.0866932125741497,-3.261362369097006e-14,0.021422247619930168,0.001,0.21422247619930168,10.0,0.0,1.0,0.0,0
23107000000,2294,23107000000,,-1.0652709649542194,-1.0866932125741497,-4.463876008142749e-15,0.021422247619930168,0.001,0.21422247619930168,10.0,0.0,1.0,0.0,0
23117000000,2295,23117000000,,-1.0652709649542194,-1.0866932125741497,-5.211871719689881e-15,0.021422247619930168,0.001,0.21422247619930168,10.0,0.0,1.0,0.0,0
23127000000,2296,23127000000,,-1.0652709649542194,-1.0866932125741497,-6.187725650713541e-15,0.021422247619930168,0.001,0.21422247619930168,10.0,0.0,1.0,0.0,0
23137000000,2297,23137000000,,-1.0652709649542194,-1.0866932125741497,-6.961475754462489e-15,0.021422247619930168,0.001,0.21422247619930168,10.0,0.0,1.0,0.0,0
23147000000,2298,23147000000,,-1.0652709649542194,-1.0866932125741497,-7.676264541167286e-15,0.021422247619930168,0.001,0.21422247619930168,10.0,0.0,1.0,0.0,0
23157000000,2299,23157000000,,-1.0652709649542194,-1.0866932125741497,-8.616013085720712e-15,0.021422247619930168,0.001,0.21422247619930168,10.0,0.0,1.0,0.0,0
23167000000,2300,23167000000,,-1.0652709649542194,-1.0866932125741497,-9.91283492137726e-15,0.021422247619930168,0.001,0.21422247619930168,10.0,0.0,1.0,0.0,0
23177000000,2301,23177000000,,-1.0652709649542194,-1.0866932125741497,-1.0219893654458315e-14,0.021422247619930168,0.001,0.21422247619930168,10.0,0.0,1.0,0.0,0
23187000000,2302,23187000000,,-1.0652709649542194,-1.0866932125741497,-2.604549944646128e-14,0.021422247619930168,0.001,0.21422247619930168,10.0,0.0,1.0,0.0,0
23197000000,2303,23197000000,,-1.0652709649542194,-1.0866932125741497,2.0155846671192358e-14,0.021422247619930168,0.001,0.21422247619930168,10.0,0.0,1.0,0.0,0
23207000000,2304,23207000000,,-1.0652709649542194,-1.0866932125741497,3.543912689989475e-14,0.021422247619930168,0.001,0.21422247619930168,10.0,0.0,1.0,0.0,0
23217000000,2305,23217000000,,-1.0652709649542194,-1.0866932125741497,3.8105072915644325e-14,0.021422247619930168,0.001,0.21422247619930168,10.0,0.0,1.0,0.0,0
23227000000,2306,23227000000,,-1.0652709649542194,-1.0866932125741497,-2.3629959461092674e-14,0.021422247619930168,0.001,0.21422247619930168,10.0,0.0,1.0,0.0,0
23237000000,2307,23237000000,,-1.0652709649542194,-1.0866932125741497,2.1406608697353235e-14,0.021422247619930168,0.001,0.21422247619930168,10.0,0.0,1.0,0.0,0
23247000000,2308,23247000000,,-1.0652709649542194,-1.0866932125741497,2.0612361504939062e-14,0.021422247619930168,0.001,0.21422247619930168,10.0,0.0,1.0,0.0,0
23257000000,2309,23257000000,,-1.0652709649542194,-1.0866932125741497,1.990407532540291e-14,0.021422247619930168,0.001,0.21422247619930168,10.0,0.0,1.0,0.0,0
23267000000,2310,23267000000,,-1.0652709649542194,-1.0866932125741497,1.9193471433327863e-14,0.021422247619930168,0.001,0.21422247619930168,10.0,0.0,1.0,0.0,0
23277000000,2311,23277000000,,-1.0652709649542194,-1.0866932125741497,1.4375494334426125e-14,0.021422247619930168,0.001,0.21422247619930168,10.0,0.0,1.0,0.0,0
23287000000,2312,23287000000,,-1.0652709649542194,-1.0866932125741497,1.3653992413006853e-14,0.021422247619930168,0.001,0.21422247619930168,10.0,0.0,1.0,0.0,0
23297000000,2313,23297000000,,-1.0652709649542194,-1.0866932125741497,1.2771776420997945e-14,0.021422247619930168,0.001,0.21422247619930168,10.0,0.0,1.0,0.0,0
23307000000,2314,23307000000,,-1.0652709649542194,-1.0866932125741497,1.1980683532505723e-14,0.021422247619930168,0.001,0.21422247619930168,10.0,0.0,1.0,0.0,0
23317000000,2315,23317000000,,-1.0652709649542194,-1.0866932125741497,3.070866569493784e-14,0.021422247619930168,0.001,0.21422247619930168,10.0,0.0,1.0,0.0,0
23327000000,2316,23327000000,,-1.0652709649542194,-1.0866932125741497,3.728806922572087e-14,0.021422247619930168,0.001,0.21422247619930168,10.0,0.0,1.0,0.0,0
23337000000,2317,23337000000,,-1.0652709649542194,-1.0866932125741497,4.390901390920375e-14,0.021422247619930168,0.001,0.21422247619930168,10.0,0.0,1.0,0.0,0
