%time,field.header.seq,field.header.stamp,field.header.frame_id,field.set_point,field.process_value,field.process_value_dot,field.error,field.time_step,field.command,field.p,field.i,field.d,field.i_clamp,field.antiwindup
12782000000,1265,12781000000,,0.0,8.490818044837312e-05,0.08606360813951251,-8.490818044837312e-05,0.001,-0.5174010090031592,12.0,3.0,6.0,5.0,0
12791000000,1266,12791000000,,0.0,-0.0013012573997412957,2.394532186786142,0.0013012573997412957,0.001,-14.351525613442961,12.0,3.0,6.0,5.0,0
12801000000,1267,12801000000,,0.0,-0.007110358804619743,2.0423784333725705,0.007110358804619743,0.001,-12.16874831985661,12.0,3.0,6.0,5.0,0
12811000000,1268,12811000000,,0.0,-0.01705081328842173,1.6530588683081862,0.01705081328842173,0.001,-9.713136466471967,12.0,3.0,6.0,5.0,0
12825000000,1269,12821000000,,0.0,-0.027928013104416394,1.6577001236303688,0.027928013104416394,0.001,-9.609723952606403,12.0,3.0,6.0,5.0,0
12831000000,1270,12831000000,,0.0,-0.03875012066686079,1.5720175892672412,0.03875012066686079,0.001,-8.96470633541552,12.0,3.0,6.0,5.0,0
12841000000,1271,12841000000,,0.0,-0.04877413701560673,1.828719614047762,0.04877413701560673,0.001,-10.383258174921625,12.0,3.0,6.0,5.0,0
12851000000,1272,12851000000,,0.0,-0.05915867384949003,1.529170801514174,0.05915867384949003,0.001,-8.459675388031203,12.0,3.0,6.0,5.0,0
12861000000,1273,12861000000,,0.0,-0.06848645781503837,1.8744246099900062,0.06848645781503837,0.001,-10.417294305904768,12.0,3.0,6.0,5.0,0
12871000000,1274,12871000000,,0.0,-0.07840962648030558,1.5579864333116373,0.07840962648030558,0.001,-8.397328299469592,12.0,3.0,6.0,5.0,0
12881000000,1275,12881000000,,0.0,-0.08725016657328055,1.913326882551874,0.08725016657328055,0.001,-10.42074459073655,12.0,3.0,6.0,5.0,0
12891000000,1276,12891000000,,0.0,-0.09670530589634563,1.5929288063073324,0.09670530589634563,0.001,-8.382080814530774,12.0,3.0,6.0,5.0,0
12901000000,1277,12901000000,,0.0,-0.10507574515331708,1.9492572332227402,0.10507574515331708,0.001,-10.416524989006874,12.0,3.0,6.0,5.0,0
12911000000,1278,12911000000,,0.0,-0.11406351768067591,1.6291896266523707,0.11406351768067591,0.001,-8.384926003662073,12.0,3.0,6.0,5.0,0
12921000000,1279,12921000000,,0.0,-0.12197533700769991,1.9827945126110373,0.12197533700769991,0.001,-10.408018983504,12.0,3.0,6.0,5.0,0
12931000000,1280,12931000000,,0.0,-0.1305015314964919,1.6647908688335193,0.1305015314964919,0.001,-8.393844106962321,12.0,3.0,6.0,5.0,0
12941000000,1281,12941000000,,0.0,-0.13796493061171944,2.0144702587879504,0.13796493061171944,0.001,-10.398279116619483,12.0,3.0,6.0,5.0,0
12951000000,1282,12951000000,,0.0,-0.14603845211609912,1.6991957144565546,0.14603845211609912,0.001,-8.405439556881335,12.0,3.0,6.0,5.0,0
12961000000,1283,12961000000,,0.0,-0.15306493666017307,2.0443995566876474,0.15306493666017307,0.001,-10.38780500380059,12.0,3.0,6.0,5.0,0
12971000000,1284,12971000000,,0.0,-0.16069715771764947,1.7321761346136584,0.16069715771764947,0.001,-8.418122980415728,12.0,3.0,6.0,5.0,0
12981000000,1285,12981000000,,0.0,-0.1672995660234271,2.0727138684423347,0.1672995660234271,0.001,-10.37714754735422,12.0,3.0,6.0,5.0,0
12991000000,1286,12991000000,,0.0,-0.17450367546147572,1.7636866257774964,0.17450367546147572,0.001,-8.431360895747797,12.0,3.0,6.0,5.0,0
13001000000,1287,13001000000,,0.0,-0.18069614202690865,2.0994895702422913,0.18069614202690865,0.001,-10.36648821124654,12.0,3.0,6.0,5.0,0
13011000000,1288,13011000000,,0.0,-0.1874867184190565,1.7937210455515635,0.1874867184190565,0.001,-8.444822105160725,12.0,3.0,6.0,5.0,0
13021000000,1289,13021000000,,0.0,-0.1932843517381757,2.124807477551467,0.1932843517381757,0.001,-10.356004998479802,12.0,3.0,6.0,5.0,0
13031000000,1290,13031000000,,0.0,-0.19967697038035315,1.8223024882140022,0.19967697038035315,0.001,-8.45832539414168,12.0,3.0,6.0,5.0,0
13041000000,1291,13041000000,,0.0,-0.20509558218796453,2.1487393892346414,0.20509558218796453,0.001,-10.345799564207974,12.0,3.0,6.0,5.0,0
13051000000,1292,13051000000,,0.0,-0.21110649573802753,1.8494634926467004,0.21110649573802753,0.001,-8.471727761513135,12.0,3.0,6.0,5.0,0
13061000000,1293,13061000000,,0.0,-0.2161623313479133,2.1713564327475376,0.2161623313479133,0.001,-10.335954274996736,12.0,3.0,6.0,5.0,0
13071000000,1294,13071000000,,0.0,-0.2218081937223486,1.8752446798645073,0.2218081937223486,0.001,-8.484922729426042,12.0,3.0,6.0,5.0,0
13081000000,1295,13081000000,,0.0,-0.22651770807762261,2.192726507759133,0.22651770807762261,0.001,-10.326522823134432,12.0,3.0,6.0,5.0,0
13091000000,1296,13091000000,,0.0,-0.2318153455187426,1.8996910625743688,0.2318153455187426,0.001,-8.497823600176948,12.0,3.0,6.0,5.0,0
13101000000,1297,13101000000,,0.0,-0.2361950118141749,2.2129154360174765,0.2361950118141749,0.001,-10.317542148409627,12.0,3.0,6.0,5.0,0
13111000000,1298,13111000000,,0.0,-0.24116123275410306,1.9228511216247357,0.24116123275410306,0.001,-8.510362482635115,12.0,3.0,6.0,5.0,0
13121000000,1299,13121000000,,0.0,-0.24522738653130283,2.2319864583549434,0.24522738653130283,0.001,-10.309033574090252,12.0,3.0,6.0,5.0,0
13131000000,1300,13131000000,,0.0,-0.2498788271458423,1.944775507893733,0.2498788271458423,0.001,-8.52248623787968,12.0,3.0,6.0,5.0,0
13141000000,1301,13141000000,,0.0,-0.2536475399562983,2.250000384237764,0.2536475399562983,0.001,-10.301007093211316,12.0,3.0,6.0,5.0,0
13151000000,1302,13151000000,,0.0,-0.25800054033362496,1.9655162685335257,0.25800054033362496,0.001,-8.534154865362233,12.0,3.0,6.0,5.0,0
13161000000,1303,13161000000,,0.0,-0.2614875199962938,2.267015499479962,0.2614875199962938,0.001,-10.29346353207655,12.0,3.0,6.0,5.0,0
13171000000,1304,13171000000,,0.0,-0.26555802693737895,1.9851260993118043,0.26555802693737895,0.001,-8.545339420167032,12.0,3.0,6.0,5.0,0
13181000000,1305,13181000000,,0.0,-0.26877854031106896,2.283087599420263,0.26877854031106896,0.001,-10.2863968884251,12.0,3.0,6.0,5.0,0
13191000000,1306,13191000000,,0.0,-0.2725820327628341,2.0036577707322234,0.2725820327628341,0.001,-8.556020441601675,12.0,3.0,6.0,5.0,0
13201000000,1307,13201000000,,0.0,-0.2755508477686792,2.298269995195474,0.2755508477686792,0.001,-10.279796014432371,12.0,3.0,6.0,5.0,0
13211000000,1308,13211000000,,0.0,-0.27910228141542603,2.0211636384276987,0.27910228141542603,0.001,-8.566186434294734,12.0,3.0,6.0,5.0,0
13221000000,1309,13221000000,,0.0,-0.2818336251930038,2.3126135506180887,0.2818336251930038,0.001,-10.2736460664675,12.0,3.0,6.0,5.0,0
13231000000,1310,13231000000,,0.0,-0.2851473930725268,2.0376952533764134,0.2851473930725268,0.001,-8.575832568168316,12.0,3.0,6.0,5.0,0
13241000000,1311,13241000000,,0.0,-0.2876549236029273,2.3261667225201554,0.2876549236029273,0.001,-10.267929626626067,12.0,3.0,6.0,5.0,0
13251000000,1312,13251000000,,0.0,-0.29074483002834306,2.0533030479923022,0.29074483002834306,0.001,-8.584959516392653,12.0,3.0,6.0,5.0,0
13261000000,1313,13261000000,,0.0,-0.29304161887368974,2.338975612610481,0.29304161887368974,0.001,-10.262627603337574,12.0,3.0,6.0,5.0,0
13271000000,1314,13271000000,,0.0,-0.29592086429972575,2.068036091923093,0.29592086429972575,0.001,-8.593572449348697,12.0,3.0,6.0,5.0,0
13281000000,1315,13281000000,,0.0,-0.2980193884467539,2.351084025233937,0.2980193884467539,0.001,-10.2577199287754,12.0,3.0,6.0,5.0,0
13291000000,1316,13291000000,,0.0,-0.30070056325844075,2.0819419057835193,0.30070056325844075,0.001,-8.601680161360212,12.0,3.0,6.0,5.0,0
13301000000,1317,13301000000,,0.0,-0.3026127043411826,2.362533531455848,0.3026127043411826,0.001,-10.25318609942565,12.0,3.0,6.0,5.0,0
13311000000,1318,13311000000,,0.0,-0.30510778984238485,2.095066324651404,0.30510778984238485,0.001,-8.609294321378242,12.0,3.0,6.0,5.0,0
13321000000,1319,13321000000,,0.0,-0.30684483928158457,2.373363537508493,0.30684483928158457,0.001,-10.249005585350357,12.0,3.0,6.0,5.0,0
13331000000,1320,13331000000,,0.0,-0.3091652144262511,2.107453403124457,0.3091652144262511,0.001,-8.616428832766058,12.0,3.0,6.0,5.0,0
13341000000,1321,13341000000,,0.0,-0.310737883249927,2.383611357112451,0.310737883249927,0.001,-10.2451581369328,12.0,3.0,6.0,5.0,0
13351000000,1322,13351000000,,0.0,-0.3128943358903191,2.119145355169527,0.3128943358903191,0.001,-8.623099290420075,12.0,3.0,6.0,5.0,0
13361000000,1323,13361000000,,0.0,-0.3143127681988913,2.3933122864355454,0.3143127681988913,0.001,-10.241624008201429,12.0,3.0,6.0,5.0,0
13371000000,1324,13371000000,,0.0,-0.3163155098248174,2.130182522648007,0.3163155098248174,0.001,-8.62932252287223,12.0,3.0,6.0,5.0,0
13381000000,1325,13381000000,,0.0,-0.3175892990344167,2.4024996811053216,0.3175892990344167,0.001,-10.238384115599866,12.0,3.0,6.0,5.0,0
13391000000,1326,13391000000,,0.0,-0.3194479821497458,2.1406033673781293,0.3194479821497458,0.001,-8.635116208703405,12.0,3.0,6.0,5.0,0
13401000000,1327,13401000000,,0.0,-0.32058618929420746,2.4112050343721956,0.32058618929420746,0.001,-10.235420145222484,12.0,3.0,6.0,5.0,0
13411000000,1328,13411000000,,0.0,-0.3223099267230447,2.1504444822178463,0.3223099267230447,0.001,-8.640498557214425,12.0,3.0,6.0,5.0,0
13421000000,1329,13421000000,,0.0,-0.3233211002194496,2.419458055867274,0.3233211002194496,0.001,-10.232714620730116,12.0,3.0,6.0,5.0,0
13431000000,1330,13431000000,,0.0,-0.3249184857592802,2.1597406174415417,0.3249184857592802,0.001,-8.645488044538578,12.0,3.0,6.0,5.0,0
13441000000,1331,13441000000,,0.0,-0.32581068214809683,2.4272867503524633,0.32581068214809683,0.001,-10.230250940897747,12.0,3.0,6.0,5.0,0
13451000000,1332,13451000000,,0.0,-0.32728981209265573,2.1685247190855343,0.32728981209265573,0.001,-8.650103197255554,12.0,3.0,6.0,5.0,0
13461000000,1333,13461000000,,0.0,-0.3280706173528136,2.4347174958924223,0.3280706173528136,0.001,-10.228013393808048,12.0,3.0,6.0,5.0,0
13471000000,1334,13471000000,,0.0,-0.3294391124959901,2.176827976704191,0.3294391124959901,0.001,-8.654362416948816,12.0,3.0,6.0,5.0,0
13481000000,1335,13481000000,,0.0,-0.3301156636112923,2.4417751210442677,0.3301156636112923,0.001,-10.225987153799224,12.0,3.0,6.0,5.0,0
13491000000,1336,13491000000,,0.0,-0.3313806914184454,2.184679878057941,0.3313806914184454,0.001,-8.658283838927666,12.0,3.0,6.0,5.0,0
13501000000,1337,13501000000,,0.0,-0.3319596979341881,2.4484829807010984,0.3319596979341881,0.001,-10.22415826580726,12.0,3.0,6.0,5.0,0
13511000000,1338,13511000000,,0.0,-0.3331279946296739,2.192108269043358,0.3331279946296739,0.001,-8.661885220745098,12.0,3.0,6.0,5.0,0
13521000000,1339,13521000000,,0.0,-0.3336157599925009,2.4548630302404595,0.3336157599925009,0.001,-10.222513620608629,12.0,3.0,6.0,5.0,0
13531000000,1340,13531000000,,0.0,-0.3346936523644919,2.199139417094029,0.3346936523644919,0.001,-8.66518385508424,12.0,3.0,6.0,5.0,0
13541000000,1341,13541000000,,0.0,-0.3350960948820383,2.4609358976896916,0.3350960948820383,0.001,-10.221040923354659,12.0,3.0,6.0,5.0,0
13551000000,1342,13551000000,,0.0,-0.3360895216491233,2.20579807694273,0.3360895216491233,0.001,-8.668196503927136,12.0,3.0,6.0,5.0,0
13561000000,1343,13561000000,,0.0,-0.3364121949433967,2.4667209537692485,0.3364121949433967,0.001,-10.219728658399646,12.0,3.0,6.0,5.0,0
13571000000,1344,13571000000,,0.0,-0.3373267275638465,2.2121075574889155,0.3373267275638465,0.001,-8.6709393496778,12.0,3.0,6.0,5.0,0
13581000000,1345,13581000000,,0.0,-0.3375748404225716,2.4722363796222377,0.3375748404225716,0.001,-10.218566051541421,12.0,3.0,6.0,5.0,0
13591000000,1346,13591000000,,0.0,-0.33841570325670123,2.2180897890767612,0.33841570325670123,0.001,-8.673427961355754,12.0,3.0,6.0,5.0,0
13601000000,1347,13601000000,,0.0,-0.33859413881251044,2.477499232039313,0.33859413881251044,0.001,-10.21754303067464,12.0,3.0,6.0,5.0,0
13611000000,1348,13611000000,,0.0,-0.3393662285734518,2.223765390347374,0.3393662285734518,0.001,-8.67567727236677,12.0,3.0,6.0,5.0,0
13621000000,1349,13621000000,,0.0,-0.3394795627611913,2.4825255062380776,0.3394795627611913,0.001,-10.216650186755345,12.0,3.0,6.0,5.0,0
13631000000,1350,13631000000,,0.0,-0.340187467209331,2.229153734229372,0.340187467209331,0.001,-8.677701568662068,12.0,3.0,6.0,5.0,0
13641000000,1351,13641000000,,0.0,-0.3402399864692205,2.4873301959792027,0.3402399864692205,0.001,-10.215878734549577,12.0,3.0,6.0,5.0,0
13651000000,1352,13651000000,,0.0,-0.34088800232229666,2.234273012519317,0.34088800232229666,0.001,-8.679514484641475,12.0,3.0,6.0,5.0,0
13661000000,1353,13661000000,,0.0,-0.34088372053021576,2.4919273511517472,0.34088372053021576,0.001,-10.215220474879793,12.0,3.0,6.0,5.0,0
13671000000,1354,13671000000,,0.0,-0.34147587057427486,2.239140298802145,0.34147587057427486,0.001,-8.681129006022768,12.0,3.0,6.0,5.0,0
13681000000,1355,13681000000,,0.0,-0.34141854519198844,2.496330132668764,0.34141854519198844,0.001,-10.214667757602783,12.0,3.0,6.0,5.0,0
13691000000,1356,13691000000,,0.0,-0.34195859458913525,2.243771609383449,0.34195859458913525,0.001,-8.682557477556973,12.0,3.0,6.0,5.0,0
13701000000,1357,13701000000,,0.0,-0.3418517420358418,2.500550864900189,0.3418517420358418,0.001,-10.214213446746633,12.0,3.0,6.0,5.0,0
13711000000,1358,13711000000,,0.0,-0.3423432138334608,2.2481819621626613,0.3423432138334608,0.001,-8.683811615659742,12.0,3.0,6.0,5.0,0
13721000000,1359,13721000000,,0.0,-0.3421901240879297,2.5046010853788894,0.3421901240879297,0.001,-10.213850886465687,12.0,3.0,6.0,5.0,0
13731000000,1360,13731000000,,0.0,-0.3426363139408606,2.252385433130212,0.3426363139408606,0.001,-8.68490252347513,12.0,3.0,6.0,5.0,0
13741000000,1361,13741000000,,0.0,-0.34244006438817287,2.508491592201889,0.34244006438817287,0.001,-10.213573869727178,12.0,3.0,6.0,5.0,0
13751000000,1362,13751000000,,0.0,-0.3428440545103886,2.2563952106242007,0.3428440545103886,0.001,-8.685840709205927,12.0,3.0,6.0,5.0,0
13761000000,1363,13761000000,,0.0,-0.34260752305239794,2.5122324888271357,0.34260752305239794,0.001,-10.213376607826307,12.0,3.0,6.0,5.0,0
13771000000,1364,13771000000,,0.0,-0.3429721954191498,2.260223647112179,0.3429721954191498,0.001,-8.686636105769178,12.0,3.0,6.0,5.0,0
13781000000,1365,13781000000,,0.0,-0.3426980728704718,2.515833226621092,0.3426980728704718,0.001,-10.213253702543799,12.0,3.0,6.0,5.0,0
13791000000,1366,13791000000,,0.0,-0.34302612169448743,2.263882308655853,0.34302612169448743,0.001,-8.687298092289767,12.0,3.0,6.0,5.0,0
13801000000,1367,13801000000,,0.0,-0.3427169234888323,2.5193026450060376,0.3427169234888323,0.001,-10.213200119183135,12.0,3.0,6.0,5.0,0
13811000000,1368,13811000000,,0.0,-0.3430108669967886,2.267382021888457,0.3430108669967886,0.001,-8.687835515939959,12.0,3.0,6.0,5.0,0
13825000000,1369,13821000000,,0.0,-0.3426689442294899,2.522649009496785,0.3426689442294899,0.001,-10.21321116203483,12.0,3.0,6.0,5.0,0
13831000000,1370,13831000000,,0.0,-0.3429311357660172,2.2707329187007756,0.3429311357660172,0.001,-8.688256714597745,12.0,3.0,6.0,5.0,0
13841000000,1371,13841000000,,0.0,-0.34255868560007663,2.5258800475582297,0.34255868560007663,0.001,-10.21328245116539,12.0,3.0,6.0,5.0,0
13851000000,1372,13851000000,,0.0,-0.3427913240878375,2.273944478624256,0.3427913240878375,0.001,-8.688569539918603,12.0,3.0,6.0,5.0,0
13861000000,1373,13861000000,,0.0,-0.34239039955163353,2.529002982379043,0.34239039955163353,0.001,-10.213409900348328,12.0,3.0,6.0,5.0,0
13871000000,1374,13871000000,,0.0,-0.3425955393362887,2.2770255688844845,0.3425955393362887,0.001,-8.68878137975386,12.0,3.0,6.0,5.0,0
13881000000,1375,13881000000,,0.0,-0.34216805854055643,2.532024564830285,0.34216805854055643,0.001,-10.213589697430699,12.0,3.0,6.0,5.0,0
13891000000,1376,13891000000,,0.0,-0.3423476186495211,2.2799844823794784,0.3423476186495211,0.001,-8.688899181089065,12.0,3.0,6.0,5.0,0
13901000000,1377,13901000000,,0.0,-0.3418953734521146,2.5349511033632783,0.3418953734521146,0.001,-10.213818284789467,12.0,3.0,6.0,5.0,0
13911000000,1378,13911000000,,0.0,-0.34205114629603806,2.2828289734461764,0.34205114629603806,0.001,-8.688929471842044,12.0,3.0,6.0,5.0,0
13921000000,1379,13921000000,,0.0,-0.3415758104416442,2.5377884923754346,0.3415758104416442,0.001,-10.214092342574975,12.0,3.0,6.0,5.0,0
13931000000,1380,13931000000,,0.0,-0.34170946998660945,2.2855662917016835,0.34170946998660945,0.001,-8.68887838285796,12.0,3.0,6.0,5.0,0
13941000000,1381,13941000000,,0.0,-0.3412126067490524,2.5405422386248917,0.3412126067490524,0.001,-10.214408771616421,12.0,3.0,6.0,5.0,0
13951000000,1382,13951000000,,0.0,-0.3413257161875105,2.288203213870106,0.3413257161875105,0.001,-8.68875166883414,12.0,3.0,6.0,5.0,0
13961000000,1383,13961000000,,0.0,-0.34080878554073646,2.543217486266742,0.34080878554073646,0.001,-10.214764678751877,12.0,3.0,6.0,5.0,0
13971000000,1384,13971000000,,0.0,-0.3409028044879747,2.2907460737740495,0.3409028044879747,0.001,-8.68855472860552,12.0,3.0,6.0,5.0,0
13981000000,1385,13981000000,,0.0,-0.34036716983138415,2.5458190402494227,0.34036716983138415,0.001,-10.2151573625551,12.0,3.0,6.0,5.0,0
13991000000,1386,13991000000,,0.0,-0.3404434610735212,2.293200790589183,0.3404434610735212,0.001,-8.688292625035828,12.0,3.0,6.0,5.0,0
14001000000,1387,14001000000,,0.0,-0.3398903955367114,2.5483513882632423,0.3398903955367114,0.001,-10.215584299971146,12.0,3.0,6.0,5.0,0
14011000000,1388,14011000000,,0.0,-0.3399502313556013,2.295572895323468,0.3399502313556013,0.001,-8.687970103497598,12.0,3.0,6.0,5.0,0
14021000000,1389,14021000000,,0.0,-0.33938092370591466,2.55081872145118,0.33938092370591466,0.001,-10.21604313463698,12.0,3.0,6.0,5.0,0
14031000000,1390,14031000000,,0.0,-0.33942549180475456,2.2978675558397614,0.33942549180475456,0.001,-8.687591610491536,12.0,3.0,6.0,5.0,0
14041000000,1391,14041000000,,0.0,-0.33884105198096304,2.553224953645499,0.33884105198096304,0.001,-10.216531664839797,12.0,3.0,6.0,5.0,0
14051000000,1392,14051000000,,0.0,-0.3388714610341097,2.300089600184286,0.3388714610341097,0.001,-8.687161310392,12.0,3.0,6.0,5.0,0
14061000000,1393,14061000000,,0.0,-0.33827292532760556,2.5555737395721856,0.33827292532760556,0.001,-10.217047833539837,12.0,3.0,6.0,5.0,0
14071000000,1394,14071000000,,0.0,-0.33829021017638095,2.3022435386427453,0.33829021017638095,0.001,-8.686683102386393,12.0,3.0,6.0,5.0,0
14081000000,1395,14081000000,,0.0,-0.3376785460811096,2.557868491808204,0.3376785460811096,0.001,-10.217589718278473,12.0,3.0,6.0,5.0,0
14091000000,1396,14091000000,,0.0,-0.3376836725968051,2.3043335843132224,0.3376836725968051,0.001,-8.686160635909088,12.0,3.0,6.0,5.0,0
14101000000,1397,14101000000,,0.0,-0.3370597833475779,2.560112396681277,0.3370597833475779,0.001,-10.218155522082615,12.0,3.0,6.0,5.0,0
14111000000,1398,14111000000,,0.0,-0.33705365298170786,2.3063636724597054,0.33705365298170786,0.001,-8.68559732567767,12.0,3.0,6.0,5.0,0
14121000000,1399,14121000000,,0.0,-0.3364183817998514,2.5623084291615097,0.3364183817998514,0.001,-10.218743564950723,12.0,3.0,6.0,5.0,0
14131000000,1400,14131000000,,0.0,-0.33640183584053673,2.3083374786205946,0.33640183584053673,0.001,-8.684996365759119,12.0,3.0,6.0,5.0,0
14141000000,1401,14141000000,,0.0,-0.3357559699045618,2.5644593668178586,0.3357559699045618,0.001,-10.219352276076354,12.0,3.0,6.0,5.0,0
14151000000,1402,14151000000,,0.0,-0.33572979345709353,2.3102584356086835,0.33572979345709353,0.001,-8.684360743102545,12.0,3.0,6.0,5.0,0
14161000000,1403,14161000000,,0.0,-0.33507406761563185,2.566567802845977,0.33507406761563185,0.001,-10.219980186370655,12.0,3.0,6.0,5.0,0
14171000000,1404,14171000000,,0.0,-0.33503899332438536,2.312129749390922,0.33503899332438536,0.001,-8.683693250104053,12.0,3.0,6.0,5.0,0
14181000000,1405,14181000000,,0.0,-0.3343740935671127,2.5686361582731694,0.3343740935671127,0.001,-10.220625921730132,12.0,3.0,6.0,5.0,0
14191000000,1406,14191000000,,0.0,-0.33433080509472646,2.313954413992652,0.33433080509472646,0.001,-8.682996496674864,12.0,3.0,6.0,5.0,0
14201000000,1407,14201000000,,0.0,-0.33365737179655497,2.5706666933641413,0.33365737179655497,0.001,-10.221288196549766,12.0,3.0,6.0,5.0,0
14211000000,1408,14211000000,,0.0,-0.3336065070757712,2.3157352254208217,0.3336065070757712,0.001,-8.682272921531169,12.0,3.0,6.0,5.0,0
14221000000,1409,14221000000,,0.0,-0.3329251380285667,2.5726615183040855,0.3329251380285667,0.001,-10.22196580800553,12.0,3.0,6.0,5.0,0
14231000000,1410,14231000000,,0.0,-0.3328672923009064,2.317474794713487,0.3328672923009064,0.001,-8.681524802902562,12.0,3.0,6.0,5.0,0
14241000000,1411,14241000000,,0.0,-0.3321785455461459,2.5746226031393658,0.3321785455461459,0.001,-10.222657630251822,12.0,3.0,6.0,5.0,0
14251000000,1412,14251000000,,0.0,-0.3321142742011478,2.31917556012213,0.3321142742011478,0.001,-8.680754268496493,12.0,3.0,6.0,5.0,0
14261000000,1413,14261000000,,0.0,-0.33141867067613795,2.576551787148161,0.33141867067613795,0.001,-10.223362609637697,12.0,3.0,6.0,5.0,0
14271000000,1414,14271000000,,0.0,-0.33134849190360516,2.320839798550751,0.33134849190360516,0.001,-8.679963305144533,12.0,3.0,6.0,5.0,0
14281000000,1415,14281000000,,0.0,-0.3306465179133209,2.578450787506625,0.3306465179133209,0.001,-10.224079759631069,12.0,3.0,6.0,5.0,0
14291000000,1416,14291000000,,0.0,-0.33057091518077986,2.32246963620043,0.33057091518077986,0.001,-8.67915376763174,12.0,3.0,6.0,5.0,0
14301000000,1417,14301000000,,0.0,-0.32986302470644535,2.5803212074342277,0.32986302470644535,0.001,-10.2248081564655,12.0,3.0,6.0,5.0,0
14311000000,1418,14311000000,,0.0,-0.329782449073007,2.3240670585342853,0.329782449073007,0.001,-8.678327386978554,12.0,3.0,6.0,5.0,0
14321000000,1419,14321000000,,0.0,-0.3290690659278601,2.582164543822745,0.3290690659278601,0.001,-10.225546935093744,12.0,3.0,6.0,5.0,0
14331000000,1420,14331000000,,0.0,-0.3289839382049591,2.325633919635968,0.3289839382049591,0.001,-8.677485778545325,12.0,3.0,6.0,5.0,0
14341000000,1421,14341000000,,0.0,-0.32826545804729257,2.5839821943151895,0.32826545804729257,0.001,-10.22629528523549,12.0,3.0,6.0,5.0,0
14351000000,1422,14351000000,,0.0,-0.32817617081631223,2.3271719508914472,0.32817617081631223,0.001,-8.67663044926168,12.0,3.0,6.0,5.0,0
14361000000,1423,14361000000,,0.0,-0.32745296302887983,2.585775463920933,0.32745296302887983,0.001,-10.227052447648369,12.0,3.0,6.0,5.0,0
14371000000,1424,14371000000,,0.0,-0.3273598825250277,2.3286827691315883,0.3273598825250277,0.001,-8.675762804596562,12.0,3.0,6.0,5.0,0
14381000000,1425,14381000000,,0.0,-0.32663229196959165,2.5875455712531545,0.32663229196959165,0.001,-10.227817711107962,12.0,3.0,6.0,5.0,0
14391000000,1426,14391000000,,0.0,-0.3265357598404268,2.3301678842742355,0.3265357598404268,0.001,-8.674884155259416,12.0,3.0,6.0,5.0,0
14401000000,1427,14401000000,,0.0,-0.3258041084957046,2.5892936542517133,0.3258041084957046,0.001,-10.228590408824772,12.0,3.0,6.0,5.0,0
14411000000,1428,14411000000,,0.0,-0.32570444344312666,2.33162870637002,0.32570444344312666,0.001,-8.673995723010608,12.0,3.0,6.0,5.0,0
14421000000,1429,14421000000,,0.0,-0.32496903193353877,2.591020775649181,0.32496903193353877,0.001,-10.229369916036033,12.0,3.0,6.0,5.0,0
14431000000,1430,14431000000,,0.0,-0.32486653124610143,2.333066552313573,0.32486653124610143,0.001,-8.673098646798238,12.0,3.0,6.0,5.0,0
14441000000,1431,14441000000,,0.0,-0.324127640268836,2.5927279279222333,0.324127640268836,0.001,-10.23015564670512,12.0,3.0,6.0,5.0,0
14451000000,1432,14451000000,,0.0,-0.32402258125236827,2.3344826519532065,0.32402258125236827,0.001,-8.672193987619885,12.0,3.0,6.0,5.0,0
14461000000,1433,14461000000,,0.0,-0.32328047290900397,2.594416038094292,0.32328047290900397,0.001,-10.230947051584113,12.0,3.0,6.0,5.0,0
14471000000,1434,14471000000,,0.0,-0.32317311422155104,2.335878153979132,0.32317311422155104,0.001,-8.671282734174898,12.0,3.0,6.0,5.0,0
14481000000,1435,14481000000,,0.0,-0.32242803326107783,2.5960859720289493,0.32242803326107783,0.001,-10.231743615327806,12.0,3.0,6.0,5.0,0
14491000000,1436,14491000000,,0.0,-0.3223186161590288,2.3372541312423882,0.3223186161590288,0.001,-8.67036580701684,12.0,3.0,6.0,5.0,0
14501000000,1437,14501000000,,0.0,-0.32157079113759135,2.597738538599274,0.32157079113759135,0.001,-10.232544854612467,12.0,3.0,6.0,5.0,0
14511000000,1438,14511000000,,0.0,-0.321459540638493,2.338611585860574,0.321459540638493,0.001,-8.669444063399318,12.0,3.0,6.0,5.0,0
14521000000,1439,14521000000,,0.0,-0.32070918500179424,2.5993744934780714,0.32070918500179424,0.001,-10.233350315965044,12.0,3.0,6.0,5.0,0
14531000000,1440,14531000000,,0.0,-0.3205963109695267,2.339951453911434,0.3205963109695267,0.001,-8.668518301214633,12.0,3.0,6.0,5.0,0
14541000000,1441,14541000000,,0.0,-0.3198436240627567,2.6009945426954415,0.3198436240627567,0.001,-10.23415957376113,12.0,3.0,6.0,5.0,0
14551000000,1442,14551000000,,0.0,-0.31972932222024397,2.3412746098154225,0.31972932222024397,0.001,-8.667589262878304,12.0,3.0,6.0,5.0,0
14561000000,1443,14561000000,,0.0,-0.3189744902304561,2.6025993459831955,0.3189744902304561,0.001,-10.234972228519002,12.0,3.0,6.0,5.0,0
14571000000,1444,14571000000,,0.0,-0.3188589431045976,2.342581870468945,0.3188589431045976,0.001,-8.666657639004647,12.0,3.0,6.0,5.0,0
14581000000,1445,14581000000,,0.0,-0.3181021399399926,2.6041895198914804,0.3181021399399926,0.001,-10.235787905270932,12.0,3.0,6.0,5.0,0
14591000000,1446,14591000000,,0.0,-0.3179855177434314,2.3438739990714845,0.3179855177434314,0.001,-8.665724071825554,12.0,3.0,6.0,5.0,0
14601000000,1447,14601000000,,0.0,-0.3172269058538095,2.6057656406533543,0.3172269058538095,0.001,-10.236606251800772,12.0,3.0,6.0,5.0,0
14611000000,1448,14611000000,,0.0,-0.3171093673077783,2.3451517086841656,0.3171093673077783,0.001,-8.664789158215164,12.0,3.0,6.0,5.0,0
14621000000,1449,14621000000,,0.0,-0.3163490984499191,2.607328246930385,0.3163490984499191,0.001,-10.23742693745303,12.0,3.0,6.0,5.0,0
14631000000,1450,14631000000,,0.0,-0.31623079155187117,2.3464156656041886,0.31623079155187117,0.001,-8.66385345291975,12.0,3.0,6.0,5.0,0
14641000000,1451,14641000000,,0.0,-0.31546900750381024,2.608877842286667,0.31546900750381024,0.001,-10.238249651452593,12.0,3.0,6.0,5.0,0
14651000000,1452,14651000000,,0.0,-0.3153500702437677,2.3476664924655064,0.3153500702437677,0.001,-8.662917471142325,12.0,3.0,6.0,5.0,0
14661000000,1453,14661000000,,0.0,-0.3145869034710289,2.6104148975796617,0.3145869034710289,0.001,-10.239074101888415,12.0,3.0,6.0,5.0,0
14671000000,1454,14671000000,,0.0,-0.31446746449997676,2.3489047711371898,0.31446746449997676,0.001,-8.661981691189293,12.0,3.0,6.0,5.0,0
14681000000,1455,14681000000,,0.0,-0.313703038777259,2.611939853143746,0.313703038777259,0.001,-10.239900014416328,12.0,3.0,6.0,5.0,0
14691000000,1456,14691000000,,0.0,-0.3135832180307485,2.3501310454553814,0.3135832180307485,0.001,-8.661046556859597,12.0,3.0,6.0,5.0,0
14701000000,1457,14701000000,,0.0,-0.31281764902189213,2.61345312082971,0.31281764902189213,0.001,-10.240727131104734,12.0,3.0,6.0,5.0,0
14711000000,1458,14711000000,,0.0,-0.31269755830189716,2.3513458237477516,0.31269755830189716,0.001,-8.660112479814877,12.0,3.0,6.0,5.0,0
14721000000,1459,14721000000,,0.0,-0.31193095410092386,2.6149550859378845,0.31193095410092386,0.001,-10.241555209549986,12.0,3.0,6.0,5.0,0
14731000000,1460,14731000000,,0.0,-0.31181069761867786,2.3525495812342365,0.31181069761867786,0.001,-8.659179841789275,12.0,3.0,6.0,5.0,0
14741000000,1461,14741000000,,0.0,-0.31104315925475134,2.616446108935901,0.31104315925475134,0.001,-10.242384021485115,12.0,3.0,6.0,5.0,0
14751000000,1462,14751000000,,0.0,-0.310922834137366,2.3537427621427818,0.310922834137366,0.001,-8.658248996064,12.0,3.0,6.0,5.0,0
14761000000,1463,14761000000,,0.0,-0.31015445604548564,2.617926527244942,0.31015445604548564,0.001,-10.243213352664085,12.0,3.0,6.0,5.0,0
14771000000,1464,14771000000,,0.0,-0.31003415280846625,2.3549257819016867,0.31003415280846625,0.001,-8.657320270135514,12.0,3.0,6.0,5.0,0
14781000000,1465,14781000000,,0.0,-0.309265023269111,2.619396656649289,0.309265023269111,0.001,-10.244043001110626,12.0,3.0,6.0,5.0,0
14791000000,1466,14791000000,,0.0,-0.30914482625735307,2.3560990289431403,0.30914482625735307,0.001,-8.656393966735152,12.0,3.0,6.0,5.0,0
14801000000,1467,14801000000,,0.0,-0.3083750278062576,2.620856792828619,0.3083750278062576,0.001,-10.244872776866313,12.0,3.0,6.0,5.0,0
14811000000,1468,14811000000,,0.0,-0.30825501560542534,2.357262866564989,0.30825501560542534,0.001,-8.655470365831404,12.0,3.0,6.0,5.0,0
14821000000,1469,14821000000,,0.0,-0.30748462541602173,2.6223072126948566,0.30748462541602173,0.001,-10.245702501189857,12.0,3.0,6.0,5.0,0
14831000000,1470,14831000000,,0.0,-0.30736487123644896,2.3584176345843035,0.30736487123644896,0.001,-8.654549726016771,12.0,3.0,6.0,5.0,0
14841000000,1471,14841000000,,0.0,-0.3065939614766968,2.6237481756412864,0.3065939614766968,0.001,-10.246532005788028,12.0,3.0,6.0,5.0,0
14851000000,1472,14851000000,,0.0,-0.30647453351154486,2.359563650901842,0.30647453351154486,0.001,-8.653632286024205,12.0,3.0,6.0,5.0,0
14861000000,1473,14861000000,,0.0,-0.30570317167683214,2.6251799246847947,0.30570317167683214,0.001,-10.247361131954994,12.0,3.0,6.0,5.0,0
14871000000,1474,14871000000,,0.0,-0.30558413343627233,2.3607012129524367,0.30558413343627233,0.001,-8.652718265860477,12.0,3.0,6.0,5.0,0
14881000000,1475,14881000000,,0.0,-0.3048123826598994,2.626602687625624,0.3048123826598994,0.001,-10.248189730414964,12.0,3.0,6.0,5.0,0
14891000000,1476,14891000000,,0.0,-0.3046937932829614,2.361830599070643,0.3046937932829614,0.001,-8.651807868176832,12.0,3.0,6.0,5.0,0
14901000000,1477,14901000000,,0.0,-0.3039217126259439,2.628016678037735,0.3039217126259439,0.001,-10.249017660513962,12.0,3.0,6.0,5.0,0
14911000000,1478,14911000000,,0.0,-0.30380362717137466,2.362952069791861,0.30380362717137466,0.001,-8.650901279618758,12.0,3.0,6.0,5.0,0
14921000000,1479,14921000000,,0.0,-0.30303127189284584,2.629422096186313,0.30303127189284584,0.001,-10.249844789488492,12.0,3.0,6.0,5.0,0
14931000000,1480,14931000000,,0.0,-0.30291374161073215,2.3640658689630585,0.30291374161073215,0.001,-8.64999867135879,12.0,3.0,6.0,5.0,0
14941000000,1481,14941000000,,0.0,-0.3021411634200666,2.630819129986748,0.3021411634200666,0.001,-10.250670992434351,12.0,3.0,6.0,5.0,0
14951000000,1482,14951000000,,0.0,-0.3020242360050398,2.365172224932578,0.3020242360050398,0.001,-8.649100200731137,12.0,3.0,6.0,5.0,0
14961000000,1483,14961000000,,0.0,-0.30125148329727214,2.6322079557682545,0.30125148329727214,0.001,-10.251496151345062,12.0,3.0,6.0,5.0,0
14971000000,1484,14971000000,,0.0,-0.30113520312496345,2.3662713515158127,0.30113520312496345,0.001,-8.648206011682394,12.0,3.0,6.0,5.0,0
14981000000,1485,14981000000,,0.0,-0.30036232120033457,2.633588739098972,0.30036232120033457,0.001,-10.252320155137006,12.0,3.0,6.0,5.0,0
14991000000,1486,14991000000,,0.0,-0.30024672954791587,2.3673634490078697,0.30024672954791587,0.001,-8.647316236034738,12.0,3.0,6.0,5.0,0
15001000000,1487,15001000000,,0.0,-0.29947376081681387,2.634961635456354,0.29947376081681387,0.001,-10.253142898783413,12.0,3.0,6.0,5.0,0
15011000000,1488,15011000000,,0.0,-0.29935889606885,2.368448705038814,0.29935889606885,0.001,-8.646430993956075,12.0,3.0,6.0,5.0,0
15021000000,1489,15021000000,,0.0,-0.2985858802429071,2.6363267909501547,0.2985858802429071,0.001,-10.253964283368353,12.0,3.0,6.0,5.0,0
15031000000,1490,15031000000,,0.0,-0.29847177808342096,2.36952729545648,0.29847177808342096,0.001,-8.645550395063083,12.0,3.0,6.0,5.0,0
15041000000,1491,15041000000,,0.0,-0.2976987523539867,2.637684342914673,0.2976987523539867,0.001,-10.254784215443488,12.0,3.0,6.0,5.0,0
15051000000,1492,15051000000,,0.0,-0.29758544594577163,2.3705993850600975,0.29758544594577163,0.001,-8.644674538794057,12.0,3.0,6.0,5.0,0
15061000000,1493,15061000000,,0.0,-0.2968124451503007,2.639034420521646,0.2968124451503007,0.001,-10.255602606837318,12.0,3.0,6.0,5.0,0
15071000000,1494,15071000000,,0.0,-0.2966999653021034,2.37166512838943,0.2966999653021034,0.001,-8.643803515478002,12.0,3.0,6.0,5.0,0
15081000000,1495,15081000000,,0.0,-0.295927022079538,2.640377145290797,0.295927022079538,0.001,-10.256419374189164,12.0,3.0,6.0,5.0,0
15091000000,1496,15091000000,,0.0,-0.29581539740225793,2.372724670351675,0.29581539740225793,0.001,-8.642937406587773,12.0,3.0,6.0,5.0,0
15101000000,1497,15101000000,,0.0,-0.2950425423379812,2.6417126316225628,0.2950425423379812,0.001,-10.257234438774745,12.0,3.0,6.0,5.0,0
15111000000,1498,15111000000,,0.0,-0.2949317993903815,2.3737781468739203,0.2949317993903815,0.001,-8.642076285466038,12.0,3.0,6.0,5.0,0
15121000000,1499,15121000000,,0.0,-0.294159061151424,2.643040987309286,0.294159061151424,0.001,-10.258047726466565,12.0,3.0,6.0,5.0,0
15131000000,1500,15131000000,,0.0,-0.2940492245760318,2.374825685544442,0.2940492245760318,0.001,-8.641220218109215,12.0,3.0,6.0,5.0,0
15141000000,1501,15141000000,,0.0,-0.2932766300374299,2.644362313875964,0.2932766300374299,0.001,-10.258859166777526,12.0,3.0,6.0,5.0,0
15151000000,1502,15151000000,,0.0,-0.29316772268754576,2.3758674060759684,0.29316772268754576,0.001,-8.640369263146757,12.0,3.0,6.0,5.0,0
15161000000,1503,15161000000,,0.0,-0.2923952970500254,2.6456767071286915,0.2923952970500254,0.001,-10.259668693533719,12.0,3.0,6.0,5.0,0
15171000000,1504,15171000000,,0.0,-0.29228734010810165,2.3769034209253563,0.29228734010810165,0.001,-8.639523472951353,12.0,3.0,6.0,5.0,0
15181000000,1505,15181000000,,0.0,-0.2915151070081503,2.6469842574030475,0.2915151070081503,0.001,-10.26047624378283,12.0,3.0,6.0,5.0,0
15191000000,1506,15191000000,,0.0,-0.2914081200964791,2.3779338356773994,0.2914081200964791,0.001,-8.63868289348023,12.0,3.0,6.0,5.0,0
15201000000,1507,15201000000,,0.0,-0.2906361017088548,2.648285050050152,0.2906361017088548,0.001,-10.26128175834322,12.0,3.0,6.0,5.0,0
15211000000,1508,15211000000,,0.0,-0.2905301029926468,2.3789587495812174,0.2905301029926468,0.001,-8.63784756519173,12.0,3.0,6.0,5.0,0
15221000000,1509,15221000000,,0.0,-0.2897583201262721,2.649579165677975,0.2897583201262721,0.001,-10.262085180981934,12.0,3.0,6.0,5.0,0
15231000000,1510,15231000000,,0.0,-0.28965332641008157,2.379978255917816,0.28965332641008157,0.001,-8.637017523096656,12.0,3.0,6.0,5.0,0
15241000000,1511,15241000000,,0.0,-0.2888817985973615,2.650866680522848,0.2888817985973615,0.001,-10.26288645869386,12.0,3.0,6.0,5.0,0
15251000000,1512,15251000000,,0.0,-0.28877782541500885,2.3809924424160496,0.28877782541500885,0.001,-8.636192797307181,12.0,3.0,6.0,5.0,0
15261000000,1513,15261000000,,0.0,-0.28800657099529836,2.6521476667085992,0.28800657099529836,0.001,-10.263685541233748,12.0,3.0,6.0,5.0,0
15271000000,1514,15271000000,,0.0,-0.2879036326938085,2.382001391605151,0.2879036326938085,0.001,-8.635373413296385,12.0,3.0,6.0,5.0,0
15281000000,1515,15281000000,,0.0,-0.28713266889137845,2.6534221925251904,0.28713266889137845,0.001,-10.264482381005198,12.0,3.0,6.0,5.0,0
15291000000,1516,15291000000,,0.0,-0.2870307787093811,2.3830051811709407,0.2870307787093811,0.001,-8.6345593922273,12.0,3.0,6.0,5.0,0
15301000000,1517,15301000000,,0.0,-0.28626012170600657,2.654690322721005,0.28626012170600657,0.001,-10.265276933172522,12.0,3.0,6.0,5.0,0
15311000000,1518,15311000000,,0.0,-0.28615929184686095,2.384003884282448,0.28615929184686095,0.001,-8.633750751320822,12.0,3.0,6.0,5.0,0
15321000000,1519,15321000000,,0.0,-0.285388956849844,2.6559521186663835,0.285388956849844,0.001,-10.266069155050634,12.0,3.0,6.0,5.0,0
15331000000,1520,15331000000,,0.0,-0.28528919855004453,2.384997569843218,0.28528919855004453,0.001,-8.632947503921567,12.0,3.0,6.0,5.0,0
15341000000,1521,15341000000,,0.0,-0.2845191998554677,2.6572076386575665,0.2845191998554677,0.001,-10.266859006426644,12.0,3.0,6.0,5.0,0
15351000000,1522,15351000000,,0.0,-0.2844205234483379,2.385986302848044,0.2844205234483379,0.001,-8.632149660101295,12.0,3.0,6.0,5.0,0
15361000000,1523,15361000000,,0.0,-0.28365087450028525,2.658456938058383,0.28365087450028525,0.001,-10.267646449136771,12.0,3.0,6.0,5.0,0
15371000000,1524,15371000000,,0.0,-0.2835532894755808,2.3869701445655394,0.2835532894755808,0.001,-8.631357226531764,12.0,3.0,6.0,5.0,0
15381000000,1525,15381000000,,0.0,-0.2827840029213622,2.659700069539684,0.2827840029213622,0.001,-10.26843144710625,12.0,3.0,6.0,5.0,0
15391000000,1526,15391000000,,0.0,-0.2826875179809143,2.3879491528318004,0.2826875179809143,0.001,-8.630570206968448,12.0,3.0,6.0,5.0,0
15401000000,1527,15401000000,,0.0,-0.2819186057226366,2.660937083221844,0.2819186057226366,0.001,-10.269213966132874,12.0,3.0,6.0,5.0,0
15411000000,1528,15411000000,,0.0,-0.28182322883217825,2.388923382269547,0.28182322883217825,0.001,-8.629788602444448,12.0,3.0,6.0,5.0,0
15421000000,1529,15421000000,,0.0,-0.28105470207494143,2.6621680268703702,0.28105470207494143,0.001,-10.269993973862562,12.0,3.0,6.0,5.0,0
15431000000,1530,15431000000,,0.0,-0.2809604405127164,2.3898928844708225,0.2809604405127164,0.001,-8.629012411255076,12.0,3.0,6.0,5.0,0
15441000000,1531,15441000000,,0.0,-0.28019230980951804,2.663392946041027,0.28019230980951804,0.001,-10.270771439645403,12.0,3.0,6.0,5.0,0
15451000000,1532,15451000000,,0.0,-0.2800991702115043,2.3908577082310125,0.2800991702115043,0.001,-8.62824162940067,12.0,3.0,6.0,5.0,0
15461000000,1533,15461000000,,0.0,-0.27933144550528066,2.6646118842225093,0.27933144550528066,0.001,-10.271546334450623,12.0,3.0,6.0,5.0,0
15471000000,1534,15471000000,,0.0,-0.2792394339074864,2.39181789970863,0.2792394339074864,0.001,-8.627476250560768,12.0,3.0,6.0,5.0,0
15481000000,1535,15481000000,,0.0,-0.2784721245702704,2.6658248830012816,0.2784721245702704,0.001,-10.272318630910172,12.0,3.0,6.0,5.0,0
15491000000,1536,15491000000,,0.0,-0.2783812464482702,2.3927735026219112,0.2783812464482702,0.001,-8.626716266445532,12.0,3.0,6.0,5.0,0
15501000000,1537,15501000000,,0.0,-0.27761436131789097,2.667031982136129,0.27761436131789097,0.001,-10.273088302940614,12.0,3.0,6.0,5.0,0
15511000000,1538,15511000000,,0.0,-0.27752462162369174,2.3937245583790427,0.27752462162369174,0.001,-8.62596166676718,12.0,3.0,6.0,5.0,0
15521000000,1539,15521000000,,0.0,-0.2767581690379304,2.668233219722735,0.2767581690379304,0.001,-10.27385532594542,12.0,3.0,6.0,5.0,0
15531000000,1540,15531000000,,0.0,-0.2766695722344359,2.3946711062559123,0.2766695722344359,0.001,-8.625212439442357,12.0,3.0,6.0,5.0,0
15541000000,1541,15541000000,,0.0,-0.27590356006295735,2.6694286323053795,0.27590356006295735,0.001,-10.274619676722258,12.0,3.0,6.0,5.0,0
15551000000,1542,15551000000,,0.0,-0.2758161101561667,2.3956131835310153,0.2758161101561667,0.001,-8.62446857082844,12.0,3.0,6.0,5.0,0
15561000000,1543,15561000000,,0.0,-0.2750505458304042,2.670618254945844,0.2750505458304042,0.001,-10.27538133322105,12.0,3.0,6.0,5.0,0
15571000000,1544,15571000000,,0.0,-0.2749642463994677,2.396550825604655,0.2749642463994677,0.001,-8.623730045697306,12.0,3.0,6.0,5.0,0
15581000000,1545,15581000000,,0.0,-0.2741991369404948,2.6718021213354204,0.2741991369404948,0.001,-10.276140274545458,12.0,3.0,6.0,5.0,0
15591000000,1546,15591000000,,0.0,-0.27411399116585144,2.3974840661195933,0.27411399116585144,0.001,-8.622996847343408,12.0,3.0,6.0,5.0,0
15601000000,1547,15601000000,,0.0,-0.2733493432103389,2.6729802639123625,0.2733493432103389,0.001,-10.276896481076959,12.0,3.0,6.0,5.0,0
15611000000,1548,15611000000,,0.0,-0.27326535389989814,2.398412937112607,0.27326535389989814,0.001,-8.622268957926911,12.0,3.0,6.0,5.0,0
15621000000,1549,15621000000,,0.0,-0.2725011737245788,2.674152713901128,0.2725011737245788,0.001,-10.277649934130904,12.0,3.0,6.0,5.0,0
15631000000,1550,15631000000,,0.0,-0.27241834333830184,2.399337469068488,0.27241834333830184,0.001,-8.62154635823272,12.0,3.0,6.0,5.0,0
15641000000,1551,15641000000,,0.0,-0.27165463688259184,2.675319501435035,0.27165463688259184,0.001,-10.278400616178569,12.0,3.0,6.0,5.0,0
15651000000,1552,15651000000,,0.0,-0.2715729675553966,2.400257691052395,0.2715729675553966,0.001,-8.62082902796988,12.0,3.0,6.0,5.0,0
15661000000,1553,15661000000,,0.0,-0.2708097404426395,2.676480655602092,0.2708097404426395,0.001,-10.279148510612806,12.0,3.0,6.0,5.0,0
15671000000,1554,15671000000,,0.0,-0.2707292340057412,2.4011736308168343,0.2707292340057412,0.001,-8.620116945981037,12.0,3.0,6.0,5.0,0
15681000000,1555,15681000000,,0.0,-0.26996649156313346,2.6776362045033104,0.26996649156313346,0.001,-10.279893601684343,12.0,3.0,6.0,5.0,0
15691000000,1556,15691000000,,0.0,-0.2698871495641608,2.4020853148354004,0.2698871495641608,0.001,-8.61941008991509,12.0,3.0,6.0,5.0,0
15701000000,1557,15701000000,,0.0,-0.269124896841193,2.678786175358008,0.269124896841193,0.001,-10.280635874670645,12.0,3.0,6.0,5.0,0
15711000000,1558,15711000000,,0.0,-0.26904672056281864,2.4029927684431334,0.26904672056281864,0.001,-8.618708436753831,12.0,3.0,6.0,5.0,0
15721000000,1559,15721000000,,0.0,-0.2682849623486767,2.6799305945242384,0.2682849623486767,0.001,-10.281375315582642,12.0,3.0,6.0,5.0,0
15731000000,1560,15731000000,,0.0,-0.2682079528260939,2.40389601587869,0.2682079528260939,0.001,-8.618011962574059,12.0,3.0,6.0,5.0,0
15741000000,1561,15741000000,,0.0,-0.2674466936658222,2.6810694875783243,0.2674466936658222,0.001,-10.282111911329679,12.0,3.0,6.0,5.0,0
15751000000,1562,15751000000,,0.0,-0.26737085170311214,2.4047950803663922,0.26737085170311214,0.001,-8.617320642778164,12.0,3.0,6.0,5.0,0
15761000000,1563,15761000000,,0.0,-0.2666100959127533,2.682202879363663,0.2666100959127533,0.001,-10.282845649577737,12.0,3.0,6.0,5.0,0
15771000000,1564,15771000000,,0.0,-0.2665354220981051,2.405689984187352,0.2665354220981051,0.001,-8.616634452141053,12.0,3.0,6.0,5.0,0
15781000000,1565,15781000000,,0.0,-0.2657751737788736,2.6833307940061735,0.2657751737788736,0.001,-10.283576518604539,12.0,3.0,6.0,5.0,0
15791000000,1566,15791000000,,0.0,-0.26570166849892907,2.4065807487157063,0.26570166849892907,0.001,-8.615953364706845,12.0,3.0,6.0,5.0,0
15801000000,1567,15801000000,,0.0,-0.26494193155041756,2.6844532550277647,0.26494193155041756,0.001,-10.284304507622704,12.0,3.0,6.0,5.0,0
15811000000,1568,15811000000,,0.0,-0.264869595003538,2.4074673945194602,0.264869595003538,0.001,-8.61527735406023,12.0,3.0,6.0,5.0,0
15821000000,1569,15821000000,,0.0,-0.26411037313606744,2.685570285317603,0.26411037313606744,0.001,-10.28502960630385,12.0,3.0,6.0,5.0,0
15831000000,1570,15831000000,,0.0,-0.26403920534481706,2.408349941381406,0.26403920534481706,0.001,-8.614606393285525,12.0,3.0,6.0,5.0,0
15841000000,1571,15841000000,,0.0,-0.2632805020910549,2.6866819072241532,0.2632805020910549,0.001,-10.285751805145399,12.0,3.0,6.0,5.0,0
15851000000,1572,15851000000,,0.0,-0.2632105029139238,2.4092284083623094,0.2632105029139238,0.001,-8.613940454979522,12.0,3.0,6.0,5.0,0
15861000000,1573,15861000000,,0.0,-0.2624523216396355,2.687788142563007,0.2624523216396355,0.001,-10.286471095178712,12.0,3.0,6.0,5.0,0
15871000000,1574,15871000000,,0.0,-0.26238349078190204,2.4101028138405534,0.26238349078190204,0.001,-8.613279511326342,12.0,3.0,6.0,5.0,0
15881000000,1575,15881000000,,0.0,-0.26162583469611533,2.6888890126533647,0.26162583469611533,0.001,-10.287187467981086,12.0,3.0,6.0,5.0,0
15891000000,1576,15891000000,,0.0,-0.2615581717200204,2.410973175576889,0.2615581717200204,0.001,-8.612623534191671,12.0,3.0,6.0,5.0,0
15901000000,1577,15901000000,,0.0,-0.2608010438844417,2.6899845383700907,0.2608010438844417,0.001,-10.287900915820988,12.0,3.0,6.0,5.0,0
15911000000,1578,15911000000,,0.0,-0.2607345482188057,2.41183951072051,0.2607345482188057,0.001,-8.611972495012989,12.0,3.0,6.0,5.0,0
15921000000,1579,15921000000,,0.0,-0.25997795155667536,2.69107474015048,0.25997795155667536,0.001,-10.288611431447876,12.0,3.0,6.0,5.0,0
15931000000,1580,15931000000,,0.0,-0.25991262250570735,2.412701835890492,0.25991262250570735,0.001,-8.611326365051507,12.0,3.0,6.0,5.0,0
15941000000,1581,15941000000,,0.0,-0.25915655981008356,2.6921596380394455,0.25915655981008356,0.001,-10.28931900815331,12.0,3.0,6.0,5.0,0
15951000000,1582,15951000000,,0.0,-0.25909239656182503,2.413560167180951,0.25909239656182503,0.001,-8.610685115228007,12.0,3.0,6.0,5.0,0
15961000000,1583,15961000000,,0.0,-0.25833687050331555,2.693239251707668,0.25833687050331555,0.001,-10.290023639751464,12.0,3.0,6.0,5.0,0
15971000000,1584,15971000000,,0.0,-0.25827387213736763,2.414414520211919,0.25827387213736763,0.001,-8.610048716324643,12.0,3.0,6.0,5.0,0
15981000000,1585,15981000000,,0.0,-0.25751888527141187,2.69431360045861,0.25751888527141187,0.001,-10.290725320412845,12.0,3.0,6.0,5.0,0
15991000000,1586,15991000000,,0.0,-0.2574570507663214,2.4152649101295225,0.2574570507663214,0.001,-8.609417138721062,12.0,3.0,6.0,5.0,0
16001000000,1587,16001000000,,0.0,-0.25670260553985,2.695382703309128,0.25670260553985,0.001,-10.29142404505226,12.0,3.0,6.0,5.0,0
16011000000,1588,16011000000,,0.0,-0.2566419337798642,2.4161113516907413,0.2566419337798642,0.001,-8.608790352848153,12.0,3.0,6.0,5.0,0
16021000000,1589,16021000000,,0.0,-0.2558880325377775,2.696446578939238,0.2558880325377775,0.001,-10.292119808782491,12.0,3.0,6.0,5.0,0
16031000000,1590,16031000000,,0.0,-0.2558285223192769,2.416953859241894,0.2558285223192769,0.001,-8.608168328884998,12.0,3.0,6.0,5.0,0
16041000000,1591,16041000000,,0.0,-0.2550751673102898,2.69750524575978,0.2550751673102898,0.001,-10.292812607279258,12.0,3.0,6.0,5.0,0
16051000000,1592,16051000000,,0.0,-0.25501681734774984,2.417792446771201,0.25501681734774984,0.001,-8.607551036899979,12.0,3.0,6.0,5.0,0
16061000000,1593,16061000000,,0.0,-0.25426401072999383,2.6985587219046936,0.25426401072999383,0.001,-10.293502436578514,12.0,3.0,6.0,5.0,0
16071000000,1594,16071000000,,0.0,-0.2542068196615892,2.4186271279244713,0.2542068196615892,0.001,-8.60693844688651,12.0,3.0,6.0,5.0,0
16081000000,1595,16081000000,,0.0,-0.25345456350780626,2.699607025274196,0.25345456350780626,0.001,-10.294189293154044,12.0,3.0,6.0,5.0,0
16091000000,1596,16091000000,,0.0,-0.2533985299006565,2.419457916024946,0.2533985299006565,0.001,-8.606330528711382,12.0,3.0,6.0,5.0,0
16101000000,1597,16101000000,,0.0,-0.2526468262030317,2.7006501735273756,0.2526468262030317,0.001,-10.294873173875173,12.0,3.0,6.0,5.0,0
16111000000,1598,16111000000,,0.0,-0.2525919485580923,2.4202848240948693,0.2525919485580923,0.001,-8.60572725217769,12.0,3.0,6.0,5.0,0
16121000000,1599,16121000000,,0.0,-0.2518407992328404,2.701688184118817,0.2518407992328404,0.001,-10.295554076029708,12.0,3.0,6.0,5.0,0
16131000000,1600,16131000000,,0.0,-0.25178707598951977,2.42110786488926,0.25178707598951977,0.001,-8.605128587130718,12.0,3.0,6.0,5.0,0
16141000000,1601,16141000000,,0.0,-0.2510364828811742,2.702721074276714,0.2510364828811742,0.001,-10.296231997113406,12.0,3.0,6.0,5.0,0
16151000000,1602,16151000000,,0.0,-0.2509839124216118,2.4219270508888737,0.2509839124216118,0.001,-8.604534503277858,12.0,3.0,6.0,5.0,0
16161000000,1603,16161000000,,0.0,-0.2502338773070045,2.7037488610643283,0.2502338773070045,0.001,-10.296906935154258,12.0,3.0,6.0,5.0,0
16171000000,1604,16171000000,,0.0,-0.250182457960066,2.4227423943509585,0.250182457960066,0.001,-8.60394497038282,12.0,3.0,6.0,5.0,0
16181000000,1605,16181000000,,0.0,-0.24943298255203405,2.7047715613676915,0.24943298255203405,0.001,-10.297578888488765,12.0,3.0,6.0,5.0,0
16191000000,1606,16191000000,,0.0,-0.24938271259711886,2.423553907293933,0.24938271259711886,0.001,-8.60335995824643,12.0,3.0,6.0,5.0,0
16201000000,1607,16201000000,,0.0,-0.24863379854812262,2.7057891918785097,0.24863379854812262,0.001,-10.298247855615667,12.0,3.0,6.0,5.0,0
16211000000,1608,16211000000,,0.0,-0.24858467621871227,2.424361601517904,0.24858467621871227,0.001,-8.602779436531293,12.0,3.0,6.0,5.0,0
16221000000,1609,16221000000,,0.0,-0.24783632512398324,2.7068017691797333,0.24783632512398324,0.001,-10.298913835633552,12.0,3.0,6.0,5.0,0
16231000000,1610,16231000000,,0.0,-0.2477883486108743,2.4251654886543554,0.2477883486108743,0.001,-8.602203375144356,12.0,3.0,6.0,5.0,0
16241000000,1611,16241000000,,0.0,-0.24704056201161784,2.707809309663355,0.24704056201161784,0.001,-10.29957682762605,12.0,3.0,6.0,5.0,0
16251000000,1612,16251000000,,0.0,-0.24699372946609444,2.4259655801164217,0.24699372946609444,0.001,-8.601631743819807,12.0,3.0,6.0,5.0,0
16261000000,1613,16261000000,,0.0,-0.24624650885231159,2.7088118296237953,0.24624650885231159,0.001,-10.30023683126695,12.0,3.0,6.0,5.0,0
16271000000,1614,16271000000,,0.0,-0.2462008183890081,2.4267618871703487,0.2462008183890081,0.001,-8.60106451249328,12.0,3.0,6.0,5.0,0
16281000000,1615,16281000000,,0.0,-0.2454541652022293,2.7098093452216103,0.2454541652022293,0.001,-10.300893846433251,12.0,3.0,6.0,5.0,0
16291000000,1616,16291000000,,0.0,-0.245409614901825,2.427554420934218,0.245409614901825,0.001,-8.600501651183187,12.0,3.0,6.0,5.0,0
16301000000,1617,16301000000,,0.0,-0.24466353053768142,2.7108018724812726,0.24466353053768142,0.001,-10.3015478731682,12.0,3.0,6.0,5.0,0
16311000000,1618,16311000000,,0.0,-0.2446201184494745,2.428343192343516,0.2446201184494745,0.001,-8.599943129832493,12.0,3.0,6.0,5.0,0
16321000000,1619,16321000000,,0.0,-0.24387460426000107,2.711789427333928,0.24387460426000107,0.001,-10.302198911893878,12.0,3.0,6.0,5.0,0
16331000000,1620,16331000000,,0.0,-0.2438323284043351,2.429128212218673,0.2438323284043351,0.001,-8.599388918554888,12.0,3.0,6.0,5.0,0
16341000000,1621,16341000000,,0.0,-0.24308738570026556,2.7127720255987064,0.24308738570026556,0.001,-10.302846963257608,12.0,3.0,6.0,5.0,0
16351000000,1622,16351000000,,0.0,-0.24304624407068776,2.429909491249545,0.24304624407068776,0.001,-8.598838987564239,12.0,3.0,6.0,5.0,0
16361000000,1623,16361000000,,0.0,-0.24230187412354276,2.7137496830143353,0.24230187412354276,0.001,-10.303492028244962,12.0,3.0,6.0,5.0,0
16371000000,1624,16371000000,,0.0,-0.2422618646889232,2.4306870400059157,0.2422618646889232,0.001,-8.598293307144026,12.0,3.0,6.0,5.0,0
16381000000,1625,16381000000,,0.0,-0.2415180687330043,2.714722415212695,0.2415180687330043,0.001,-10.304134107963696,12.0,3.0,6.0,5.0,0
16391000000,1626,16391000000,,0.0,-0.24147918943955826,2.431460868940407,0.24147918943955826,0.001,-8.597751847645494,12.0,3.0,6.0,5.0,0
16401000000,1627,16401000000,,0.0,-0.24073596867369318,2.7156902377494063,0.24073596867369318,0.001,-10.304773203857913,12.0,3.0,6.0,5.0,0
16411000000,1628,16411000000,,0.0,-0.24069821744672826,2.4322309884164057,0.24069821744672826,0.001,-8.597214579625078,12.0,3.0,6.0,5.0,0
16421000000,1629,16421000000,,0.0,-0.23995557303614312,2.7166531661016258,0.23995557303614312,0.001,-10.305409317588087,12.0,3.0,6.0,5.0,0
16431000000,1630,16431000000,,0.0,-0.23991894778187106,2.432997408689155,0.23991894778187106,0.001,-8.596681473643592,12.0,3.0,6.0,5.0,0
16441000000,1631,16441000000,,0.0,-0.23917688085970745,2.717611215678347,0.23917688085970745,0.001,-10.30604245104754,12.0,3.0,6.0,5.0,0
16451000000,1632,16451000000,,0.0,-0.23914137946680558,2.433760139930177,0.23914137946680558,0.001,-8.59615250046682,12.0,3.0,6.0,5.0,0
16461000000,1633,16461000000,,0.0,-0.23839989113572635,2.718564401792009,0.23839989113572635,0.001,-10.306672606242167,12.0,3.0,6.0,5.0,0
16471000000,1634,16471000000,,0.0,-0.23836551147690788,2.434519192222546,0.23836551147690788,0.001,-8.59562763089706,12.0,3.0,6.0,5.0,0
16481000000,1635,16481000000,,0.0,-0.2376246028104605,2.719512739741674,0.2376246028104605,0.001,-10.30729978565767,12.0,3.0,6.0,5.0,0
16491000000,1636,16491000000,,0.0,-0.23759134274383698,2.4352745755943825,0.23759134274383698,0.001,-8.595106836020207,12.0,3.0,6.0,5.0,0
16501000000,1637,16501000000,,0.0,-0.2368510147878906,2.720456244712065,0.2368510147878906,0.001,-10.307923991658381,12.0,3.0,6.0,5.0,0
16511000000,1638,16511000000,,0.0,-0.23681887215836106,2.436026299973216,0.23681887215836106,0.001,-8.59459008686531,12.0,3.0,6.0,5.0,0
16521000000,1639,16521000000,,0.0,-0.2360791259322914,2.721394931870508,0.2360791259322914,0.001,-10.308545227076998,12.0,3.0,6.0,5.0,0
16531000000,1640,16531000000,,0.0,-0.2360480985727813,2.436774375243214,0.2360480985727813,0.001,-8.59407735472956,12.0,3.0,6.0,5.0,0
16541000000,1641,16541000000,,0.0,-0.23530893507073092,2.7223288163159,0.23530893507073092,0.001,-10.309163494845839,12.0,3.0,6.0,5.0,0
16551000000,1642,16551000000,,0.0,-0.23527902080336105,2.437518811216957,0.23527902080336105,0.001,-8.593568610991502,12.0,3.0,6.0,5.0,0
16561000000,1643,16561000000,,0.0,-0.23454044099532112,2.7232579130953756,0.23454044099532112,0.001,-10.309778798057236,12.0,3.0,6.0,5.0,0
16571000000,1644,16571000000,,0.0,-0.23451163763250538,2.438259617660562,0.23451163763250538,0.001,-8.59306382722552,12.0,3.0,6.0,5.0,0
16581000000,1645,16581000000,,0.0,-0.2337736424653718,2.7241822372093143,0.2337736424653718,0.001,-10.310391140009017,12.0,3.0,6.0,5.0,0
16591000000,1646,16591000000,,0.0,-0.23374594781088387,2.4389968042756642,0.23374594781088387,0.001,-8.59256297506111,12.0,3.0,6.0,5.0,0
16601000000,1647,16601000000,,0.0,-0.23300853820945644,2.7251018036382693,0.23300853820945644,0.001,-10.311000524325497,12.0,3.0,6.0,5.0,0
16611000000,1648,16611000000,,0.0,-0.23298195005936062,2.4397303807382515,0.23298195005936062,0.001,-8.592066026422655,12.0,3.0,6.0,5.0,0
16621000000,1649,16621000000,,0.0,-0.23224512692730137,2.726016627281944,0.23224512692730137,0.001,-10.31160695454222,12.0,3.0,6.0,5.0,0
16631000000,1650,16631000000,,0.0,-0.23221964307093046,2.440460356652431,0.23221964307093046,0.001,-8.591572953220172,12.0,3.0,6.0,5.0,0
16641000000,1651,16641000000,,0.0,-0.23148340729159234,2.726926723038817,0.23148340729159234,0.001,-10.312210434613563,12.0,3.0,6.0,5.0,0
16651000000,1652,16651000000,,0.0,-0.23145902551230524,2.4411867416102186,0.23145902551230524,0.001,-8.591083727667613,12.0,3.0,6.0,5.0,0
16661000000,1653,16661000000,,0.0,-0.23072337794963094,2.727832105738213,0.23072337794963094,0.001,-10.312810968462742,12.0,3.0,6.0,5.0,0
16671000000,1654,16671000000,,0.0,-0.23070009602571684,2.441909545144027,0.23070009602571684,0.001,-8.590598322006953,12.0,3.0,6.0,5.0,0
16681000000,1655,16681000000,,0.0,-0.2299650375249156,2.7287327902137584,0.2299650375249156,0.001,-10.313408560406636,12.0,3.0,6.0,5.0,0
16691000000,1656,16691000000,,0.0,-0.2299428532302894,2.4426287767678403,0.2299428532302894,0.001,-8.590116708722306,12.0,3.0,6.0,5.0,0
16701000000,1657,16701000000,,0.0,-0.2292083846186781,2.7296287912424697,0.2292083846186781,0.001,-10.3140032147657,12.0,3.0,6.0,5.0,0
16711000000,1658,16711000000,,0.0,-0.2291872957235883,2.4433444459718854,0.2291872957235883,0.001,-8.589638860501351,12.0,3.0,6.0,5.0,0
16721000000,1659,16721000000,,0.0,-0.22845341781125494,2.7305201235651104,0.22845341781125494,0.001,-10.3145949359607,12.0,3.0,6.0,5.0,0
16731000000,1660,16731000000,,0.0,-0.22843342208302175,2.444056562186331,0.22843342208302175,0.001,-8.589164750006594,12.0,3.0,6.0,5.0,0
16741000000,1661,16741000000,,0.0,-0.2277001356634134,2.7314068019199715,0.2277001356634134,0.001,-10.31518372874315,12.0,3.0,6.0,5.0,0
16751000000,1662,16751000000,,0.0,-0.22768123086695002,2.444765134850602,0.22768123086695002,0.001,-8.588694350262916,12.0,3.0,6.0,5.0,0
16761000000,1663,16761000000,,0.0,-0.22694853671757187,2.73228884099995,0.22694853671757187,0.001,-10.31576959791535,12.0,3.0,6.0,5.0,0
16771000000,1664,16771000000,,0.0,-0.2269307206160498,2.4454701733691513,0.2269307206160498,0.001,-8.588227634365188,12.0,3.0,6.0,5.0,0
16781000000,1665,16781000000,,0.0,-0.22619861949901665,2.7331662554816303,0.22619861949901665,0.001,-10.316352548434086,12.0,3.0,6.0,5.0,0
16791000000,1666,16791000000,,0.0,-0.22618188985438792,2.4461716871200228,0.22618188985438792,0.001,-8.587764575578316,12.0,3.0,6.0,5.0,0
16801000000,1667,16801000000,,0.0,-0.22545038251694738,2.734039060010087,0.22545038251694738,0.001,-10.316932585361773,12.0,3.0,6.0,5.0,0
16811000000,1668,16811000000,,0.0,-0.22543473709046502,2.4468696854715124,0.22543473709046502,0.001,-8.587305147341675,12.0,3.0,6.0,5.0,0
16821000000,1669,16821000000,,0.0,-0.22470382426556146,2.734907269221602,0.22470382426556146,0.001,-10.317509713992928,12.0,3.0,6.0,5.0,0
16831000000,1670,16831000000,,0.0,-0.22468926081827334,2.4475641777717256,0.22468926081827334,0.001,-8.58684932326264,12.0,3.0,6.0,5.0,0
16841000000,1671,16841000000,,0.0,-0.22395894322495913,2.73577089772494,0.22395894322495913,0.001,-10.318083939689647,12.0,3.0,6.0,5.0,0
16851000000,1672,16851000000,,0.0,-0.22394545951815648,2.4482551733536004,0.22394545951815648,0.001,-8.586397077117766,12.0,3.0,6.0,5.0,0
16861000000,1673,16861000000,,0.0,-0.22321573786218796,2.736629960103718,0.22321573786218796,0.001,-10.318655267939137,12.0,3.0,6.0,5.0,0
16871000000,1674,16871000000,,0.0,-0.2232033316578388,2.4489426815393553,0.2232033316578388,0.001,-8.585948382851878,12.0,3.0,6.0,5.0,0
16881000000,1675,16881000000,,0.0,-0.2224742066319756,2.737484470927674,0.2224742066319756,0.001,-10.319223704377684,12.0,3.0,6.0,5.0,0
16891000000,1676,16891000000,,0.0,-0.22246287569314038,2.4496267116347483,0.22246287569314038,0.001,-8.585503214527604,12.0,3.0,6.0,5.0,0
16901000000,1677,16901000000,,0.0,-0.22173434797761704,2.738334444760654,0.22173434797761704,0.001,-10.319789254807349,12.0,3.0,6.0,5.0,0
16911000000,1678,16911000000,,0.0,-0.22172409006880311,2.4503072729521733,0.22172409006880311,0.001,-8.585061546497318,12.0,3.0,6.0,5.0,0
16921000000,1679,16921000000,,0.0,-0.22099616033176694,2.739179896121251,0.22099616033176694,0.001,-10.320351925032567,12.0,3.0,6.0,5.0,0
16931000000,1680,16931000000,,0.0,-0.2209869732193228,2.4509843747644,0.2209869732193228,0.001,-8.584623353100714,12.0,3.0,6.0,5.0,0
16941000000,1681,16941000000,,0.0,-0.2202596421170835,2.740020839551074,0.2202596421170835,0.001,-10.320911721156818,12.0,3.0,6.0,5.0,0
16951000000,1682,16951000000,,0.0,-0.22025152356947775,2.4516580263730625,0.22025152356947775,0.001,-8.584188609016087,12.0,3.0,6.0,5.0,0
16961000000,1683,16961000000,,0.0,-0.21952479174695405,2.7408572895399295,0.21952479174695405,0.001,-10.32146864921743,12.0,3.0,6.0,5.0,0
16971000000,1684,16971000000,,0.0,-0.2195177395351342,2.452328237056888,0.2195177395351342,0.001,-8.583757289059392,12.0,3.0,6.0,5.0,0
16981000000,1685,16981000000,,0.0,-0.21879160762618977,2.74168926057438,0.21879160762618977,0.001,-10.322022715401605,12.0,3.0,6.0,5.0,0
16991000000,1686,16991000000,,0.0,-0.21878561952390108,2.4529950160714993,0.21878561952390108,0.001,-8.5833293680117,12.0,3.0,6.0,5.0,0
17001000000,1687,17001000000,,0.0,-0.21806008815154332,2.7425167671651445,0.21806008815154332,0.001,-10.32257392623788,12.0,3.0,6.0,5.0,0
17011000000,1688,17011000000,,0.0,-0.21805516193551266,2.4536583727176184,0.21805516193551266,0.001,-8.582904821195942,12.0,3.0,6.0,5.0,0
17021000000,1689,17021000000,,0.0,-0.21733023171237953,2.7433398237312634,0.21733023171237953,0.001,-10.32312228792774,12.0,3.0,6.0,5.0,0
17031000000,1690,17031000000,,0.0,-0.21732636516268045,2.454318316235666,0.21732636516268045,0.001,-8.58248362369443,12.0,3.0,6.0,5.0,0
17041000000,1691,17041000000,,0.0,-0.21660203669109457,2.7441584447731966,0.21660203669109457,0.001,-10.323667807294909,12.0,3.0,6.0,5.0,0
17051000000,1692,17051000000,,0.0,-0.21659922759130534,2.454974855918969,0.21659922759130534,0.001,-8.582065751146079,12.0,3.0,6.0,5.0,0
17061000000,1693,17061000000,,0.0,-0.2158755014638043,2.7449726446869027,0.2158755014638043,0.001,-10.324210490727673,12.0,3.0,6.0,5.0,0
17071000000,1694,17071000000,,0.0,-0.21587374760132416,2.4556280010108127,0.21587374760132416,0.001,-8.581651178979898,12.0,3.0,6.0,5.0,0
17081000000,1695,17081000000,,0.0,-0.21515062440061872,2.745782437933625,0.21515062440061872,0.001,-10.324750345161824,12.0,3.0,6.0,5.0,0
17091000000,1696,17091000000,,0.0,-0.21514992356678686,2.456277760796655,0.21514992356678686,0.001,-8.5812398831232,12.0,3.0,6.0,5.0,0
17101000000,1697,17101000000,,0.0,-0.21442740386627968,2.7465878389160316,0.21442740386627968,0.001,-10.325287377369913,12.0,3.0,6.0,5.0,0
17111000000,1698,17111000000,,0.0,-0.21442775385664792,2.456924144533626,0.21442775385664792,0.001,-8.580831839438185,12.0,3.0,6.0,5.0,0
17121000000,1699,17121000000,,0.0,-0.21370583822046196,2.747388862043373,0.21370583822046196,0.001,-10.325821594293684,12.0,3.0,6.0,5.0,0
17131000000,1700,17131000000,,0.0,-0.2137072368349875,2.457567161486828,0.2137072368349875,0.001,-8.580427024012703,12.0,3.0,6.0,5.0,0
17141000000,1701,17141000000,,0.0,-0.21298592581825204,2.748185521721239,0.21298592581825204,0.001,-10.326353003022628,12.0,3.0,6.0,5.0,0
17151000000,1702,17151000000,,0.0,-0.2129883708614173,2.4582068209436567,0.2129883708614173,0.001,-8.580025413219605,12.0,3.0,6.0,5.0,0
17161000000,1703,17161000000,,0.0,-0.21226766501051575,2.7489778323259237,0.21226766501051575,0.001,-10.326881610619298,12.0,3.0,6.0,5.0,0
17171000000,1704,17171000000,,0.0,-0.21227115429154342,2.4588431321647137,0.21227115429154342,0.001,-8.579626983428994,12.0,3.0,6.0,5.0,0
17181000000,1705,17181000000,,0.0,-0.2115510541442438,2.749765808239067,0.2115510541442438,0.001,-10.327407424317915,12.0,3.0,6.0,5.0,0
17191000000,1706,17191000000,,0.0,-0.21155558547722997,2.459476104428641,0.21155558547722997,0.001,-8.579231711218458,12.0,3.0,6.0,5.0,0
17201000000,1707,17201000000,,0.0,-0.21083609156289995,2.7505494638404016,0.21083609156289995,0.001,-10.32793045147779,12.0,3.0,6.0,5.0,0
17211000000,1708,17211000000,,0.0,-0.21084166276695626,2.4601057470269376,0.21084166276695626,0.001,-8.578839573443616,12.0,3.0,6.0,5.0,0
17221000000,1709,17221000000,,0.0,-0.21012277560675052,2.751328813464803,0.21012277560675052,0.001,-10.32845069934507,12.0,3.0,6.0,5.0,0
17231000000,1710,17231000000,,0.0,-0.2101293845061969,2.4607320692293237,0.2101293845061969,0.001,-8.57845054692997,12.0,3.0,6.0,5.0,0
17241000000,1711,17241000000,,0.0,-0.20941110461319656,2.752103871490246,0.20941110461319656,0.001,-10.32896817553923,12.0,3.0,6.0,5.0,0
17251000000,1712,17251000000,,0.0,-0.2094187490375763,2.461355080348259,0.2094187490375763,0.001,-8.578064608876245,12.0,3.0,6.0,5.0,0
17261000000,1713,17261000000,,0.0,-0.2087010769169826,2.7528746522406684,0.2087010769169826,0.001,-10.32948288749116,12.0,3.0,6.0,5.0,0
17271000000,1714,17271000000,,0.0,-0.20870975470130126,2.461974789659582,0.20870975470130126,0.001,-8.577681736417704,12.0,3.0,6.0,5.0,0
17281000000,1715,17281000000,,0.0,-0.20799269085054561,2.7536411700594776,0.20799269085054561,0.001,-10.329994842886787,12.0,3.0,6.0,5.0,0
17291000000,1716,17291000000,,0.0,-0.20800239983531554,2.462591206478826,0.20800239983531554,0.001,-8.577301907072064,12.0,3.0,6.0,5.0,0
17301000000,1717,17301000000,,0.0,-0.20728594474425321,2.7544034392613392,0.20728594474425321,0.001,-10.33050404934459,12.0,3.0,6.0,5.0,0
17311000000,1718,17311000000,,0.0,-0.20729668277558666,2.463204340110727,0.20729668277558666,0.001,-8.576925098357822,12.0,3.0,6.0,5.0,0
17321000000,1719,17321000000,,0.0,-0.206580836926614,2.7551614741629553,0.206580836926614,0.001,-10.33101051463702,12.0,3.0,6.0,5.0,0
17331000000,1720,17331000000,,0.0,-0.20659260185636885,2.463814199863827,0.20659260185636885,0.001,-8.576551287988384,12.0,3.0,6.0,5.0,0
17341000000,1721,17341000000,,0.0,-0.20587736572452808,2.7559152890808383,0.20587736572452808,0.001,-10.331514246634308,12.0,3.0,6.0,5.0,0
17351000000,1722,17351000000,,0.0,-0.20589015541038513,2.4644207950618084,0.20589015541038513,0.001,-8.576180453859317,12.0,3.0,6.0,5.0,0
17361000000,1723,17361000000,,0.0,-0.20517552946352602,2.756664898319481,0.20517552946352602,0.001,-10.332015253269711,12.0,3.0,6.0,5.0,0
17371000000,1724,17371000000,,0.0,-0.20518934176904935,2.4650241350391573,0.20518934176904935,0.001,-8.57581257406709,12.0,3.0,6.0,5.0,0
17381000000,1725,17381000000,,0.0,-0.20447532646795885,2.757410316158288,0.20447532646795885,0.001,-10.332513542441385,12.0,3.0,6.0,5.0,0
17391000000,1726,17391000000,,0.0,-0.20449015926266867,2.4656242291233914,0.20449015926266867,0.001,-8.575447626736175,12.0,3.0,6.0,5.0,0
17401000000,1727,17401000000,,0.0,-0.20377675506113313,2.7581515568869035,0.20377675506113313,0.001,-10.333009122197343,12.0,3.0,6.0,5.0,0
17411000000,1728,17411000000,,0.0,-0.20379260622059814,2.466221086664675,0.20379260622059814,0.001,-8.575085590315686,12.0,3.0,6.0,5.0,0
17421000000,1729,17421000000,,0.0,-0.20307981356558535,2.758888634773256,0.20307981356558535,0.001,-10.333502000583014,12.0,3.0,6.0,5.0,0
17431000000,1730,17431000000,,0.0,-0.2030966809715098,2.466814717001371,0.2030966809715098,0.001,-8.574726443219152,12.0,3.0,6.0,5.0,0
17441000000,1731,17441000000,,0.0,-0.20238450030320365,2.759621564106234,0.20238450030320365,0.001,-10.333992185884952,12.0,3.0,6.0,5.0,0
17451000000,1732,17451000000,,0.0,-0.20240238184346016,2.4674051295005426,0.20240238184346016,0.001,-8.574370164159475,12.0,3.0,6.0,5.0,0
17461000000,1733,17461000000,,0.0,-0.20169081359539032,2.760350359128003,0.20169081359539032,0.001,-10.334479686197277,12.0,3.0,6.0,5.0,0
17471000000,1734,17471000000,,0.0,-0.20170970716405812,2.4679923335234486,0.20170970716405812,0.001,-8.574016731955098,12.0,3.0,6.0,5.0,0
17481000000,1735,17481000000,,0.0,-0.2009987517632119,2.761075034094274,0.2009987517632119,0.001,-10.334964509808898,12.0,3.0,6.0,5.0,0
17491000000,1736,17491000000,,0.0,-0.20101865526065676,2.4685763384467334,0.20101865526065676,0.001,-8.57366612556503,12.0,3.0,6.0,5.0,0
17501000000,1737,17501000000,,0.0,-0.20030831312753605,2.7617956032576876,0.20030831312753605,0.001,-10.335446665079354,12.0,3.0,6.0,5.0,0
17511000000,1738,17511000000,,0.0,-0.20032922446047152,2.4691571536486374,0.20032922446047152,0.001,-8.573318324092758,12.0,3.0,6.0,5.0,0
17521000000,1739,17521000000,,0.0,-0.19961949600920725,2.762512080851949,0.19961949600920725,0.001,-10.335926160383382,12.0,3.0,6.0,5.0,0
17531000000,1740,17531000000,,0.0,-0.1996414130907178,2.469734788521774,0.1996414130907178,0.001,-8.572973306848567,12.0,3.0,6.0,5.0,0
17541000000,1741,17541000000,,0.0,-0.19893229872915175,2.763224481097363,0.19893229872915175,0.001,-10.336403004093697,12.0,3.0,6.0,5.0,0
17551000000,1742,17551000000,,0.0,-0.19895521947871408,2.47030925246405,0.19895521947871408,0.001,-8.572631053215048,12.0,3.0,6.0,5.0,0
17561000000,1743,17561000000,,0.0,-0.1982467196084423,2.7639328182289686,0.1982467196084423,0.001,-10.336877204772046,12.0,3.0,6.0,5.0,0
17571000000,1744,17571000000,,0.0,-0.1982706419519813,2.470880554880995,0.1982706419519813,0.001,-8.572291542768484,12.0,3.0,6.0,5.0,0
17581000000,1745,17581000000,,0.0,-0.19756275696846703,2.764637106454896,0.19756275696846703,0.001,-10.337348770932689,12.0,3.0,6.0,5.0,0
17591000000,1746,17591000000,,0.0,-0.19758767883842498,2.4714487051908955,0.19758767883842498,0.001,-8.57195475522867,12.0,3.0,6.0,5.0,0
17601000000,1747,17601000000,,0.0,-0.19688040913108473,2.7653373599845783,0.19688040913108473,0.001,-10.337817711141758,12.0,3.0,6.0,5.0,0
17611000000,1748,17611000000,,0.0,-0.19690632846635037,2.472013712821905,0.19690632846635037,0.001,-8.571620670501353,12.0,3.0,6.0,5.0,0
17621000000,1749,17621000000,,0.0,-0.19619967441860808,2.7660335929930584,0.19619967441860808,0.001,-10.338284033926854,12.0,3.0,6.0,5.0,0
17631000000,1750,17631000000,,0.0,-0.19622658916466218,2.4725755871903012,0.19622658916466218,0.001,-8.571289268462625,12.0,3.0,6.0,5.0,0
17641000000,1751,17641000000,,0.0,-0.19552055115393419,2.766725819705454,0.19552055115393419,0.001,-10.338747748153793,12.0,3.0,6.0,5.0,0
17651000000,1752,17651000000,,0.0,-0.1955484592627732,2.4731343377573745,0.1955484592627732,0.001,-8.570960529418297,12.0,3.0,6.0,5.0,0
17661000000,1753,17661000000,,0.0,-0.1948430376606991,2.767414054272095,0.1948430376606991,0.001,-10.339208862347935,12.0,3.0,6.0,5.0,0
17671000000,1754,17671000000,,0.0,-0.194871937090916,2.4736899739604583,0.194871937090916,0.001,-8.570634433556553,12.0,3.0,6.0,5.0,0
17681000000,1755,17681000000,,0.0,-0.19416713226326987,2.768098310886934,0.19416713226326987,0.001,-10.339667385402995,12.0,3.0,6.0,5.0,0
17691000000,1756,17691000000,,0.0,-0.19419702098004077,2.4742425052632524,0.19419702098004077,0.001,-8.57031096136479,12.0,3.0,6.0,5.0,0
17701000000,1757,17701000000,,0.0,-0.1934928332868715,2.768778603697667,0.1934928332868715,0.001,-10.34012332598795,12.0,3.0,6.0,5.0,0
17711000000,1758,17711000000,,0.0,-0.19352370926198592,2.4747919411283394,0.19352370926198592,0.001,-8.569990093382383,12.0,3.0,6.0,5.0,0
17721000000,1759,17721000000,,0.0,-0.19282013905764117,2.76945494687249,0.19282013905764117,0.001,-10.340576693004632,12.0,3.0,6.0,5.0,0
17731000000,1760,17731000000,,0.0,-0.19285200026949312,2.4753382910381,0.19285200026949312,0.001,-8.569671810386987,12.0,3.0,6.0,5.0,0
17741000000,1761,17741000000,,0.0,-0.19214904790268506,2.7701273545530447,0.19214904790268506,0.001,-10.341027495320539,12.0,3.0,6.0,5.0,0
17751000000,1762,17751000000,,0.0,-0.19218189233632188,2.4758815644692014,0.19218189233632188,0.001,-8.569356093158596,12.0,3.0,6.0,5.0,0
17761000000,1763,17761000000,,0.0,-0.19147955815015383,2.7707958408839444,0.19147955815015383,0.001,-10.341475741837145,12.0,3.0,6.0,5.0,0
17771000000,1764,17771000000,,0.0,-0.1915133837972176,2.476421770924391,0.1915133837972176,0.001,-8.569042922767652,12.0,3.0,6.0,5.0,0
17781000000,1765,17781000000,,0.0,-0.1908116681292773,2.7714604199888537,0.1908116681292773,0.001,-10.341921441462777,12.0,3.0,6.0,5.0,0
