%time,field.header.seq,field.header.stamp,field.header.frame_id,field.set_point,field.process_value,field.process_value_dot,field.error,field.time_step,field.command,field.p,field.i,field.d,field.i_clamp,field.antiwindup
24395000000,2424,24395000000,,0.0,0.0002315609824119491,0.04367637390263757,-0.0002315609824119491,0.001,-0.04599198265543336,10.0,0.0,1.0,0.0,0
24405000000,2425,24405000000,,0.0,0.0005517109836752354,0.013962928279003639,-0.0005517109836752354,0.001,-0.019480036336219086,10.0,0.0,1.0,0.0,0
24415000000,2426,24415000000,,0.0,0.0003834004930318713,-0.04299318334736185,-0.0003834004930318713,0.001,0.039159137477646766,10.0,0.0,1.0,0.0,0
24425000000,2427,24425000000,,0.0,-0.00035909702463854387,-0.09888402273467001,0.00035909702463854387,0.001,0.10247481393744096,10.0,0.0,1.0,0.0,0
24435000000,2428,24435000000,,0.0,-0.0016192752352086615,-0.14687595395212427,0.0016192752352086615,0.001,0.16306867816661352,10.0,0.0,1.0,0.0,0
24445000000,2429,24445000000,,0.0,-0.0033096456732302215,-0.1858206988599339,0.0033096456732302215,0.001,0.21891711840257955,10.0,0.0,1.0,0.0,0
24455000000,2430,24455000000,,0.0,-0.005341151741014016,-0.21607774723142492,0.005341151741014016,0.001,0.26948921307869966,10.0,0.0,1.0,0.0,0
24465000000,2431,24465000000,,0.0,-0.007630853947667049,-0.23838782412308546,0.007630853947667049,0.001,0.314696299083721,10.0,0.0,1.0,0.0,0
24475000000,2432,24475000000,,0.0,-0.010103790264528456,-0.253573876630122,0.010103790264528456,0.001,0.3546117053633502,10.0,0.0,1.0,0.0,0
24485000000,2433,24485000000,,0.0,-0.012693254330576664,-0.2624573629960816,0.012693254330576664,0.001,0.3893898273432761,10.0,0.0,1.0,0.0,0
24495000000,2434,24495000000,,0.0,-0.015340616484952108,-0.2658325166145695,0.015340616484952108,0.001,0.4192386017908589,10.0,0.0,1.0,0.0,0
24505000000,2435,24505000000,,0.0,-0.017994990700270108,-0.2644564500383255,0.017994990700270108,0.001,0.4444062804444471,10.0,0.0,1.0,0.0,0
24515000000,2436,24515000000,,0.0,-0.020612832782845203,-0.2590439831477799,0.020612832782845203,0.001,0.4651722403978198,10.0,0.0,1.0,0.0,0
24525000000,2437,24525000000,,0.0,-0.02315749791371502,-0.2502642800096947,0.02315749791371502,0.001,0.48183919657205365,10.0,0.0,1.0,0.0,0
24535000000,2438,24535000000,,0.0,-0.02559877059049498,-0.23873852806152418,0.02559877059049498,0.001,0.49472618044820393,10.0,0.0,1.0,0.0,0
24545000000,2439,24545000000,,0.0,-0.027912375998740302,-0.22503844256001104,0.027912375998740302,0.001,0.5041621583389322,10.0,0.0,1.0,0.0,0
24555000000,2440,24555000000,,0.0,-0.030079480545152748,-0.20968550951670217,0.030079480545152748,0.001,0.510480279683474,10.0,0.0,1.0,0.0,0
24565000000,2441,24565000000,,0.0,-0.03208618858770329,-0.19315090439344929,0.03208618858770329,0.001,0.5140127630823166,10.0,0.0,1.0,0.0,0
24575000000,2442,24575000000,,0.0,-0.03392304177689098,-0.17585602367520647,0.03392304177689098,0.001,0.5150864212561501,10.0,0.0,1.0,0.0,0
24585000000,2443,24585000000,,0.0,-0.03558452677446233,-0.15817356297165486,0.03558452677446233,0.001,0.5140188163253434,10.0,0.0,1.0,0.0,0
24595000000,2444,24595000000,,0.0,-0.037068596437865864,-0.14042907291093842,0.037068596437865864,0.001,0.5111150275014964,10.0,0.0,1.0,0.0,0
24605000000,2445,24605000000,,0.0,-0.038376208866646166,-0.12290292342378584,0.038376208866646166,0.001,0.5066650058059174,10.0,0.0,1.0,0.0,0
24615000000,2446,24615000000,,0.0,-0.03951088801540692,-0.10583260764266839,0.03951088801540692,0.001,0.5009414840576909,10.0,0.0,1.0,0.0,0
24625000000,2447,24625000000,,0.0,-0.040478308898469706,-0.08941531825578647,0.040478308898469706,0.001,0.49419840526118364,10.0,0.0,1.0,0.0,0
24635000000,2448,24635000000,,0.0,-0.041285909752540206,-0.07381073159334928,0.041285909752540206,0.001,0.4866698282830306,10.0,0.0,1.0,0.0,0
24645000000,2449,24645000000,,0.0,-0.041942532893640916,-0.059143937955988435,0.041942532893640916,0.001,0.47856926674056055,10.0,0.0,1.0,0.0,0
24655000000,2450,24655000000,,0.0,-0.04245809541044565,-0.04550846059282937,0.04245809541044565,0.001,0.47008941490688017,10.0,0.0,1.0,0.0,0
24665000000,2451,24665000000,,0.0,-0.04284329028534373,-0.03296931038497268,0.04284329028534373,0.001,0.4614022135944751,10.0,0.0,1.0,0.0,0
24675000000,2452,24675000000,,0.0,-0.04310931803345497,-0.02156602854278261,0.04310931803345497,0.001,0.4526592092510029,10.0,0.0,1.0,0.0,0
24685000000,2453,24685000000,,0.0,-0.04326764850372378,-0.011315675282001933,0.04326764850372378,0.001,0.4439921606408781,10.0,0.0,1.0,0.0,0
24695000000,2454,24695000000,,0.0,-0.04332981209882547,-0.0022157284581534147,0.04332981209882547,0.001,0.4355138496909916,10.0,0.0,1.0,0.0,0
24705000000,2455,24705000000,,0.0,-0.043307219343407866,0.005753137857733103,0.043307219343407866,0.001,0.42731905573894835,10.0,0.0,1.0,0.0,0
24715000000,2456,24715000000,,0.0,-0.04321100746296391,0.012624418926044559,0.04321100746296391,0.001,0.41948565579398966,10.0,0.0,1.0,0.0,0
24725000000,2457,24725000000,,0.0,-0.043051912425786654,0.018443307525481775,0.043051912425786654,0.001,0.41207581676507843,10.0,0.0,1.0,0.0,0
24735000000,2458,24735000000,,0.0,-0.042840164744442966,0.023264398078728543,0.042840164744442966,0.001,0.40513724935645534,10.0,0.0,1.0,0.0,0
24745000000,2459,24745000000,,0.0,-0.042585407225880445,0.027149575420505764,0.042585407225880445,0.001,0.39870449679812126,10.0,0.0,1.0,0.0,0
24755000000,2460,24755000000,,0.0,-0.042296632795238764,0.03016609282333113,0.042296632795238764,0.001,0.392800235067412,10.0,0.0,1.0,0.0,0
24765000000,2461,24765000000,,0.0,-0.041982140491851894,0.032384840424487776,0.041982140491851894,0.001,0.38743656441679875,10.0,0.0,1.0,0.0,0
24775000000,2462,24775000000,,0.0,-0.04164950774130194,0.0338788022172135,0.04164950774130194,0.001,0.38261627510636664,10.0,0.0,1.0,0.0,0
24785000000,2463,24785000000,,0.0,-0.04130557703945925,0.03472169734860808,0.04130557703945925,0.001,0.37833407294669996,10.0,0.0,1.0,0.0,0
24795000000,2464,24795000000,,0.0,-0.04095645523852465,0.03498679943923613,0.04095645523852465,0.001,0.3745777528353056,10.0,0.0,1.0,0.0,0
24805000000,2465,24805000000,,0.0,-0.040607523697064885,0.03474592603639551,0.040607523697064885,0.001,0.3713293108139393,10.0,0.0,1.0,0.0,0
24815000000,2466,24815000000,,0.0,-0.04026345764212369,0.0340685890445019,0.04026345764212369,0.001,0.36856598724747336,10.0,0.0,1.0,0.0,0
24825000000,2467,24825000000,,0.0,-0.03992825318873372,0.033021295998163155,0.03992825318873372,0.001,0.36626123575075553,10.0,0.0,1.0,0.0,0
24835000000,2468,24835000000,,0.0,-0.03960526056746616,0.03166699134297872,0.03960526056746616,0.001,0.36438561418783877,10.0,0.0,1.0,0.0,0
24845000000,2469,24845000000,,0.0,-0.03929722222179244,0.03006462642706366,0.03929722222179244,0.001,0.3629075956420813,10.0,0.0,1.0,0.0,0
24855000000,2470,24855000000,,0.0,-0.03900631455171322,0.028268846628144967,0.03900631455171322,0.001,0.36179429873815394,10.0,0.0,1.0,0.0,0
24865000000,2471,24865000000,,0.0,-0.038734192196242745,0.026329783981627344,0.038734192196242745,0.001,0.3610121378316755,10.0,0.0,1.0,0.0,0
24875000000,2472,24875000000,,0.0,-0.03848203386342064,0.02429294376459,0.03848203386342064,0.001,0.3605273947243859,10.0,0.0,1.0,0.0,0
24885000000,2473,24885000000,,0.0,-0.038250588830749166,0.02219917372359842,0.038250588830749166,0.001,0.3603067144465655,10.0,0.0,1.0,0.0,0
24895000000,2474,24895000000,,0.0,-0.03804022335013091,0.02008470500565334,0.03804022335013091,0.001,0.36031752836671593,10.0,0.0,1.0,0.0,0
24905000000,2475,24905000000,,0.0,-0.037850966298326405,0.017981254316765553,0.037850966298326405,0.001,0.36052840854851276,10.0,0.0,1.0,0.0,0
24915000000,2476,24915000000,,0.0,-0.037682553515642425,0.015916177398130206,0.037682553515642425,0.001,0.36090935765335175,10.0,0.0,1.0,0.0,0
24925000000,2477,24925000000,,0.0,-0.03753447037134894,0.013912664525310953,0.03753447037134894,0.001,0.36143203909667854,10.0,0.0,1.0,0.0,0
24935000000,2478,24935000000,,0.0,-0.037405992183536796,0.011989969416498401,0.037405992183536796,0.001,0.3620699523416704,10.0,0.0,1.0,0.0,0
24945000000,2479,24945000000,,0.0,-0.0372962222033868,0.010163663645066198,0.0372962222033868,0.001,0.36279855832499486,10.0,0.0,1.0,0.0,0
24955000000,2480,24955000000,,0.0,-0.03720412694894293,0.0084459093700891,0.03720412694894293,0.001,0.3635953600695885,10.0,0.0,1.0,0.0,0
24965000000,2481,24965000000,,0.0,-0.037128568741232826,0.006845743943188005,0.037128568741232826,0.001,0.36443994343175135,10.0,0.0,1.0,0.0,0
24975000000,2482,24975000000,,0.0,-0.03706833535616649,0.005369370650477406,0.03706833535616649,0.001,0.3653139828864749,10.0,0.0,1.0,0.0,0
24985000000,2483,24985000000,,0.0,-0.03702216675896963,0.0040204505745828345,0.03702216675896963,0.001,0.3662012170012474,10.0,0.0,1.0,0.0,0
24995000000,2484,24995000000,,0.0,-0.036988778934460065,0.0028003912270315613,0.036988778934460065,0.001,0.3670873981145828,10.0,0.0,1.0,0.0,0
25005000000,2485,25005000000,,0.0,-0.036966884866264316,0.0017086282607986,0.036966884866264316,0.001,0.36796022040776144,10.0,0.0,1.0,0.0,0
25015000000,2486,25015000000,,0.0,-0.03695521275170677,0.0007428971651842621,0.03695521275170677,0.001,0.36880923036527236,10.0,0.0,1.0,0.0,0
25025000000,2487,25025000000,,0.0,-0.03695252156676965,-0.0001005075651436374,0.03695252156676965,0.001,0.36962572325395016,10.0,0.0,1.0,0.0,0
25035000000,2488,25035000000,,0.0,-0.03695761411779053,-0.0008264877778581007,0.03695761411779053,0.001,0.37040262898232257,10.0,0.0,1.0,0.0,0
25045000000,2489,25045000000,,0.0,-0.036969347733796454,-0.0014409130515094714,0.036969347733796454,0.001,0.371134390419261,10.0,0.0,1.0,0.0,0
25055000000,2490,25055000000,,0.0,-0.03698664276602415,-0.0019504091829822615,0.03698664276602415,0.001,0.37181683687748546,10.0,0.0,1.0,0.0,0
25065000000,2491,25065000000,,0.0,-0.03700848906975551,-0.0023621644607789184,0.03700848906975551,0.001,0.37244705519178467,10.0,0.0,1.0,0.0,0
25075000000,2492,25075000000,,0.0,-0.03703395064849957,-0.0026837540772676784,0.03703395064849957,0.001,0.3730232605999362,10.0,0.0,1.0,0.0,0
25085000000,2493,25085000000,,0.0,-0.03706216864216039,-0.002922982688448629,0.03706216864216039,0.001,0.37354466914857554,10.0,0.0,1.0,0.0,0
25095000000,2494,25095000000,,0.0,-0.037092362839812765,-0.0030877449160512035,0.037092362839812765,0.001,0.37401137335207224,10.0,0.0,1.0,0.0,0
25105000000,2495,25105000000,,0.0,-0.037123831894049886,-0.003185903323679424,0.037123831894049886,0.001,0.37442422230206773,10.0,0.0,1.0,0.0,0
25115000000,2496,25115000000,,0.0,-0.03715595240834091,-0.003225183245571313,0.03715595240834091,0.001,0.3747847073665156,10.0,0.0,1.0,0.0,0
25125000000,2497,25125000000,,0.0,-0.037188177061667105,-0.003213083658047282,0.037188177061667105,0.001,0.37509485431266754,10.0,0.0,1.0,0.0,0
25135000000,2498,25135000000,,0.0,-0.03722003192600987,-0.003156803208777025,0.03722003192600987,0.001,0.37535712250557296,10.0,0.0,1.0,0.0,0
25145000000,2499,25145000000,,0.0,-0.03725111312277285,-0.0030631803905638907,0.03725111312277285,0.001,0.37557431165348376,10.0,0.0,1.0,0.0,0
25155000000,2500,25155000000,,0.0,-0.03728108295375776,-0.002938646790347556,0.03728108295375776,0.001,0.3757494763603475,10.0,0.0,1.0,0.0,0
25165000000,2501,25165000000,,0.0,-0.037309665631493516,-0.0027891923262852412,0.037309665631493516,0.001,0.37588584867112473,10.0,0.0,1.0,0.0,0
25175000000,2502,25175000000,,0.0,-0.03733664272251325,-0.0026203413302800013,0.03733664272251325,0.001,0.3759867685805851,10.0,0.0,1.0,0.0,0
25185000000,2503,25185000000,,0.0,-0.03736184840592749,-0.002437138366461992,0.03736184840592749,0.001,0.37605562245081714,10.0,0.0,1.0,0.0,0
25195000000,2504,25195000000,,0.0,-0.03738516463842423,-0.0022441426554618976,0.03738516463842423,0.001,0.3760957890621519,10.0,0.0,1.0,0.0,0
25205000000,2505,25205000000,,0.0,-0.03740651630594449,-0.0020454300560011117,0.03740651630594449,0.001,0.3761105931372022,10.0,0.0,1.0,0.0,0
25215000000,2506,25215000000,,0.0,-0.03742586643156365,-0.0018446015055532585,0.03742586643156365,0.001,0.37610326583960685,10.0,0.0,1.0,0.0,0
25225000000,2507,25225000000,,0.0,-0.0374432114990384,-0.0016447970030980643,0.0374432114990384,0.001,0.37607691201074545,10.0,0.0,1.0,0.0,0
25235000000,2508,25235000000,,0.0,-0.03745857694179833,-0.0014487141164345697,0.03745857694179833,0.001,0.37603448354797564,10.0,0.0,1.0,0.0,0
25245000000,2509,25245000000,,0.0,-0.03747201283818313,-0.0012586302039902068,0.03747201283818313,0.001,0.3759787585987695,10.0,0.0,1.0,0.0,0
25255000000,2510,25255000000,,0.0,-0.03748358984525879,-0.0010764275062275126,0.03748358984525879,0.001,0.37591232596859925,10.0,0.0,1.0,0.0,0
25265000000,2511,25265000000,,0.0,-0.03749339539595731,-0.000903620375498048,0.03749339539595731,0.001,0.37583757434164866,10.0,0.0,1.0,0.0,0
25275000000,2512,25275000000,,0.0,-0.03750153017711888,-0.0007413839842574017,0.03750153017711888,0.001,0.3757566857618322,10.0,0.0,1.0,0.0,0
25285000000,2513,25285000000,,0.0,-0.03750810489982648,-0.0005905838944777384,0.03750810489982648,0.001,0.3756716328982712,10.0,0.0,1.0,0.0,0
25295000000,2514,25295000000,,0.0,-0.03751323736772605,-0.0004518059622256954,0.03751323736772605,0.001,0.3755841796441217,10.0,0.0,1.0,0.0,0
25305000000,2515,25305000000,,0.0,-0.03751704984407844,-0.00032538612756784885,0.03751704984407844,0.001,0.37549588457304495,10.0,0.0,1.0,0.0,0
25315000000,2516,25315000000,,0.0,-0.03751966671401519,-0.00021143965716081503,0.03751966671401519,0.001,0.3754081067988224,10.0,0.0,1.0,0.0,0
25325000000,2517,25325000000,,0.0,-0.037521212434823425,-0.0001098895393931372,0.037521212434823425,0.001,0.3753220138874802,10.0,0.0,1.0,0.0,0
25335000000,2518,25335000000,,0.0,-0.03752180976395181,-2.0493710458094504e-05,0.03752180976395181,0.001,0.375238591347582,10.0,0.0,1.0,0.0,0
25345000000,2519,25345000000,,0.0,-0.037521578252005305,5.7129073164235766e-05,0.037521578252005305,0.001,0.3751586534452489,10.0,0.0,1.0,0.0,0
25355000000,2520,25355000000,,0.0,-0.03752063298593278,0.0001234749344708401,0.03752063298593278,0.001,0.3750828549232743,10.0,0.0,1.0,0.0,0
25365000000,2521,25365000000,,0.0,-0.03751908356615541,0.00017913224306587334,0.03751908356615541,0.001,0.3750117034165168,10.0,0.0,1.0,0.0,0
25375000000,2522,25375000000,,0.0,-0.03751703330024991,0.00022476076743633937,0.03751703330024991,0.001,0.37494557223250347,10.0,0.0,1.0,0.0,0
25385000000,2523,25385000000,,0.0,-0.03751457859514584,0.0002610726452850798,0.03751457859514584,0.001,0.3748847133026256,10.0,0.0,1.0,0.0,0
25395000000,2524,25395000000,,0.0,-0.03751180852943925,0.00028881520335568287,0.03751180852943925,0.001,0.374829270087087,10.0,0.0,1.0,0.0,0
25405000000,2525,25405000000,,0.0,-0.03750880458738859,0.0003087556155042541,0.03750880458738859,0.001,0.3747792902545921,10.0,0.0,1.0,0.0,0
25415000000,2526,25415000000,,0.0,-0.03750564053637806,0.00032166736484807957,0.03750564053637806,0.001,0.3747347379954835,10.0,0.0,1.0,0.0,0
25425000000,2527,25425000000,,0.0,-0.03750238243009463,0.0003283184513147427,0.03750238243009463,0.001,0.37469550584674494,10.0,0.0,1.0,0.0,0
25435000000,2528,25435000000,,0.0,-0.03749908872029639,0.0003294612861236791,0.03749908872029639,0.001,0.37466142591360274,10.0,0.0,1.0,0.0,0
25445000000,2529,25445000000,,0.0,-0.03749581046084938,0.00032582416899736705,0.03749581046084938,0.001,0.3746322804364066,10.0,0.0,1.0,0.0,0
25455000000,2530,25455000000,,0.0,-0.03749259158861573,0.00031810427283322155,0.03749259158861573,0.001,0.37460781160990386,10.0,0.0,1.0,0.0,0
25465000000,2531,25465000000,,0.0,-0.03748946926680308,0.00030696201240877326,0.03748946926680308,0.001,0.37458773065222495,10.0,0.0,1.0,0.0,0
25475000000,2532,25475000000,,0.0,-0.03748647427743723,0.0002930167021186835,0.03748647427743723,0.001,0.3745717260692505,10.0,0.0,1.0,0.0,0
25485000000,2533,25485000000,,0.0,-0.03748363145075473,0.0002768433801990938,0.03748363145075473,0.001,0.3745594711237743,10.0,0.0,1.0,0.0,0
25495000000,2534,25495000000,,0.0,-0.03748096012044311,0.00025897068945849547,0.03748096012044311,0.001,0.3745506305124291,10.0,0.0,1.0,0.0,0
25505000000,2535,25505000000,,0.0,-0.03747847459477871,0.00023987970326170107,0.03747847459477871,0.001,0.3745448662414663,10.0,0.0,1.0,0.0,0
25515000000,2536,25515000000,,0.0,-0.03747618463488234,0.00022000357804679996,0.03747618463488234,0.001,0.374541842769025,10.0,0.0,1.0,0.0,0
25525000000,2537,25525000000,,0.0,-0.03747409593233453,0.00019972793485315205,0.03747409593233453,0.001,0.3745412313860452,10.0,0.0,1.0,0.0,0
25535000000,2538,25535000000,,0.0,-0.037472210579539755,0.00017939185297708728,0.037472210579539755,0.001,0.37454271394113725,10.0,0.0,1.0,0.0,0
25545000000,2539,25545000000,,0.0,-0.0374705275271392,0.00015928939573444973,0.0374705275271392,0.001,0.3745459858746081,10.0,0.0,1.0,0.0,0
25555000000,2540,25555000000,,0.0,-0.037469043023805604,0.00013967155374184514,0.037469043023805604,0.001,0.3745507586828456,10.0,0.0,1.0,0.0,0
25565000000,2541,25565000000,,0.0,-0.03746775103458777,0.00012074854166607072,0.03746775103458777,0.001,0.37455676180315756,10.0,0.0,1.0,0.0,0
25575000000,2542,25575000000,,0.0,-0.03746664363480168,0.00010269235288898907,0.03746664363480168,0.001,0.37456374399384096,10.0,0.0,1.0,0.0,0
25585000000,2543,25585000000,,0.0,-0.03746571137724253,8.563951110284043e-05,0.03746571137724253,0.001,0.37457147426005477,10.0,0.0,1.0,0.0,0
25595000000,2544,25595000000,,0.0,-0.0374649436311385,6.969394746308402e-05,0.0374649436311385,0.001,0.37457974236388303,10.0,0.0,1.0,0.0,0
25605000000,2545,25605000000,,0.0,-0.037464328891894105,5.4929949126272966e-05,0.037464328891894105,0.001,0.3745883589694632,10.0,0.0,1.0,0.0,0
25615000000,2546,25615000000,,0.0,-0.037463855061227846,4.1395123377953097e-05,0.037463855061227846,0.001,0.37459715548850525,10.0,0.0,1.0,0.0,0
25625000000,2547,25625000000,,0.0,-0.03746350969774159,2.911334086298781e-05,0.03746350969774159,0.001,0.3746059836363447,10.0,0.0,1.0,0.0,0
25635000000,2548,25635000000,,0.0,-0.03746328023840917,1.808761001777883e-05,0.03746328023840917,0.001,0.3746147147735712,10.0,0.0,1.0,0.0,0
25645000000,2549,25645000000,,0.0,-0.03746315419180046,8.302860731797634e-06,0.03746315419180046,0.001,0.3746232390573834,10.0,0.0,1.0,0.0,0
25655000000,2550,25655000000,,0.0,-0.03746311930413171,-2.713966093480286e-07,0.03746311930413171,0.001,0.3746314644366677,10.0,0.0,1.0,0.0,0
25665000000,2551,25665000000,,0.0,-0.03746316369950797,-7.678555800473167e-06,0.03746316369950797,0.001,0.3746393155497607,10.0,0.0,1.0,0.0,0
25675000000,2552,25675000000,,0.0,-0.03746327599583843,-1.3972556680700703e-05,0.03746327599583843,0.001,0.3746467325148295,10.0,0.0,1.0,0.0,0
25685000000,2553,25685000000,,0.0,-0.03746344539812618,-1.921569379069108e-05,0.03746344539812618,0.001,0.37465366967518676,10.0,0.0,1.0,0.0,0
25695000000,2554,25695000000,,0.0,-0.03746366177084859,-2.347661722725927e-05,0.03746366177084859,0.001,0.3746600943246925,10.0,0.0,1.0,0.0,0
25705000000,2555,25705000000,,0.0,-0.03746391569127283,-2.682849649164037e-05,0.03746391569127283,0.001,0.3746659854094858,10.0,0.0,1.0,0.0,0
25715000000,2556,25715000000,,0.0,-0.03746419848548932,-2.9347383241168376e-05,0.03746419848548932,0.001,0.37467133223808347,10.0,0.0,1.0,0.0,0
25725000000,2557,25725000000,,0.0,-0.037464502249058285,-3.1110749432091734e-05,0.037464502249058285,0.001,0.37467613324011495,10.0,0.0,1.0,0.0,0
25735000000,2558,25735000000,,0.0,-0.03746481985399974,-3.2196205210928506e-05,0.03746481985399974,0.001,0.37468039474481074,10.0,0.0,1.0,0.0,0
25745000000,2559,25745000000,,0.0,-0.03746514494392983,-3.268038671019176e-05,0.03746514494392983,0.001,0.3746841298256953,10.0,0.0,1.0,0.0,0
25755000000,2560,25755000000,,0.0,-0.03746547191897598,-3.2638010706290626e-05,0.03746547191897598,0.001,0.3746873572011644,10.0,0.0,1.0,0.0,0
25765000000,2561,25765000000,,0.0,-0.03746579591209809,-3.2141078828860136e-05,0.03746579591209809,0.001,0.3746901002001124,10.0,0.0,1.0,0.0,0
25775000000,2562,25775000000,,0.0,-0.03746611275829537,-3.125823753192018e-05,0.03746611275829537,0.001,0.3746923858216178,10.0,0.0,1.0,0.0,0
25785000000,2563,25785000000,,0.0,-0.037466418958103986,-3.0054261640987014e-05,0.037466418958103986,0.001,0.3746942438441181,10.0,0.0,1.0,0.0,0
25795000000,2564,25795000000,,0.0,-0.037466711636664485,-2.8589667956947315e-05,0.037466711636664485,0.001,0.3746957060359435,10.0,0.0,1.0,0.0,0
25805000000,2565,25805000000,,0.0,-0.03746698849954733,-2.692044110673754e-05,0.03746698849954733,0.001,0.3746968054364608,10.0,0.0,1.0,0.0,0
25815000000,2566,25815000000,,0.0,-0.03746724778638999,-2.509786127003193e-05,0.03746724778638999,0.001,0.3746975757254667,10.0,0.0,1.0,0.0,0
25825000000,2567,25825000000,,0.0,-0.037467488223288825,-2.316841459627153e-05,0.037467488223288825,0.001,0.3746980506476305,10.0,0.0,1.0,0.0,0
25835000000,2568,25835000000,,0.0,-0.03746770897480722,-2.1173789297056447e-05,0.03746770897480722,0.001,0.3746982635379048,10.0,0.0,1.0,0.0,0
25845000000,2569,25845000000,,0.0,-0.03746790959629287,-1.9150942838853558e-05,0.03746790959629287,0.001,0.3746982469050941,10.0,0.0,1.0,0.0,0
25855000000,2570,25855000000,,0.0,-0.037468089987175546,-1.7132219934046328e-05,0.037468089987175546,0.001,0.37469803209273067,10.0,0.0,1.0,0.0,0
25865000000,2571,25865000000,,0.0,-0.03746825034572154,-1.5145520795943166e-05,0.03746825034572154,0.001,0.3746976489776088,10.0,0.0,1.0,0.0,0
25875000000,2572,25875000000,,0.0,-0.03746839112574385,-1.3214513686824203e-05,0.03746839112574385,0.001,0.37469712577136605,10.0,0.0,1.0,0.0,0
25885000000,2573,25885000000,,0.0,-0.03746851299554699,-1.1358870687632102e-05,0.03746851299554699,0.001,0.3746964888248705,10.0,0.0,1.0,0.0,0
25895000000,2574,25895000000,,0.0,-0.037468616799442245,-9.594538679512255e-06,0.037468616799442245,0.001,0.3746957625329195,10.0,0.0,1.0,0.0,0
25905000000,2575,25905000000,,0.0,-0.03746870352197895,-7.934011033368994e-06,0.03746870352197895,0.001,0.3746949692305712,10.0,0.0,1.0,0.0,0
25915000000,2576,25915000000,,0.0,-0.03746877425506234,-6.386629624654354e-06,0.03746877425506234,0.001,0.37469412918051503,10.0,0.0,1.0,0.0,0
25925000000,2577,25925000000,,0.0,-0.037468830168009504,-4.958870060809873e-06,0.037468830168009504,0.001,0.3746932605507425,10.0,0.0,1.0,0.0,0
25935000000,2578,25935000000,,0.0,-0.03746887248057362,-3.654648266484836e-06,0.03746887248057362,0.001,0.3746923794538759,10.0,0.0,1.0,0.0,0
25945000000,2579,25945000000,,0.0,-0.037468902438916984,-2.4756066441483007e-06,0.037468902438916984,0.001,0.3746914999946682,10.0,0.0,1.0,0.0,0
25955000000,2580,25955000000,,0.0,-0.03746892129447055,-1.4213998878169436e-06,0.03746892129447055,0.001,0.37469063434459216,10.0,0.0,1.0,0.0,0
25965000000,2581,25965000000,,0.0,-0.03746893028556997,-4.89971806663379e-07,0.03746893028556997,0.001,0.3746897928282067,10.0,0.0,1.0,0.0,0
25975000000,2582,25975000000,,0.0,-0.03746893062178813,3.2218851388747115e-07,0.03746893062178813,0.001,0.3746889840293832,10.0,0.0,1.0,0.0,0
25985000000,2583,25985000000,,0.0,-0.037468923470780346,1.0197944597629186e-06,0.037468923470780346,0.001,0.3746882149128883,10.0,0.0,1.0,0.0,0
25995000000,2584,25995000000,,0.0,-0.03746890994750807,1.608535684458826e-06,0.03746890994750807,0.001,0.37468749093955367,10.0,0.0,1.0,0.0,0
26005000000,2585,26005000000,,0.0,-0.037468891105665314,2.0948665278983363e-06,0.037468891105665314,0.001,0.37468681619015065,10.0,0.0,1.0,0.0,0
26015000000,2586,26015000000,,0.0,-0.03746886793113369,2.4858087835962504e-06,0.03746886793113369,0.001,0.3746861935024448,10.0,0.0,1.0,0.0,0
26025000000,2587,26025000000,,0.0,-0.03746884133727413,2.7887768013671976e-06,0.03746884133727413,0.001,0.3746856245964203,10.0,0.0,1.0,0.0,0
26035000000,2588,26035000000,,0.0,-0.03746881216188491,3.011421077189898e-06,0.03746881216188491,0.001,0.3746851101984028,10.0,0.0,1.0,0.0,0
26045000000,2589,26045000000,,0.0,-0.03746878116563224,3.1614866360706065e-06,0.03746878116563224,0.001,0.3746846501701384,10.0,0.0,1.0,0.0,0
26055000000,2590,26055000000,,0.0,-0.03746874903178288,3.2466918213365385e-06,0.03746874903178288,0.001,0.3746842436260245,10.0,0.0,1.0,0.0,0
26065000000,2591,26065000000,,0.0,-0.037468716367065724,3.2746237998785354e-06,0.037468716367065724,0.001,0.3746838890465298,10.0,0.0,1.0,0.0,0
26075000000,2592,26075000000,,0.0,-0.037468683703488104,3.2526475315601426e-06,0.037468683703488104,0.001,0.37468358438695226,10.0,0.0,1.0,0.0,0
26085000000,2593,26085000000,,0.0,-0.03746865150096923,3.1878350035242188e-06,0.03746865150096923,0.001,0.37468332717480735,10.0,0.0,1.0,0.0,0
26095000000,2594,26095000000,,0.0,-0.03746862015062025,3.0869021895006416e-06,0.03746862015062025,0.001,0.3746831146039131,10.0,0.0,1.0,0.0,0
26105000000,2595,26105000000,,0.0,-0.037468589978563394,2.9561641138197038e-06,0.037468589978563394,0.001,0.3746829436214316,10.0,0.0,1.0,0.0,0
26115000000,2596,26115000000,,0.0,-0.03746856125013753,2.801501199472271e-06,0.03746856125013753,0.001,0.37468281100012213,10.0,0.0,1.0,0.0,0
26125000000,2597,26125000000,,0.0,-0.03746853417439766,2.6283328541696326e-06,0.03746853417439766,0.001,0.3746827134117581,10.0,0.0,1.0,0.0,0
26135000000,2598,26135000000,,0.0,-0.03746850890879205,2.4416063389901514e-06,0.03746850890879205,0.001,0.3746826474810039,10.0,0.0,1.0,0.0,0
26145000000,2599,26145000000,,0.0,-0.037468485563942444,2.245788983305608e-06,0.037468485563942444,0.001,0.37468260985009216,10.0,0.0,1.0,0.0,0
26155000000,2600,26155000000,,0.0,-0.037468464208422425,2.0448701298465934e-06,0.037468464208422425,0.001,0.3746825972141732,10.0,0.0,1.0,0.0,0
26165000000,2601,26165000000,,0.0,-0.037468444873491435,1.8423714602749543e-06,0.037468444873491435,0.001,0.37468260636332573,10.0,0.0,1.0,0.0,0
26175000000,2602,26175000000,,0.0,-0.03746842755771329,1.6413600051670753e-06,0.03746842755771329,0.001,0.37468263421719605,10.0,0.0,1.0,0.0,0
26185000000,2603,26185000000,,0.0,-0.03746841223140063,1.4444659656716764e-06,0.03746841223140063,0.001,0.37468267784812603,10.0,0.0,1.0,0.0,0
26195000000,2604,26195000000,,0.0,-0.03746839884086395,1.2539046037050675e-06,0.03746839884086395,0.001,0.3746827345041037,10.0,0.0,1.0,0.0,0
26205000000,2605,26205000000,,0.0,-0.03746838731241997,1.0715022101823412e-06,0.03746838731241997,0.001,0.3746828016213133,10.0,0.0,1.0,0.0,0
26215000000,2606,26215000000,,0.0,-0.03746837755613974,8.987227752272082e-07,0.03746837755613974,0.001,0.3746828768385235,10.0,0.0,1.0,0.0,0
26225000000,2607,26225000000,,0.0,-0.037468369469312535,7.366962387867807e-07,0.037468369469312535,0.001,0.37468295799708784,10.0,0.0,1.0,0.0,0
26235000000,2608,26235000000,,0.0,-0.037468362939629074,5.86249059585031e-07,0.037468362939629074,0.001,0.3746830431470194,10.0,0.0,1.0,0.0,0
26245000000,2609,26245000000,,0.0,-0.03746835784806102,4.4793012387829046e-07,0.03746835784806102,0.001,0.37468313055002866,10.0,0.0,1.0,0.0,0
26255000000,2610,26255000000,,0.0,-0.03746835407145177,3.220451923359374e-07,0.03746835407145177,0.001,0.3746832186690163,10.0,0.0,1.0,0.0,0
26265000000,2611,26265000000,,0.0,-0.037468351484807094,2.0868299503458684e-07,0.037468351484807094,0.001,0.37468330616522216,10.0,0.0,1.0,0.0,0
26275000000,2612,26275000000,,0.0,-0.03746834996330595,1.0774356889577573e-07,0.03746834996330595,0.001,0.37468339188902355,10.0,0.0,1.0,0.0,0
26285000000,2613,26285000000,,0.0,-0.037468349384038646,1.896538389720117e-08,0.037468349384038646,0.001,0.37468347487511267,10.0,0.0,1.0,0.0,0
26295000000,2614,26295000000,,0.0,-0.03746834962747325,-5.8048521218973186e-08,0.03746834962747325,0.001,0.3746835543225213,10.0,0.0,1.0,0.0,0
26305000000,2615,26305000000,,0.0,-0.03746835057868747,-1.2380850964587706e-07,0.03746835057868747,0.001,0.3746836295953937,10.0,0.0,1.0,0.0,0
26315000000,2616,26315000000,,0.0,-0.037468352128363414,-1.789108659073072e-07,0.037468352128363414,0.001,0.3746837001947423,10.0,0.0,1.0,0.0,0
26325000000,2617,26325000000,,0.0,-0.037468354173559426,-2.2402616992163193e-07,0.037468354173559426,0.001,0.3746837657626134,10.0,0.0,1.0,0.0,0
26335000000,2618,26335000000,,0.0,-0.03746835661830605,-2.5987052022922654e-07,0.03746835661830605,0.001,0.374683826053408,10.0,0.0,1.0,0.0,0
26345000000,2619,26345000000,,0.0,-0.03746835937401105,-2.871954905443413e-07,0.03746835937401105,0.001,0.3746838809343789,10.0,0.0,1.0,0.0,0
26355000000,2620,26355000000,,0.0,-0.037468362359708074,-3.0677135449717385e-07,0.037468362359708074,0.001,0.37468393036857783,10.0,0.0,1.0,0.0,0
26365000000,2621,26365000000,,0.0,-0.03746836550215615,-3.1937142705202166e-07,0.03746836550215615,0.001,0.3746839743927577,10.0,0.0,1.0,0.0,0
26375000000,2622,26375000000,,0.0,-0.03746836873583792,-3.257639848809074e-07,0.03746836873583792,0.001,0.37468401312446,10.0,0.0,1.0,0.0,0
26385000000,2623,26385000000,,0.0,-0.03746837200282105,-3.2670027639246713e-07,0.03746837200282105,0.001,0.37468404672865496,10.0,0.0,1.0,0.0,0
26395000000,2624,26395000000,,0.0,-0.037468375252564634,-3.2290545271577565e-07,0.037468375252564634,0.001,0.37468407543001625,10.0,0.0,1.0,0.0,0
26405000000,2625,26405000000,,0.0,-0.03746837844161366,-3.1507662088342747e-07,0.03746837844161366,0.001,0.3746840994921019,10.0,0.0,1.0,0.0,0
26415000000,2626,26415000000,,0.0,-0.03746838153325793,-3.0386815717273497e-07,0.03746838153325793,0.001,0.374684119199733,10.0,0.0,1.0,0.0,0
26425000000,2627,26425000000,,0.0,-0.037468384497135965,-2.898965782582464e-07,0.037468384497135965,0.001,0.37468413486746677,10.0,0.0,1.0,0.0,0
26435000000,2628,26435000000,,0.0,-0.03746838730879798,-2.737339445173342e-07,0.03746838730879798,0.001,0.37468414682101603,10.0,0.0,1.0,0.0,0
26445000000,2629,26445000000,,0.0,-0.0374683899492565,-2.559052254396252e-07,0.0374683899492565,0.001,0.374684155398084,10.0,0.0,1.0,0.0,0
26455000000,2630,26455000000,,0.0,-0.03746839240450317,-2.3688702711167035e-07,0.03746839240450317,0.001,0.3746841609328744,10.0,0.0,1.0,0.0,0
26465000000,2631,26465000000,,0.0,-0.03746839466504337,-2.1710679766199626e-07,0.03746839466504337,0.001,0.3746841637567666,10.0,0.0,1.0,0.0,0
26475000000,2632,26475000000,,0.0,-0.037468396725411246,-1.9694850336157501e-07,0.037468396725411246,0.001,0.37468416420234796,10.0,0.0,1.0,0.0,0
26485000000,2633,26485000000,,0.0,-0.03746839858369899,-1.767472143441244e-07,0.03746839858369899,0.001,0.37468416258449544,10.0,0.0,1.0,0.0,0
26495000000,2634,26495000000,,0.0,-0.037468400241107425,-1.5679321574548628e-07,0.037468400241107425,0.001,0.3746841592047634,10.0,0.0,1.0,0.0,0
26505000000,2635,26505000000,,0.0,-0.03746840170150545,-1.373321053673515e-07,0.03746840170150545,0.001,0.3746841543469781,10.0,0.0,1.0,0.0,0
26515000000,2636,26515000000,,0.0,-0.03746840297101084,-1.1857547002188794e-07,0.03746840297101084,0.001,0.37468414828548013,10.0,0.0,1.0,0.0,0
26525000000,2637,26525000000,,0.0,-0.037468404057604765,-1.006880146207261e-07,0.037468404057604765,0.001,0.374684141263506,10.0,0.0,1.0,0.0,0
26535000000,2638,26535000000,,0.0,-0.03746840497076409,-8.38067408883764e-08,0.03746840497076409,0.001,0.3746841335161566,10.0,0.0,1.0,0.0,0
26545000000,2639,26545000000,,0.0,-0.03746840572112031,-6.803132988348071e-08,0.03746840572112031,0.001,0.37468412524211736,10.0,0.0,1.0,0.0,0
26555000000,2640,26555000000,,0.0,-0.03746840632016468,-5.343590910286566e-08,0.03746840632016468,0.001,0.37468411663801326,10.0,0.0,1.0,0.0,0
26565000000,2641,26565000000,,0.0,-0.03746840677995866,-4.0064513247322174e-08,0.03746840677995866,0.001,0.3746841078635388,10.0,0.0,1.0,0.0,0
26575000000,2642,26575000000,,0.0,-0.03746840711289412,-2.7940899387670783e-08,0.03746840711289412,0.001,0.3746840990692579,10.0,0.0,1.0,0.0,0
26585000000,2643,26585000000,,0.0,-0.0374684073314695,-1.7066431423716708e-08,0.0374684073314695,0.001,0.37468409038015515,10.0,0.0,1.0,0.0,0
26595000000,2644,26595000000,,0.0,-0.037468407448103314,-7.42492705337305e-09,0.037468407448103314,0.001,0.3746840819062047,10.0,0.0,1.0,0.0,0
26605000000,2645,26605000000,,0.0,-0.03746840747496183,1.0138422393714647e-09,0.03746840747496183,0.001,0.3746840737362067,10.0,0.0,1.0,0.0,0
26615000000,2646,26615000000,,0.0,-0.03746840742383384,8.296064759087559e-09,0.03746840742383384,0.001,0.37468406594186376,10.0,0.0,1.0,0.0,0
26625000000,2647,26625000000,,0.0,-0.0374684073060072,1.4474351588212121e-08,0.0374684073060072,0.001,0.3746840585854283,10.0,0.0,1.0,0.0,0
26635000000,2648,26635000000,,0.0,-0.03746840713217914,1.9611507971923828e-08,0.03746840713217914,0.001,0.3746840517099237,10.0,0.0,1.0,0.0,0
26645000000,2649,26645000000,,0.0,-0.03746840691238784,2.377594365900359e-08,0.03746840691238784,0.001,0.3746840453482303,10.0,0.0,1.0,0.0,0
26655000000,2650,26655000000,,0.0,-0.03746840665595652,2.704130141524671e-08,0.03746840665595652,0.001,0.37468403951808504,10.0,0.0,1.0,0.0,0
26665000000,2651,26665000000,,0.0,-0.03746840637146498,2.9483332744279314e-08,0.03746840637146498,0.001,0.37468403423156715,10.0,0.0,1.0,0.0,0
26675000000,2652,26675000000,,0.0,-0.03746840606672208,3.117895941475322e-08,0.03746840606672208,0.001,0.3746840294886056,10.0,0.0,1.0,0.0,0
26685000000,2653,26685000000,,0.0,-0.037468405748765754,3.220560183777284e-08,0.037468405748765754,0.001,0.37468402528230804,10.0,0.0,1.0,0.0,0
26695000000,2654,26695000000,,0.0,-0.037468405423866535,3.263913329761744e-08,0.037468405423866535,0.001,0.3746840215998848,10.0,0.0,1.0,0.0,0
26705000000,2655,26705000000,,0.0,-0.03746840509754179,3.255451737173928e-08,0.03746840509754179,0.001,0.3746840184210143,10.0,0.0,1.0,0.0,0
26715000000,2656,26715000000,,0.0,-0.03746840477458413,3.202235430765235e-08,0.03746840477458413,0.001,0.37468401572434473,10.0,0.0,1.0,0.0,0
26725000000,2657,26725000000,,0.0,-0.0374684044590845,3.1111427875147036e-08,0.0374684044590845,0.001,0.37468401347973135,10.0,0.0,1.0,0.0,0
26735000000,2658,26735000000,,0.0,-0.03746840415447927,2.9885414077224985e-08,0.03746840415447927,0.001,0.37468401165936527,10.0,0.0,1.0,0.0,0
26745000000,2659,26745000000,,0.0,-0.03746840386358308,2.8404413863339294e-08,0.03746840386358308,0.001,0.37468401023099673,10.0,0.0,1.0,0.0,0
26755000000,2660,26755000000,,0.0,-0.03746840358863768,2.6724080024425433e-08,0.03746840358863768,0.001,0.3746840091619763,10.0,0.0,1.0,0.0,0
26765000000,2661,26765000000,,0.0,-0.037468403331354594,2.4894806458509903e-08,0.037468403331354594,0.001,0.374684008418793,10.0,0.0,1.0,0.0,0
26775000000,2662,26775000000,,0.0,-0.03746840309296484,2.296292576241499e-08,0.03746840309296484,0.001,0.37468400796668355,10.0,0.0,1.0,0.0,0
26785000000,2663,26785000000,,0.0,-0.03746840287426778,2.0969115959859047e-08,0.03746840287426778,0.001,0.3746840077736735,10.0,0.0,1.0,0.0,0
26795000000,2664,26795000000,,0.0,-0.03746840267567553,1.8950101272263418e-08,0.03746840267567553,0.001,0.3746840078065805,10.0,0.0,1.0,0.0,0
26805000000,2665,26805000000,,0.0,-0.0374684024972618,1.693754767077881e-08,0.0374684024972618,0.001,0.3746840080350555,10.0,0.0,1.0,0.0,0
26815000000,2666,26815000000,,0.0,-0.03746840233880633,1.4959071105877882e-08,0.03746840233880633,0.001,0.37468400842936234,10.0,0.0,1.0,0.0,0
26825000000,2667,26825000000,,0.0,-0.037468402199836603,1.3037996563322689e-08,0.037468402199836603,0.001,0.374684008960795,10.0,0.0,1.0,0.0,0
26835000000,2668,26835000000,,0.0,-0.037468402079670504,1.1193487012209946e-08,0.037468402079670504,0.001,0.3746840096038806,10.0,0.0,1.0,0.0,0
26845000000,2669,26845000000,,0.0,-0.037468401977451826,9.441612478756463e-09,0.037468401977451826,0.001,0.3746840103322935,10.0,0.0,1.0,0.0,0
26855000000,2670,26855000000,,0.0,-0.03746840189219114,7.79376275099617e-09,0.03746840189219114,0.001,0.37468401112814576,10.0,0.0,1.0,0.0,0
26865000000,2671,26865000000,,0.0,-0.037468401822789765,6.259166421457978e-09,0.037468401822789765,0.001,0.37468401196890433,10.0,0.0,1.0,0.0,0
26875000000,2672,26875000000,,0.0,-0.037468401768077086,4.8449114350100915e-09,0.037468401768077086,0.001,0.3746840128357576,10.0,0.0,1.0,0.0,0
26885000000,2673,26885000000,,0.0,-0.03746840172683363,3.5536029459303424e-09,0.03746840172683363,0.001,0.3746840137147345,10.0,0.0,1.0,0.0,0
26895000000,2674,26895000000,,0.0,-0.03746840169781418,2.387522333847393e-09,0.03746840169781418,0.001,0.37468401458983003,10.0,0.0,1.0,0.0,0
26905000000,2675,26905000000,,0.0,-0.0374684016797735,1.3455674008067223e-09,0.0374684016797735,0.001,0.3746840154521447,10.0,0.0,1.0,0.0,0
26915000000,2676,26915000000,,0.0,-0.03746840167147614,4.2578351727998687e-10,0.03746840167147614,0.001,0.3746840162893239,10.0,0.0,1.0,0.0,0
26925000000,2677,26925000000,,0.0,-0.037468401671720386,-3.7543796497674323e-10,0.037468401671720386,0.001,0.3746840170937915,10.0,0.0,1.0,0.0,0
26935000000,2678,26935000000,,0.0,-0.03746840167934096,-1.0626785411969295e-09,0.03746840167934096,0.001,0.37468401785567096,10.0,0.0,1.0,0.0,0
26945000000,2679,26945000000,,0.0,-0.037468401693237396,-1.6414594239752192e-09,0.037468401693237396,0.001,0.3746840185737277,10.0,0.0,1.0,0.0,0
26955000000,2680,26955000000,,0.0,-0.0374684017123581,-2.118377913892362e-09,0.0374684017123581,0.001,0.37468401924099837,10.0,0.0,1.0,0.0,0
26965000000,2681,26965000000,,0.0,-0.03746840173572963,-2.5022496473454343e-09,0.03746840173572963,0.001,0.37468401986018307,10.0,0.0,1.0,0.0,0
26975000000,2682,26975000000,,0.0,-0.03746840176244248,-2.797455440644457e-09,0.03746840176244248,0.001,0.3746840204204105,10.0,0.0,1.0,0.0,0
26985000000,2683,26985000000,,0.0,-0.037468401791672434,-3.014075023825666e-09,0.037468401791672434,0.001,0.3746840209312019,10.0,0.0,1.0,0.0,0
26995000000,2684,26995000000,,0.0,-0.037468401822662756,-3.1583908017446146e-09,0.037468401822662756,0.001,0.37468402138321366,10.0,0.0,1.0,0.0,0
27005000000,2685,27005000000,,0.0,-0.03746840185474021,-3.2391251077849295e-09,0.03746840185474021,0.001,0.3746840217857006,10.0,0.0,1.0,0.0,0
27015000000,2686,27015000000,,0.0,-0.03746840188730616,-3.2628406689831503e-09,0.03746840188730616,0.001,0.3746840221362291,10.0,0.0,1.0,0.0,0
27025000000,2687,27025000000,,0.0,-0.03746840191983303,-3.237558429248619e-09,0.03746840191983303,0.001,0.3746840224366288,10.0,0.0,1.0,0.0,0
27035000000,2688,27035000000,,0.0,-0.03746840195186785,-3.1700079552526296e-09,0.03746840195186785,0.001,0.37468402268769907,10.0,0.0,1.0,0.0,0
27045000000,2689,27045000000,,0.0,-0.037468401983030475,-3.0678384204498068e-09,0.037468401983030475,0.001,0.37468402289984937,10.0,0.0,1.0,0.0,0
27055000000,2690,27055000000,,0.0,-0.03746840201299406,-2.9348758096877404e-09,0.03746840201299406,0.001,0.3746840230644821,10.0,0.0,1.0,0.0,0
27065000000,2691,27065000000,,0.0,-0.03746840204150281,-2.7787809254114343e-09,0.03746840204150281,0.001,0.3746840231932502,10.0,0.0,1.0,0.0,0
27075000000,2692,27075000000,,0.0,-0.03746840206835245,-2.605854936115568e-09,0.03746840206835245,0.001,0.3746840232912163,10.0,0.0,1.0,0.0,0
27085000000,2693,27085000000,,0.0,-0.037468402093386644,-2.4185149928906698e-09,0.037468402093386644,0.001,0.37468402335326445,10.0,0.0,1.0,0.0,0
27095000000,2694,27095000000,,0.0,-0.037468402116497046,-2.2226201868847015e-09,0.037468402116497046,0.001,0.3746840233854165,10.0,0.0,1.0,0.0,0
27105000000,2695,27105000000,,0.0,-0.03746840213762681,-2.0218431762656177e-09,0.03746840213762681,0.001,0.3746840233977622,10.0,0.0,1.0,0.0,0
27115000000,2696,27115000000,,0.0,-0.037468402156738634,-1.8204820962270677e-09,0.037468402156738634,0.001,0.37468402338637574,10.0,0.0,1.0,0.0,0
27125000000,2697,27125000000,,0.0,-0.0374684021738414,-1.6206402597710523e-09,0.0374684021738414,0.001,0.3746840233584514,10.0,0.0,1.0,0.0,0
27135000000,2698,27135000000,,0.0,-0.0374684021889653,-1.4247171900689113e-09,0.0374684021889653,0.001,0.3746840233142912,10.0,0.0,1.0,0.0,0
27145000000,2699,27145000000,,0.0,-0.03746840220216363,-1.234854626295471e-09,0.03746840220216363,0.001,0.3746840232562043,10.0,0.0,1.0,0.0,0
27155000000,2700,27155000000,,0.0,-0.037468402213512775,-1.0540625355841473e-09,0.037468402213512775,0.001,0.37468402318850735,10.0,0.0,1.0,0.0,0
27165000000,2701,27165000000,,0.0,-0.037468402223103325,-8.827830424664409e-10,0.037468402223103325,0.001,0.3746840231138826,10.0,0.0,1.0,0.0,0
27175000000,2702,27175000000,,0.0,-0.03746840223103831,-7.216788147689922e-10,0.03746840223103831,0.001,0.374684023031584,10.0,0.0,1.0,0.0,0
27185000000,2703,27185000000,,0.0,-0.03746840223743142,-5.737700188182204e-10,0.03746840223743142,0.001,0.3746840229498538,10.0,0.0,1.0,0.0,0
27195000000,2704,27195000000,,0.0,-0.03746840224239634,-4.355776915307303e-10,0.03746840224239634,0.001,0.37468402285739444,10.0,0.0,1.0,0.0,0
27205000000,2705,27205000000,,0.0,-0.037468402246064514,-3.1149541053902484e-10,0.037468402246064514,0.001,0.3746840227715076,10.0,0.0,1.0,0.0,0
27215000000,2706,27215000000,,0.0,-0.037468402248554966,-1.9947868780279868e-10,0.037468402248554966,0.001,0.3746840226845016,10.0,0.0,1.0,0.0,0
27225000000,2707,27225000000,,0.0,-0.037468402249993815,-9.975745062229003e-11,0.037468402249993815,0.001,0.37468402259941413,10.0,0.0,1.0,0.0,0
27235000000,2708,27235000000,,0.0,-0.03746840225050185,-1.2008244929290702e-11,0.03746840225050185,0.001,0.3746840225156767,10.0,0.0,1.0,0.0,0
27245000000,2709,27245000000,,0.0,-0.03746840225020076,6.325510567833074e-11,0.03746840225020076,0.001,0.37468402243894694,10.0,0.0,1.0,0.0,0
27255000000,2710,27255000000,,0.0,-0.03746840224920245,1.2821761426417205e-10,0.03746840224920245,0.001,0.3746840223641268,10.0,0.0,1.0,0.0,0
27265000000,2711,27265000000,,0.0,-0.03746840224761527,1.8242379693416089e-10,0.03746840224761527,0.001,0.37468402229407616,10.0,0.0,1.0,0.0,0
27275000000,2712,27275000000,,0.0,-0.03746840224554138,2.2649892421397996e-10,0.03746840224554138,0.001,0.37468402222892827,10.0,0.0,1.0,0.0,0
27285000000,2713,27285000000,,0.0,-0.03746840224307668,2.61328023758449e-10,0.03746840224307668,0.001,0.37468402216964236,10.0,0.0,1.0,0.0,0
27295000000,2714,27295000000,,0.0,-0.03746840224030912,2.882321017453763e-10,0.03746840224030912,0.001,0.37468402211532137,10.0,0.0,1.0,0.0,0
27305000000,2715,27305000000,,0.0,-0.037468402237316845,3.0692942933603126e-10,0.037468402237316845,0.001,0.3746840220658587,10.0,0.0,1.0,0.0,0
27315000000,2716,27315000000,,0.0,-0.03746840223417536,3.191639571067216e-10,0.03746840223417536,0.001,0.3746840220228975,10.0,0.0,1.0,0.0,0
27325000000,2717,27325000000,,0.0,-0.03746840223094683,3.251136267796202e-10,0.03746840223094683,0.001,0.374684021984395,10.0,0.0,1.0,0.0,0
27335000000,2718,27335000000,,0.0,-0.03746840222768899,3.2560890731527177e-10,0.03746840222768899,0.001,0.3746840219509284,10.0,0.0,1.0,0.0,0
27345000000,2719,27345000000,,0.0,-0.03746840222445247,3.217231371980052e-10,0.03746840222445247,0.001,0.3746840219221159,10.0,0.0,1.0,0.0,0
27355000000,2720,27355000000,,0.0,-0.037468402221279895,3.1296333183408986e-10,0.037468402221279895,0.001,0.37468402190016015,10.0,0.0,1.0,0.0,0
27365000000,2721,27365000000,,0.0,-0.0374684022182068,3.020633378032929e-10,0.0374684022182068,0.001,0.3746840218800873,10.0,0.0,1.0,0.0,0
27375000000,2722,27375000000,,0.0,-0.037468402215262486,2.880967009620715e-10,0.037468402215262486,0.001,0.3746840218639669,10.0,0.0,1.0,0.0,0
27385000000,2723,27385000000,,0.0,-0.03746840221247272,2.7132619653465014e-10,0.03746840221247272,0.001,0.37468402185383276,10.0,0.0,1.0,0.0,0
27395000000,2724,27395000000,,0.0,-0.03746840220985437,2.534738229863469e-10,0.03746840220985437,0.001,0.37468402184541283,10.0,0.0,1.0,0.0,0
27405000000,2725,27405000000,,0.0,-0.03746840220742076,2.3480077710085884e-10,0.03746840220742076,0.001,0.3746840218388403,10.0,0.0,1.0,0.0,0
27415000000,2726,27415000000,,0.0,-0.03746840220518344,2.1480721542673628e-10,0.03746840220518344,0.001,0.3746840218377834,10.0,0.0,1.0,0.0,0
27425000000,2727,27425000000,,0.0,-0.03746840220314418,1.9452094075991006e-10,0.03746840220314418,0.001,0.3746840218369307,10.0,0.0,1.0,0.0,0
27435000000,2728,27435000000,,0.0,-0.03746840220130743,1.743978394770796e-10,0.03746840220130743,0.001,0.3746840218389913,10.0,0.0,1.0,0.0,0
27445000000,2729,27445000000,,0.0,-0.037468402199670514,1.547227539352519e-10,0.037468402199670514,0.001,0.3746840218421621,10.0,0.0,1.0,0.0,0
27455000000,2730,27455000000,,0.0,-0.037468402198229,1.349659663269967e-10,0.037468402198229,0.001,0.3746840218472869,10.0,0.0,1.0,0.0,0
27465000000,2731,27465000000,,0.0,-0.037468402196978445,1.1703135760842622e-10,0.037468402196978445,0.001,0.3746840218525449,10.0,0.0,1.0,0.0,0
27475000000,2732,27475000000,,0.0,-0.03746840219590908,9.89602390224709e-11,0.03746840219590908,0.001,0.374684021860503,10.0,0.0,1.0,0.0,0
27485000000,2733,27485000000,,0.0,-0.03746840219501113,8.238590287752586e-11,0.03746840219501113,0.001,0.3746840218675107,10.0,0.0,1.0,0.0,0
27495000000,2734,27495000000,,0.0,-0.03746840219427572,6.668009731401864e-11,0.03746840219427572,0.001,0.3746840218761438,10.0,0.0,1.0,0.0,0
27505000000,2735,27505000000,,0.0,-0.03746840219368952,5.241889032637973e-11,0.03746840219368952,0.001,0.3746840218844927,10.0,0.0,1.0,0.0,0
27515000000,2736,27515000000,,0.0,-0.03746840219324099,3.8915940598396015e-11,0.03746840219324099,0.001,0.37468402189333005,10.0,0.0,1.0,0.0,0
27525000000,2737,27525000000,,0.0,-0.03746840219291858,2.6831565597002942e-11,0.03746840219291858,0.001,0.37468402190254047,10.0,0.0,1.0,0.0,0
27535000000,2738,27535000000,,0.0,-0.03746840219270897,1.6189941535951395e-11,0.03746840219270897,0.001,0.3746840219111025,10.0,0.0,1.0,0.0,0
27545000000,2739,27545000000,,0.0,-0.037468402192599726,6.753243338162883e-12,0.037468402192599726,0.001,0.37468402191889183,10.0,0.0,1.0,0.0,0
27555000000,2740,27555000000,,0.0,-0.03746840219257841,-1.4075683853599041e-12,0.03746840219257841,0.001,0.3746840219257841,10.0,0.0,1.0,0.0,0
27565000000,2741,27565000000,,0.0,-0.03746840219263703,-9.074279708901329e-12,0.03746840219263703,0.001,0.37468402193702843,10.0,0.0,1.0,0.0,0
27575000000,2742,27575000000,,0.0,-0.03746840219275782,-1.4561146613773723e-11,0.03746840219275782,0.001,0.37468402194178907,10.0,0.0,1.0,0.0,0
27585000000,2743,27585000000,,0.0,-0.03746840219293546,-2.0343801562540197e-11,0.03746840219293546,0.001,0.37468402195067085,10.0,0.0,1.0,0.0,0
27595000000,2744,27595000000,,0.0,-0.037468402193155725,-2.3655018382252768e-11,0.037468402193155725,0.001,0.37468402195287354,10.0,0.0,1.0,0.0,0
27605000000,2745,27605000000,,0.0,-0.03746840219341685,-2.7040303376598626e-11,0.03746840219341685,0.001,0.3746840219625902,10.0,0.0,1.0,0.0,0
27615000000,2746,27615000000,,0.0,-0.03746840219369929,-2.951368833599123e-11,0.03746840219369929,0.001,0.3746840219654146,10.0,0.0,1.0,0.0,0
27625000000,2747,27625000000,,0.0,-0.0374684021940066,-3.118459985026349e-11,0.0374684021940066,0.001,0.3746840219720404,10.0,0.0,1.0,0.0,0
27635000000,2748,27635000000,,0.0,-0.03746840219432279,-3.238474262705714e-11,0.03746840219432279,0.001,0.37468402197520234,10.0,0.0,1.0,0.0,0
27645000000,2749,27645000000,,0.0,-0.037468402194647865,-3.222796749043881e-11,0.037468402194647865,0.001,0.3746840219784531,10.0,0.0,1.0,0.0,0
27655000000,2750,27655000000,,0.0,-0.03746840219497294,-3.22177937304005e-11,0.03746840219497294,0.001,0.3746840219817038,10.0,0.0,1.0,0.0,0
27665000000,2751,27665000000,,0.0,-0.03746840219529446,-3.160408735686217e-11,0.03746840219529446,0.001,0.374684021984919,10.0,0.0,1.0,0.0,0
27675000000,2752,27675000000,,0.0,-0.037468402195608874,-3.1143187500328174e-11,0.037468402195608874,0.001,0.37468402198806317,10.0,0.0,1.0,0.0,0
27685000000,2753,27685000000,,0.0,-0.037468402195910855,-2.9170730108476255e-11,0.037468402195910855,0.001,0.37468402198753026,10.0,0.0,1.0,0.0,0
27695000000,2754,27695000000,,0.0,-0.037468402196198625,-2.8570854147652657e-11,0.037468402196198625,0.001,0.37468402199040796,10.0,0.0,1.0,0.0,0
27705000000,2755,27705000000,,0.0,-0.037468402196472184,-2.6480703963645982e-11,0.037468402196472184,0.001,0.3746840219913672,10.0,0.0,1.0,0.0,0
27715000000,2756,27715000000,,0.0,-0.03746840219672798,-2.443371280886581e-11,0.03746840219672798,0.001,0.3746840219921488,10.0,0.0,1.0,0.0,0
27725000000,2757,27725000000,,0.0,-0.037468402196964234,-2.3440857532907913e-11,0.037468402196964234,0.001,0.37468402199451134,10.0,0.0,1.0,0.0,0
27735000000,2758,27735000000,,0.0,-0.03746840219718095,-2.0659797507957386e-11,0.03746840219718095,0.001,0.3746840219931258,10.0,0.0,1.0,0.0,0
27745000000,2759,27745000000,,0.0,-0.037468402197378126,-1.9303085362108903e-11,0.037468402197378126,0.001,0.37468402199509754,10.0,0.0,1.0,0.0,0
27755000000,2760,27755000000,,0.0,-0.03746840219755221,-1.7371522133300912e-11,0.03746840219755221,0.001,0.37468402199328565,10.0,0.0,1.0,0.0,0
27765000000,2761,27765000000,,0.0,-0.03746840219770853,-1.4837396168152073e-11,0.03746840219770853,0.001,0.37468402199129613,10.0,0.0,1.0,0.0,0
27775000000,2762,27775000000,,0.0,-0.037468402197847084,-1.300855481131114e-11,0.037468402197847084,0.001,0.3746840219926817,10.0,0.0,1.0,0.0,0
27785000000,2763,27785000000,,0.0,-0.03746840219796432,-1.0993897122159564e-11,0.03746840219796432,0.001,0.3746840219903014,10.0,0.0,1.0,0.0,0
27795000000,2764,27795000000,,0.0,-0.0374684021980638,-8.797463903900044e-12,0.0374684021980638,0.001,0.3746840219877434,10.0,0.0,1.0,0.0,0
27805000000,2765,27805000000,,0.0,-0.037468402198149064,-8.108857166953783e-12,0.037468402198149064,0.001,0.37468402199037243,10.0,0.0,1.0,0.0,0
27815000000,2766,27815000000,,0.0,-0.037468402198216566,-6.720460982233794e-12,0.037468402198216566,0.001,0.3746840219892711,10.0,0.0,1.0,0.0,0
27825000000,2767,27825000000,,0.0,-0.03746840219826986,-4.328866968332148e-12,0.03746840219826986,0.001,0.3746840219862513,10.0,0.0,1.0,0.0,0
27835000000,2768,27835000000,,0.0,-0.03746840219831071,-3.2668681502164486e-12,0.03746840219831071,0.001,0.37468402198665984,10.0,0.0,1.0,0.0,0
27845000000,2769,27845000000,,0.0,-0.037468402198339135,-2.6243192572746547e-12,0.037468402198339135,0.001,0.37468402198694406,10.0,0.0,1.0,0.0,0
27855000000,2770,27855000000,,0.0,-0.0374684021983569,-1.850964771428121e-12,0.0374684021983569,0.001,0.3746840219871217,10.0,0.0,1.0,0.0,0
27865000000,2771,27865000000,,0.0,-0.03746840219836223,-7.607408437058437e-13,0.03746840219836223,0.001,0.3746840219836223,10.0,0.0,1.0,0.0,0
27875000000,2772,27875000000,,0.0,-0.03746840219836223,5.145702868653853e-13,0.03746840219836223,0.001,0.3746840219827341,10.0,0.0,1.0,0.0,0
27885000000,2773,27885000000,,0.0,-0.037468402198354234,1.0204213420129288e-12,0.037468402198354234,0.001,0.37468402198265416,10.0,0.0,1.0,0.0,0
27895000000,2774,27895000000,,0.0,-0.03746840219834002,1.675729815751072e-12,0.03746840219834002,0.001,0.37468402198162387,10.0,0.0,1.0,0.0,0
27905000000,2775,27905000000,,0.0,-0.03746840219832048,2.2874972850904723e-12,0.03746840219832048,0.001,0.3746840219805403,10.0,0.0,1.0,0.0,0
27915000000,2776,27915000000,,0.0,-0.03746840219829739,2.292646366871819e-12,0.03746840219829739,0.001,0.37468402198119755,10.0,0.0,1.0,0.0,0
27925000000,2777,27925000000,,0.0,-0.03746840219826986,2.651112176006543e-12,0.03746840219826986,0.001,0.37468402198003403,10.0,0.0,1.0,0.0,0
27935000000,2778,27935000000,,0.0,-0.03746840219824055,3.2523552743894924e-12,0.03746840219824055,0.001,0.37468402197885275,10.0,0.0,1.0,0.0,0
27945000000,2779,27945000000,,0.0,-0.03746840219821035,3.184112020793344e-12,0.03746840219821035,0.001,0.37468402197943895,10.0,0.0,1.0,0.0,0
27955000000,2780,27955000000,,0.0,-0.037468402198178374,3.1900480291755918e-12,0.037468402198178374,0.001,0.3746840219791192,10.0,0.0,1.0,0.0,0
27965000000,2781,27965000000,,0.0,-0.03746840219814551,3.155422825214345e-12,0.03746840219814551,0.001,0.3746840219787906,10.0,0.0,1.0,0.0,0
27975000000,2782,27975000000,,0.0,-0.03746840219811265,3.3553577305570412e-12,0.03746840219811265,0.001,0.3746840219775738,10.0,0.0,1.0,0.0,0
27985000000,2783,27985000000,,0.0,-0.037468402198080675,3.2518768528869664e-12,0.037468402198080675,0.001,0.37468402197725403,10.0,0.0,1.0,0.0,0
27995000000,2784,27995000000,,0.0,-0.03746840219805048,2.8734682930839163e-12,0.03746840219805048,0.001,0.37468402197784023,10.0,0.0,1.0,0.0,0
28005000000,2785,28005000000,,0.0,-0.03746840219802028,2.8199089909140467e-12,0.03746840219802028,0.001,0.37468402197753825,10.0,0.0,1.0,0.0,0
28015000000,2786,28015000000,,0.0,-0.03746840219799186,2.7028513342021613e-12,0.03746840219799186,0.001,0.37468402197725403,10.0,0.0,1.0,0.0,0
28025000000,2787,28025000000,,0.0,-0.0374684021979661,2.6031984234919108e-12,0.0374684021979661,0.001,0.37468402197788464,10.0,0.0,1.0,0.0,0
28035000000,2788,28035000000,,0.0,-0.03746840219794034,2.368441193037581e-12,0.03746840219794034,0.001,0.3746840219767389,10.0,0.0,1.0,0.0,0
28045000000,2789,28045000000,,0.0,-0.03746840219791814,2.620873427360889e-12,0.03746840219791814,0.001,0.37468402197651685,10.0,0.0,1.0,0.0,0
28055000000,2790,28055000000,,0.0,-0.03746840219789682,2.3524509451291525e-12,0.03746840219789682,0.001,0.3746840219763037,10.0,0.0,1.0,0.0,0
28065000000,2791,28065000000,,0.0,-0.03746840219787728,1.6043184302548245e-12,0.03746840219787728,0.001,0.37468402197699646,10.0,0.0,1.0,0.0,0
28075000000,2792,28075000000,,0.0,-0.037468402197861295,1.3359844360154865e-12,0.037468402197861295,0.001,0.37468402197772477,10.0,0.0,1.0,0.0,0
28085000000,2793,28085000000,,0.0,-0.037468402197846196,1.2622100390594153e-12,0.037468402197846196,0.001,0.3746840219775738,10.0,0.0,1.0,0.0,0
28095000000,2794,28095000000,,0.0,-0.03746840219783287,9.338687485795152e-13,0.03746840219783287,0.001,0.37468402197744055,10.0,0.0,1.0,0.0,0
28105000000,2795,28105000000,,0.0,-0.037468402197822215,5.95613318039196e-13,0.037468402197822215,0.001,0.37468402197822215,10.0,0.0,1.0,0.0,0
28115000000,2796,28115000000,,0.0,-0.037468402197812445,8.705921162693298e-13,0.037468402197812445,0.001,0.37468402197723627,10.0,0.0,1.0,0.0,0
28125000000,2797,28125000000,,0.0,-0.03746840219780445,7.057042603836553e-13,0.03746840219780445,0.001,0.37468402197715633,10.0,0.0,1.0,0.0,0
28135000000,2798,28135000000,,0.0,-0.037468402197798234,2.871100933485329e-13,0.037468402197798234,0.001,0.37468402197798234,10.0,0.0,1.0,0.0,0
28145000000,2799,28145000000,,0.0,-0.03746840219779379,2.91648001616514e-13,0.03746840219779379,0.001,0.37468402197793793,10.0,0.0,1.0,0.0,0
28155000000,2800,28155000000,,0.0,-0.03746840219779024,3.9529572589808095e-13,0.03746840219779024,0.001,0.3746840219779024,10.0,0.0,1.0,0.0,0
28165000000,2801,28165000000,,0.0,-0.037468402197787576,6.637603341913363e-14,0.037468402197787576,0.001,0.37468402197787576,10.0,0.0,1.0,0.0,0
28175000000,2802,28175000000,,0.0,-0.03746840219778669,2.528526981220246e-13,0.03746840219778669,0.001,0.3746840219778669,10.0,0.0,1.0,0.0,0
28185000000,2803,28185000000,,0.0,-0.0374684021977858,2.0489432084809648e-14,0.0374684021977858,0.001,0.374684021977858,10.0,0.0,1.0,0.0,0
28195000000,2804,28195000000,,0.0,-0.0374684021977858,-4.415070879775665e-14,0.0374684021977858,0.001,0.374684021977858,10.0,0.0,1.0,0.0,0
28205000000,2805,28205000000,,0.0,-0.03746840219778669,-2.95835418543185e-13,0.03746840219778669,0.001,0.3746840219778669,10.0,0.0,1.0,0.0,0
28215000000,2806,28215000000,,0.0,-0.03746840219778935,2.0910023855895155e-13,0.03746840219778935,0.001,0.3746840219778935,10.0,0.0,1.0,0.0,0
28225000000,2807,28225000000,,0.0,-0.03746840219779024,-5.525831007193263e-13,0.03746840219779024,0.001,0.3746840219779024,10.0,0.0,1.0,0.0,0
28235000000,2808,28235000000,,0.0,-0.037468402197792905,-3.2900254368036937e-13,0.037468402197792905,0.001,0.37468402197792905,10.0,0.0,1.0,0.0,0
28245000000,2809,28245000000,,0.0,-0.03746840219779646,-8.525690374074856e-13,0.03746840219779646,0.001,0.37468402197974093,10.0,0.0,1.0,0.0,0
28255000000,2810,28255000000,,0.0,-0.03746840219780001,-7.266322835448838e-13,0.03746840219780001,0.001,0.37468402197977646,10.0,0.0,1.0,0.0,0
28265000000,2811,28265000000,,0.0,-0.03746840219780179,-3.3737505264365116e-13,0.03746840219780179,0.001,0.37468402197801787,10.0,0.0,1.0,0.0,0
28275000000,2812,28275000000,,0.0,-0.03746840219780534,-2.5067179122695555e-13,0.03746840219780534,0.001,0.3746840219780534,10.0,0.0,1.0,0.0,0
28285000000,2813,28285000000,,0.0,-0.03746840219780889,-2.054183837527418e-13,0.03746840219780889,0.001,0.3746840219780889,10.0,0.0,1.0,0.0,0
28295000000,2814,28295000000,,0.0,-0.03746840219781156,-5.779909318045835e-13,0.03746840219781156,0.001,0.37468402197811557,10.0,0.0,1.0,0.0,0
28305000000,2815,28305000000,,0.0,-0.03746840219781511,-2.3631087270791497e-13,0.03746840219781511,0.001,0.3746840219781511,10.0,0.0,1.0,0.0,0
28315000000,2816,28315000000,,0.0,-0.03746840219781866,3.637040327657611e-14,0.03746840219781866,0.001,0.3746840219781866,10.0,0.0,1.0,0.0,0
28325000000,2817,28325000000,,0.0,-0.03746840219782044,-5.164021385488356e-13,0.03746840219782044,0.001,0.3746840219782044,10.0,0.0,1.0,0.0,0
28335000000,2818,28335000000,,0.0,-0.03746840219782399,-4.432663181897491e-13,0.03746840219782399,0.001,0.3746840219782399,10.0,0.0,1.0,0.0,0
28345000000,2819,28345000000,,0.0,-0.03746840219782577,-3.193134278753591e-13,0.03746840219782577,0.001,0.3746840219782577,10.0,0.0,1.0,0.0,0
28355000000,2820,28355000000,,0.0,-0.03746840219782932,-7.194164600843738e-13,0.03746840219782932,0.001,0.37468402198006956,10.0,0.0,1.0,0.0,0
28365000000,2821,28365000000,,0.0,-0.03746840219783021,-5.810391268242905e-13,0.03746840219783021,0.001,0.3746840219783021,10.0,0.0,1.0,0.0,0
28375000000,2822,28375000000,,0.0,-0.03746840219783376,-5.516659359133448e-13,0.03746840219783376,0.001,0.37468402198011397,10.0,0.0,1.0,0.0,0
28385000000,2823,28385000000,,0.0,-0.03746840219783465,-1.1185019481977363e-13,0.03746840219783465,0.001,0.3746840219783465,10.0,0.0,1.0,0.0,0
28395000000,2824,28395000000,,0.0,-0.03746840219783554,-4.086140788886854e-13,0.03746840219783554,0.001,0.3746840219783554,10.0,0.0,1.0,0.0,0
28405000000,2825,28405000000,,0.0,-0.0374684021978382,-8.922685983971205e-14,0.0374684021978382,0.001,0.374684021978382,10.0,0.0,1.0,0.0,0
28415000000,2826,28415000000,,0.0,-0.03746840219783998,-5.284868622486518e-13,0.03746840219783998,0.001,0.37468402198017614,10.0,0.0,1.0,0.0,0
28425000000,2827,28425000000,,0.0,-0.03746840219783998,-1.6477931567618532e-13,0.03746840219783998,0.001,0.3746840219783998,10.0,0.0,1.0,0.0,0
28435000000,2828,28435000000,,0.0,-0.03746840219784087,-7.338476725738163e-14,0.03746840219784087,0.001,0.37468402197840867,10.0,0.0,1.0,0.0,0
28445000000,2829,28445000000,,0.0,-0.037468402197841755,1.7194697138055956e-13,0.037468402197841755,0.001,0.37468402197752937,10.0,0.0,1.0,0.0,0
28455000000,2830,28455000000,,0.0,-0.03746840219784264,2.543206771366619e-15,0.03746840219784264,0.001,0.37468402197842643,10.0,0.0,1.0,0.0,0
28465000000,2831,28465000000,,0.0,-0.03746840219784264,5.800303161587506e-14,0.03746840219784264,0.001,0.37468402197842643,10.0,0.0,1.0,0.0,0
28475000000,2832,28475000000,,0.0,-0.03746840219784264,1.8137112769033583e-13,0.03746840219784264,0.001,0.37468402197753825,10.0,0.0,1.0,0.0,0
28485000000,2833,28485000000,,0.0,-0.03746840219784353,1.9419325606654808e-13,0.03746840219784353,0.001,0.3746840219784353,10.0,0.0,1.0,0.0,0
28495000000,2834,28495000000,,0.0,-0.03746840219784353,1.946630003675883e-14,0.03746840219784353,0.001,0.3746840219784353,10.0,0.0,1.0,0.0,0
28505000000,2835,28505000000,,0.0,-0.03746840219784353,3.885790219604289e-14,0.03746840219784353,0.001,0.3746840219784353,10.0,0.0,1.0,0.0,0
28515000000,2836,28515000000,,0.0,-0.03746840219784353,5.6445698063298414e-14,0.03746840219784353,0.001,0.3746840219784353,10.0,0.0,1.0,0.0,0
28525000000,2837,28525000000,,0.0,-0.03746840219784264,7.873842803977026e-14,0.03746840219784264,0.001,0.37468402197753825,10.0,0.0,1.0,0.0,0
28535000000,2838,28535000000,,0.0,-0.03746840219784353,1.069975044476399e-13,0.03746840219784353,0.001,0.3746840219784353,10.0,0.0,1.0,0.0,0
28545000000,2839,28545000000,,0.0,-0.03746840219784264,-2.5863083010012358e-14,0.03746840219784264,0.001,0.37468402197842643,10.0,0.0,1.0,0.0,0
28555000000,2840,28555000000,,0.0,-0.03746840219784264,-4.2807982000074083e-14,0.03746840219784264,0.001,0.37468402197842643,10.0,0.0,1.0,0.0,0
28565000000,2841,28565000000,,0.0,-0.037468402197841755,-1.8144593272609954e-13,0.037468402197841755,0.001,0.37468402197841755,10.0,0.0,1.0,0.0,0
28575000000,2842,28575000000,,0.0,-0.037468402197841755,-6.915923230200788e-15,0.037468402197841755,0.001,0.37468402197841755,10.0,0.0,1.0,0.0,0
28585000000,2843,28585000000,,0.0,-0.03746840219784087,1.7133335425565513e-13,0.03746840219784087,0.001,0.3746840219775205,10.0,0.0,1.0,0.0,0
28595000000,2844,28595000000,,0.0,-0.03746840219784087,3.58372701947295e-13,0.03746840219784087,0.001,0.3746840219775205,10.0,0.0,1.0,0.0,0
28605000000,2845,28605000000,,0.0,-0.03746840219784087,4.13121749600565e-14,0.03746840219784087,0.001,0.37468402197840867,10.0,0.0,1.0,0.0,0
28615000000,2846,28615000000,,0.0,-0.037468402197841755,-2.307829097260226e-13,0.037468402197841755,0.001,0.3746840219801939,10.0,0.0,1.0,0.0,0
28625000000,2847,28625000000,,0.0,-0.03746840219783998,-9.297590700843451e-14,0.03746840219783998,0.001,0.3746840219783998,10.0,0.0,1.0,0.0,0
28635000000,2848,28635000000,,0.0,-0.03746840219783998,-1.6450260369695813e-14,0.03746840219783998,0.001,0.3746840219783998,10.0,0.0,1.0,0.0,0
28645000000,2849,28645000000,,0.0,-0.03746840219783909,-3.19543768797777e-13,0.03746840219783909,0.001,0.3746840219783909,10.0,0.0,1.0,0.0,0
28655000000,2850,28655000000,,0.0,-0.03746840219783909,-1.5164005546722976e-13,0.03746840219783909,0.001,0.3746840219783909,10.0,0.0,1.0,0.0,0
28665000000,2851,28665000000,,0.0,-0.03746840219783909,8.218641195460377e-16,0.03746840219783909,0.001,0.3746840219783909,10.0,0.0,1.0,0.0,0
28675000000,2852,28675000000,,0.0,-0.03746840219783909,-2.2942485322633668e-14,0.03746840219783909,0.001,0.3746840219783909,10.0,0.0,1.0,0.0,0
28685000000,2853,28685000000,,0.0,-0.03746840219783909,-4.786934403806474e-15,0.03746840219783909,0.001,0.3746840219783909,10.0,0.0,1.0,0.0,0
28695000000,2854,28695000000,,0.0,-0.03746840219783909,3.942159922254778e-14,0.03746840219783909,0.001,0.3746840219783909,10.0,0.0,1.0,0.0,0
28705000000,2855,28705000000,,0.0,-0.03746840219783909,5.830424845795567e-14,0.03746840219783909,0.001,0.3746840219783909,10.0,0.0,1.0,0.0,0
28715000000,2856,28715000000,,0.0,-0.03746840219783998,-3.6423658611468515e-13,0.03746840219783998,0.001,0.37468402198017614,10.0,0.0,1.0,0.0,0
28725000000,2857,28725000000,,0.0,-0.0374684021978382,2.3160728170754973e-13,0.0374684021978382,0.001,0.37468402197749384,10.0,0.0,1.0,0.0,0
28735000000,2858,28735000000,,0.0,-0.0374684021978382,1.4135848394185185e-13,0.0374684021978382,0.001,0.37468402197749384,10.0,0.0,1.0,0.0,0
28745000000,2859,28745000000,,0.0,-0.03746840219783998,-1.1490422537571545e-13,0.03746840219783998,0.001,0.37468402198017614,10.0,0.0,1.0,0.0,0
28755000000,2860,28755000000,,0.0,-0.0374684021978382,-1.110673759462718e-13,0.0374684021978382,0.001,0.374684021978382,10.0,0.0,1.0,0.0,0
28765000000,2861,28765000000,,0.0,-0.0374684021978382,-1.1523473293205073e-13,0.0374684021978382,0.001,0.374684021978382,10.0,0.0,1.0,0.0,0
28775000000,2862,28775000000,,0.0,-0.0374684021978382,-1.2578279257145972e-13,0.0374684021978382,0.001,0.374684021978382,10.0,0.0,1.0,0.0,0
28785000000,2863,28785000000,,0.0,-0.0374684021978382,-1.3716438778062385e-13,0.0374684021978382,0.001,0.374684021978382,10.0,0.0,1.0,0.0,0
28795000000,2864,28795000000,,0.0,-0.0374684021978382,-1.474631019004438e-13,0.0374684021978382,0.001,0.374684021978382,10.0,0.0,1.0,0.0,0
28805000000,2865,28805000000,,0.0,-0.0374684021978382,-1.5805371367311527e-13,0.0374684021978382,0.001,0.374684021978382,10.0,0.0,1.0,0.0,0
28815000000,2866,28815000000,,0.0,-0.0374684021978382,-1.6902232189570135e-13,0.0374684021978382,0.001,0.374684021978382,10.0,0.0,1.0,0.0,0
28825000000,2867,28825000000,,0.0,-0.0374684021978382,-1.7821586560499992e-13,0.0374684021978382,0.001,0.374684021978382,10.0,0.0,1.0,0.0,0
28835000000,2868,28835000000,,0.0,-0.0374684021978382,-2.161224650531749e-13,0.0374684021978382,0.001,0.374684021978382,10.0,0.0,1.0,0.0,0
28845000000,2869,28845000000,,0.0,-0.0374684021978382,-4.293484213851219e-14,0.0374684021978382,0.001,0.374684021978382,10.0,0.0,1.0,0.0,0
28855000000,2870,28855000000,,0.0,-0.0374684021978382,-3.7686767135893935e-14,0.0374684021978382,0.001,0.374684021978382,10.0,0.0,1.0,0.0,0
28865000000,2871,28865000000,,0.0,-0.0374684021978382,-3.172047213614784e-14,0.0374684021978382,0.001,0.374684021978382,10.0,0.0,1.0,0.0,0
28875000000,2872,28875000000,,0.0,-0.0374684021978382,3.8903843105796847e-13,0.0374684021978382,0.001,0.37468402197749384,10.0,0.0,1.0,0.0,0
28885000000,2873,28885000000,,0.0,-0.0374684021978382,-2.9102632964220644e-15,0.0374684021978382,0.001,0.374684021978382,10.0,0.0,1.0,0.0,0
28895000000,2874,28895000000,,0.0,-0.0374684021978382,4.665372827517922e-15,0.0374684021978382,0.001,0.374684021978382,10.0,0.0,1.0,0.0,0
28905000000,2875,28905000000,,0.0,-0.0374684021978382,6.506191310167548e-15,0.0374684021978382,0.001,0.374684021978382,10.0,0.0,1.0,0.0,0
28915000000,2876,28915000000,,0.0,-0.0374684021978382,-4.012273875096049e-14,0.0374684021978382,0.001,0.374684021978382,10.0,0.0,1.0,0.0,0
28925000000,2877,28925000000,,0.0,-0.0374684021978382,-4.7756293853187275e-14,0.0374684021978382,0.001,0.374684021978382,10.0,0.0,1.0,0.0,0
28935000000,2878,28935000000,,0.0,-0.0374684021978382,-6.784451004263779e-14,0.0374684021978382,0.001,0.374684021978382,10.0,0.0,1.0,0.0,0
28945000000,2879,28945000000,,0.0,-0.0374684021978382,-7.026494269893845e-14,0.0374684021978382,0.001,0.374684021978382,10.0,0.0,1.0,0.0,0
28955000000,2880,28955000000,,0.0,-0.0374684021978382,-7.378880790049346e-14,0.0374684021978382,0.001,0.374684021978382,10.0,0.0,1.0,0.0,0
28965000000,2881,28965000000,,0.0,-0.0374684021978382,-7.559050725685731e-14,0.0374684021978382,0.001,0.374684021978382,10.0,0.0,1.0,0.0,0
28975000000,2882,28975000000,,0.0,-0.0374684021978382,-7.769948062053088e-14,0.0374684021978382,0.001,0.374684021978382,10.0,0.0,1.0,0.0,0
28985000000,2883,28985000000,,0.0,-0.0374684021978382,-7.999145720880952e-14,0.0374684021978382,0.001,0.374684021978382,10.0,0.0,1.0,0.0,0
28995000000,2884,28995000000,,0.0,-0.0374684021978382,-8.31627078749527e-14,0.0374684021978382,0.001,0.374684021978382,10.0,0.0,1.0,0.0,0
29005000000,2885,29005000000,,0.0,-0.0374684021978382,-8.52115646590507e-14,0.0374684021978382,0.001,0.374684021978382,10.0,0.0,1.0,0.0,0
29015000000,2886,29015000000,,0.0,-0.0374684021978382,-8.721383189226925e-14,0.0374684021978382,0.001,0.374684021978382,10.0,0.0,1.0,0.0,0
29025000000,2887,29025000000,,0.0,-0.0374684021978382,-8.982547656094388e-14,0.0374684021978382,0.001,0.374684021978382,10.0,0.0,1.0,0.0,0
29035000000,2888,29035000000,,0.0,-0.0374684021978382,-9.260454594402333e-14,0.0374684021978382,0.001,0.374684021978382,10.0,0.0,1.0,0.0,0
29045000000,2889,29045000000,,0.0,-0.0374684021978382,-9.428177159901116e-14,0.0374684021978382,0.001,0.374684021978382,10.0,0.0,1.0,0.0,0
29055000000,2890,29055000000,,0.0,-0.0374684021978382,-9.691098373254515e-14,0.0374684021978382,0.001,0.374684021978382,10.0,0.0,1.0,0.0,0
29065000000,2891,29065000000,,0.0,-0.0374684021978382,-9.846154725429992e-14,0.0374684021978382,0.001,0.374684021978382,10.0,0.0,1.0,0.0,0
29075000000,2892,29075000000,,0.0,-0.0374684021978382,-9.897816784538215e-14,0.0374684021978382,0.001,0.374684021978382,10.0,0.0,1.0,0.0,0
29085000000,2893,29085000000,,0.0,-0.0374684021978382,-9.988879846739455e-14,0.0374684021978382,0.001,0.374684021978382,10.0,0.0,1.0,0.0,0
29095000000,2894,29095000000,,0.0,-0.0374684021978382,-1.0099163693057882e-13,0.0374684021978382,0.001,0.374684021978382,10.0,0.0,1.0,0.0,0
29105000000,2895,29105000000,,0.0,-0.0374684021978382,-1.0402084893488525e-13,0.0374684021978382,0.001,0.374684021978382,10.0,0.0,1.0,0.0,0
29115000000,2896,29115000000,,0.0,-0.0374684021978382,-1.0613340429827968e-13,0.0374684021978382,0.001,0.374684021978382,10.0,0.0,1.0,0.0,0
29125000000,2897,29125000000,,0.0,-0.0374684021978382,-1.0817404563556401e-13,0.0374684021978382,0.001,0.374684021978382,10.0,0.0,1.0,0.0,0
29135000000,2898,29135000000,,0.0,-0.0374684021978382,-1.104786121709475e-13,0.0374684021978382,0.001,0.374684021978382,10.0,0.0,1.0,0.0,0
29145000000,2899,29145000000,,0.0,-0.0374684021978382,-1.1505784380040496e-13,0.0374684021978382,0.001,0.374684021978382,10.0,0.0,1.0,0.0,0
29155000000,2900,29155000000,,0.0,-0.0374684021978382,-1.160854254106207e-13,0.0374684021978382,0.001,0.374684021978382,10.0,0.0,1.0,0.0,0
29165000000,2901,29165000000,,0.0,-0.0374684021978382,-1.1981429350657002e-13,0.0374684021978382,0.001,0.374684021978382,10.0,0.0,1.0,0.0,0
29175000000,2902,29175000000,,0.0,-0.0374684021978382,-1.2407559224825692e-13,0.0374684021978382,0.001,0.374684021978382,10.0,0.0,1.0,0.0,0
29185000000,2903,29185000000,,0.0,-0.0374684021978382,-1.1638671984438267e-13,0.0374684021978382,0.001,0.374684021978382,10.0,0.0,1.0,0.0,0
29195000000,2904,29195000000,,0.0,-0.0374684021978382,-1.1939204216928368e-13,0.0374684021978382,0.001,0.374684021978382,10.0,0.0,1.0,0.0,0
29205000000,2905,29205000000,,0.0,-0.0374684021978382,-1.212217115699864e-13,0.0374684021978382,0.001,0.374684021978382,10.0,0.0,1.0,0.0,0
29215000000,2906,29215000000,,0.0,-0.0374684021978382,-1.2309572661995872e-13,0.0374684021978382,0.001,0.374684021978382,10.0,0.0,1.0,0.0,0
29225000000,2907,29225000000,,0.0,-0.0374684021978382,-1.2546624002447278e-13,0.0374684021978382,0.001,0.374684021978382,10.0,0.0,1.0,0.0,0
29235000000,2908,29235000000,,0.0,-0.0374684021978382,-1.2763135495532846e-13,0.0374684021978382,0.001,0.374684021978382,10.0,0.0,1.0,0.0,0
29245000000,2909,29245000000,,0.0,-0.03746840219783998,-1.1268788661406579e-13,0.03746840219783998,0.001,0.37468402198017614,10.0,0.0,1.0,0.0,0
29255000000,2910,29255000000,,0.0,-0.0374684021978382,-1.2402653638359675e-13,0.0374684021978382,0.001,0.374684021978382,10.0,0.0,1.0,0.0,0
29265000000,2911,29265000000,,0.0,-0.0374684021978382,-1.0944219743561008e-13,0.0374684021978382,0.001,0.374684021978382,10.0,0.0,1.0,0.0,0
29275000000,2912,29275000000,,0.0,-0.0374684021978382,-1.2546067362678589e-13,0.0374684021978382,0.001,0.374684021978382,10.0,0.0,1.0,0.0,0
29285000000,2913,29285000000,,0.0,-0.0374684021978382,-1.288233390788553e-13,0.0374684021978382,0.001,0.374684021978382,10.0,0.0,1.0,0.0,0
29295000000,2914,29295000000,,0.0,-0.0374684021978382,-1.321166751724417e-13,0.0374684021978382,0.001,0.374684021978382,10.0,0.0,1.0,0.0,0
29305000000,2915,29305000000,,0.0,-0.0374684021978382,-1.3155220870250266e-13,0.0374684021978382,0.001,0.374684021978382,10.0,0.0,1.0,0.0,0
29315000000,2916,29315000000,,0.0,-0.0374684021978382,-1.3543889266541207e-13,0.0374684021978382,0.001,0.374684021978382,10.0,0.0,1.0,0.0,0
29325000000,2917,29325000000,,0.0,-0.0374684021978382,-1.3863393399774895e-13,0.0374684021978382,0.001,0.374684021978382,10.0,0.0,1.0,0.0,0
29335000000,2918,29335000000,,0.0,-0.0374684021978382,-1.420401481080167e-13,0.0374684021978382,0.001,0.374684021978382,10.0,0.0,1.0,0.0,0
29345000000,2919,29345000000,,0.0,-0.0374684021978382,-1.4542595156468705e-13,0.0374684021978382,0.001,0.374684021978382,10.0,0.0,1.0,0.0,0
29355000000,2920,29355000000,,0.0,-0.0374684021978382,-1.495056420096399e-13,0.0374684021978382,0.001,0.374684021978382,10.0,0.0,1.0,0.0,0
29365000000,2921,29365000000,,0.0,-0.0374684021978382,1.604686984754182e-13,0.0374684021978382,0.001,0.374684021978382,10.0,0.0,1.0,0.0,0
29375000000,2922,29375000000,,0.0,-0.0374684021978382,7.590057847673656e-14,0.0374684021978382,0.001,0.374684021978382,10.0,0.0,1.0,0.0,0
29385000000,2923,29385000000,,0.0,-0.0374684021978382,6.413819878996628e-14,0.0374684021978382,0.001,0.374684021978382,10.0,0.0,1.0,0.0,0
