%time,field.header.seq,field.header.stamp,field.header.frame_id,field.set_point,field.process_value,field.process_value_dot,field.error,field.time_step,field.command,field.p,field.i,field.d,field.i_clamp,field.antiwindup
24395000000,2424,24395000000,,0.0,-0.0003942415015076861,-0.10353782907966824,0.0003942415015076861,0.001,0.10748030887893556,10.0,0.0,1.0,0.0,0
24405000000,2425,24405000000,,0.0,-0.002437334648054623,-0.28814269549726124,0.002437334648054623,0.001,0.31251614969098007,10.0,0.0,1.0,0.0,0
24415000000,2426,24415000000,,0.0,-0.006302039654252134,-0.4636691068236353,0.006302039654252134,0.001,0.5266895788413084,10.0,0.0,1.0,0.0,0
24425000000,2427,24425000000,,0.0,-0.011786348129411373,-0.6135731958084204,0.011786348129411373,0.001,0.7314367182484371,10.0,0.0,1.0,0.0,0
24435000000,2428,24435000000,,0.0,-0.01861453035478089,-0.735286007264857,0.01861453035478089,0.001,0.9214313230800197,10.0,0.0,1.0,0.0,0
24445000000,2429,24445000000,,0.0,-0.026509622414267575,-0.8299678789878795,0.026509622414267575,0.001,1.0950640905834153,10.0,0.0,1.0,0.0,0
24455000000,2430,24455000000,,0.0,-0.03521273532762503,-0.8997632306254009,0.03521273532762503,0.001,1.2518905504656797,10.0,0.0,1.0,0.0,0
24465000000,2431,24465000000,,0.0,-0.04448805434489689,-0.9470583448363548,0.04448805434489689,0.001,1.3919388384462739,10.0,0.0,1.0,0.0,0
24475000000,2432,24475000000,,0.0,-0.054123864384622244,-0.9742658224069204,0.054123864384622244,0.001,1.515504404908521,10.0,0.0,1.0,0.0,0
24485000000,2433,24485000000,,0.0,-0.06393236020348514,-0.983752366673456,0.06393236020348514,0.001,1.6230759007503526,10.0,0.0,1.0,0.0,0
24495000000,2434,24495000000,,0.0,-0.07374899177625327,-0.9778061743342271,0.07374899177625327,0.001,1.7152960219901292,10.0,0.0,1.0,0.0,0
24505000000,2435,24505000000,,0.0,-0.08343156185982803,-0.9586166607717558,0.08343156185982803,0.001,1.792932210851772,10.0,0.0,1.0,0.0,0
24515000000,2436,24515000000,,0.0,-0.09285915190099292,-0.9282593415623104,0.09285915190099292,0.001,1.8568507965036662,10.0,0.0,1.0,0.0,0
24525000000,2437,24525000000,,0.0,-0.10193091552376199,-0.8886839955223452,0.10193091552376199,0.001,1.9079930930841993,10.0,0.0,1.0,0.0,0
24535000000,2438,24535000000,,0.0,-0.11056476912684143,-0.8417056031197454,0.11056476912684143,0.001,1.9473532441905927,10.0,0.0,1.0,0.0,0
24545000000,2439,24545000000,,0.0,-0.1186960062315281,-0.7889978759844131,0.1186960062315281,0.001,1.9759578959461255,10.0,0.0,1.0,0.0,0
24555000000,2440,24555000000,,0.0,-0.12627586073985153,-0.7320892404702867,0.12627586073985153,0.001,1.994847813157028,10.0,0.0,1.0,0.0,0
24565000000,2441,24565000000,,0.0,-0.13327004280602583,-0.6723611186176481,0.13327004280602583,0.001,2.005061519002078,10.0,0.0,1.0,0.0,0
24575000000,2442,24575000000,,0.0,-0.1396572692919138,-0.6110483197919419,0.1396572692919138,0.001,2.0076209912241882,10.0,0.0,1.0,0.0,0
24585000000,2443,24585000000,,0.0,-0.14542780876340888,-0.5492413306983629,0.14542780876340888,0.001,2.003519402072209,10.0,0.0,1.0,0.0,0
24595000000,2444,24595000000,,0.0,-0.15058205875815478,-0.4878902738819131,0.15058205875815478,0.001,1.9937108494561162,10.0,0.0,1.0,0.0,0
24605000000,2445,24605000000,,0.0,-0.15512917069741494,-0.42781029532953524,0.15512917069741494,0.001,1.9791019936405352,10.0,0.0,1.0,0.0,0
24615000000,2446,24615000000,,0.0,-0.15908573540394588,-0.3696881396988277,0.15908573540394588,0.001,1.960545487617198,10.0,0.0,1.0,0.0,0
24625000000,2447,24625000000,,0.0,-0.16247453979194493,-0.3140896760296488,0.16247453979194493,0.001,1.9388350696964896,10.0,0.0,1.0,0.0,0
24635000000,2448,24635000000,,0.0,-0.1653234029731694,-0.2614681465240477,0.1653234029731694,0.001,1.9147021733356429,10.0,0.0,1.0,0.0,0
24645000000,2449,24645000000,,0.0,-0.1676640978234536,-0.21217292505589402,0.1676640978234536,0.001,1.8888139012911775,10.0,0.0,1.0,0.0,0
24655000000,2450,24655000000,,0.0,-0.16953136201403307,-0.1664585895046612,0.16953136201403307,0.001,1.861772208266137,10.0,0.0,1.0,0.0,0
24665000000,2451,24665000000,,0.0,-0.17096200065991685,-0.12449413171845788,0.17096200065991685,0.001,1.8341141373528291,10.0,0.0,1.0,0.0,0
24675000000,2452,24675000000,,0.0,-0.17199408109059977,-0.08637214994959937,0.17199408109059977,0.001,1.806312960164549,10.0,0.0,1.0,0.0,0
24685000000,2453,24685000000,,0.0,-0.17266621881512112,-0.052117890113663,0.17266621881512112,0.001,1.7787800777641127,10.0,0.0,1.0,0.0,0
24695000000,2454,24695000000,,0.0,-0.1730169525337617,-0.021698023368234176,0.1730169525337617,0.001,1.7518675483390656,10.0,0.0,1.0,0.0,0
24705000000,2455,24705000000,,0.0,-0.17308420503600885,0.004970932251071964,0.17308420503600885,0.001,1.7258711178526909,10.0,0.0,1.0,0.0,0
24715000000,2456,24715000000,,0.0,-0.17290482600648716,0.02801461958074988,0.17290482600648716,0.001,1.7010336403217607,10.0,0.0,1.0,0.0,0
24725000000,2457,24725000000,,0.0,-0.17251421212227136,0.04759333571549519,0.17251421212227136,0.001,1.6775487854311955,10.0,0.0,1.0,0.0,0
24735000000,2458,24735000000,,0.0,-0.17194599934820598,0.06389505194057866,0.17194599934820598,0.001,1.6555649415446805,10.0,0.0,1.0,0.0,0
24745000000,2459,24745000000,,0.0,-0.1712318220039455,0.07712898756243496,0.1712318220039455,0.001,1.6351892325519923,10.0,0.0,1.0,0.0,0
24755000000,2460,24755000000,,0.0,-0.1704011329691042,0.08751975319316756,0.1704011329691042,0.001,1.6164915766364985,10.0,0.0,1.0,0.0,0
24765000000,2461,24765000000,,0.0,-0.16948107929469547,0.09530206885191878,0.16948107929469547,0.001,1.5995087242871353,10.0,0.0,1.0,0.0,0
24775000000,2462,24775000000,,0.0,-0.16849642748448268,0.10071605353287523,0.16849642748448268,0.001,1.584248221547515,10.0,0.0,1.0,0.0,0
24785000000,2463,24785000000,,0.0,-0.16746953278525378,0.10400307545756078,0.16746953278525378,0.001,1.5706922526641076,10.0,0.0,1.0,0.0,0
24795000000,2464,24795000000,,0.0,-0.1664203469680796,0.10540214599090139,0.1664203469680796,0.001,1.558801323981367,10.0,0.0,1.0,0.0,0
24805000000,2465,24805000000,,0.0,-0.16536645928229277,0.10514683499375488,0.16536645928229277,0.001,1.5485177581340537,10.0,0.0,1.0,0.0,0
24815000000,2466,24815000000,,0.0,-0.16432316551027437,0.10346268113774766,0.16432316551027437,0.001,1.5397689742746845,10.0,0.0,1.0,0.0,0
24825000000,2467,24825000000,,0.0,-0.1633035603351649,0.1005650673360609,0.1633035603351649,0.001,1.5324705363249347,10.0,0.0,1.0,0.0,0
24835000000,2468,24835000000,,0.0,-0.16231864854678335,0.09665752887835591,0.16231864854678335,0.001,1.5265289568921503,10.0,0.0,1.0,0.0,0
24845000000,2469,24845000000,,0.0,-0.16137747094579602,0.09193046004072254,0.16137747094579602,0.001,1.5218442497102025,10.0,0.0,1.0,0.0,0
24855000000,2470,24855000000,,0.0,-0.1604872411551117,0.0865601838236399,0.1604872411551117,0.001,1.5183122280084227,10.0,0.0,1.0,0.0,0
24865000000,2471,24865000000,,0.0,-0.15965348990417194,0.08070834898562261,0.15965348990417194,0.001,1.5158265503228474,10.0,0.0,1.0,0.0,0
24875000000,2472,24875000000,,0.0,-0.15888021371008865,0.07452161862225448,0.15888021371008865,0.001,1.514280518730482,10.0,0.0,1.0,0.0,0
24885000000,2473,24885000000,,0.0,-0.158170025234166,0.06813161514219428,0.158170025234166,0.001,1.5135686374380608,10.0,0.0,1.0,0.0,0
24895000000,2474,24895000000,,0.0,-0.15752430293851027,0.061655087522270606,0.15752430293851027,0.001,1.5135879420863851,10.0,0.0,1.0,0.0,0
24905000000,2475,24905000000,,0.0,-0.15694333800115068,0.055194268130237104,0.15694333800115068,0.001,1.5142391120909515,10.0,0.0,1.0,0.0,0
24915000000,2476,24915000000,,0.0,-0.1564264767660486,0.0488373881053313,0.1564264767660486,0.001,1.515427379751646,10.0,0.0,1.0,0.0,0
24925000000,2477,24925000000,,0.0,-0.1559722573039677,0.04265932222875058,0.1559722573039677,0.001,1.5170632509932869,10.0,0.0,1.0,0.0,0
24935000000,2478,24935000000,,0.0,-0.15557853893940177,0.036722336322786674,0.15557853893940177,0.001,1.5190630532398686,10.0,0.0,1.0,0.0,0
24945000000,2479,24945000000,,0.0,-0.1552426238561857,0.031076912439083372,0.1552426238561857,0.001,1.5213493262792,10.0,0.0,1.0,0.0,0
24955000000,2480,24955000000,,0.0,-0.15496137012932376,0.02576262938123587,0.15496137012932376,0.001,1.5238510720553133,10.0,0.0,1.0,0.0,0
24965000000,2481,24965000000,,0.0,-0.1547312957424536,0.02080907839803621,0.1547312957424536,0.001,1.526503879157799,10.0,0.0,1.0,0.0,0
24975000000,2482,24975000000,,0.0,-0.15454867333942524,0.016236796173162184,0.15454867333942524,0.001,1.529249937339916,10.0,0.0,1.0,0.0,0
24985000000,2483,24985000000,,0.0,-0.15440961562502586,0.012058199438746826,0.15440961562502586,0.001,1.5320379569178932,10.0,0.0,1.0,0.0,0
24995000000,2484,24995000000,,0.0,-0.1543101514746823,0.008278507695039043,0.1543101514746823,0.001,1.5348230071456115,10.0,0.0,1.0,0.0,0
25005000000,2485,25005000000,,0.0,-0.15424629293694903,0.004896642538860614,0.15424629293694903,0.001,1.5375662869135365,10.0,0.0,1.0,0.0,0
25015000000,2486,25015000000,,0.0,-0.15421409341684722,0.0019060940319977997,0.15421409341684722,0.001,1.540234840209358,10.0,0.0,1.0,0.0,0
25025000000,2487,25025000000,,0.0,-0.1542096974139282,-0.0007042536803987226,0.1542096974139282,0.001,1.5428012278826042,10.0,0.0,1.0,0.0,0
25035000000,2488,25035000000,,0.0,-0.1542293822576335,-0.0029493436441642407,0.1542293822576335,0.001,1.5452431662736021,10.0,0.0,1.0,0.0,0
25045000000,2489,25045000000,,0.0,-0.15426959233550175,-0.004847218885874881,0.15426959233550175,0.001,1.5475431422834784,10.0,0.0,1.0,0.0,0
25055000000,2490,25055000000,,0.0,-0.154326966348461,-0.006418349995832487,0.154326966348461,0.001,1.5496880135138458,10.0,0.0,1.0,0.0,0
25065000000,2491,25065000000,,0.0,-0.1543983581533359,-0.007685019547297229,0.1543983581533359,0.001,1.5516686011051828,10.0,0.0,1.0,0.0,0
25075000000,2492,25075000000,,0.0,-0.15448085176703596,-0.008670764313747253,0.15448085176703596,0.001,1.553479282004444,10.0,0.0,1.0,0.0,0
25085000000,2493,25085000000,,0.0,-0.15457177111129372,-0.00939987530865579,0.15457177111129372,0.001,1.5551175864337186,10.0,0.0,1.0,0.0,0
25095000000,2494,25095000000,,0.0,-0.15466868507238107,-0.009896954845891846,0.15466868507238107,0.001,1.5565838055776826,10.0,0.0,1.0,0.0,0
25105000000,2495,25105000000,,0.0,-0.15476940843830267,-0.010186529128481902,0.15476940843830267,0.001,1.5578806135143441,10.0,0.0,1.0,0.0,0
25115000000,2496,25115000000,,0.0,-0.15487199925784356,-0.010292714297244985,0.15487199925784356,0.001,1.5590127068717496,10.0,0.0,1.0,0.0,0
25125000000,2497,25125000000,,0.0,-0.1549747531424197,-0.01023893339838264,0.1549747531424197,0.001,1.5599864648160011,10.0,0.0,1.0,0.0,0
25135000000,2498,25135000000,,0.0,-0.15507619500413217,-0.010047681356132557,0.15507619500413217,0.001,1.560809631387814,10.0,0.0,1.0,0.0,0
25145000000,2499,25145000000,,0.0,-0.15517506869280684,-0.009740334760599977,0.15517506869280684,0.001,1.561491021676611,10.0,0.0,1.0,0.0,0
25155000000,2500,25155000000,,0.0,-0.15527032496160142,-0.009337003085978873,0.15527032496160142,0.001,1.5620402526871668,10.0,0.0,1.0,0.0,0
25165000000,2501,25165000000,,0.0,-0.15536110815624316,-0.008856417820305692,0.15536110815624316,0.001,1.562467499367779,10.0,0.0,1.0,0.0,0
25175000000,2502,25175000000,,0.0,-0.155446741987455,-0.008315855945060945,0.155446741987455,0.001,1.5627832758037474,10.0,0.0,1.0,0.0,0
25185000000,2503,25185000000,,0.0,-0.15552671471035762,-0.007731094191192759,0.15552671471035762,0.001,1.562998241275535,10.0,0.0,1.0,0.0,0
25195000000,2504,25195000000,,0.0,-0.1556006639992722,-0.007116390558457406,0.1556006639992722,0.001,1.5631230305344612,10.0,0.0,1.0,0.0,0
25205000000,2505,25205000000,,0.0,-0.155668361771526,-0.006484489663187515,0.155668361771526,0.001,1.563168107360946,10.0,0.0,1.0,0.0,0
25215000000,2506,25215000000,,0.0,-0.15572969918044155,-0.005846648635639844,0.15572969918044155,0.001,1.563143640423883,10.0,0.0,1.0,0.0,0
25225000000,2507,25225000000,,0.0,-0.15578467196539503,-0.0052126803981777286,0.15578467196539503,0.001,1.5630594000355114,10.0,0.0,1.0,0.0,0
25235000000,2508,25235000000,,0.0,-0.15583336631653477,-0.004591011397440207,0.15583336631653477,0.001,1.5629246745461867,10.0,0.0,1.0,0.0,0
25245000000,2509,25245000000,,0.0,-0.15587594538313443,-0.003988750998703598,0.15587594538313443,0.001,1.562748204814186,10.0,0.0,1.0,0.0,0
25255000000,2510,25255000000,,0.0,-0.15591263652812248,-0.0034117700049944803,0.15591263652812248,0.001,1.5625381352730816,10.0,0.0,1.0,0.0,0
25265000000,2511,25265000000,,0.0,-0.15594371940691953,-0.0028647859597727737,0.15594371940691953,0.001,1.5623019800154392,10.0,0.0,1.0,0.0,0
25275000000,2512,25275000000,,0.0,-0.15596951492663624,-0.0023514531134551844,0.15596951492663624,0.001,1.5620466023679302,10.0,0.0,1.0,0.0,0
25285000000,2513,25285000000,,0.0,-0.15599037512163694,-0.0018744551611064883,0.15599037512163694,0.001,1.561778206363913,10.0,0.0,1.0,0.0,0
25295000000,2514,25295000000,,0.0,-0.15600667396380263,-0.0014355990751986013,0.15600667396380263,0.001,1.5615023387052052,10.0,0.0,1.0,0.0,0
25305000000,2515,25305000000,,0.0,-0.15601879911012073,-0.0010359085538776474,0.15601879911012073,0.001,1.5612238996459293,10.0,0.0,1.0,0.0,0
25315000000,2516,25315000000,,0.0,-0.15602714457679756,-0.0006757158410868272,0.15602714457679756,0.001,1.560947161603261,10.0,0.0,1.0,0.0,0
25325000000,2517,25325000000,,0.0,-0.15603210431736958,-0.0003547508260473045,0.15603210431736958,0.001,1.560675793994415,10.0,0.0,1.0,0.0,0
25335000000,2518,25335000000,,0.0,-0.15603406667278197,-7.22265572179147e-05,0.15603406667278197,0.001,1.5604128932796701,10.0,0.0,1.0,0.0,0
25345000000,2519,25345000000,,0.0,-0.15603340965334844,0.00017307956590366255,0.15603340965334844,0.001,1.560161016963253,10.0,0.0,1.0,0.0,0
25355000000,2520,25355000000,,0.0,-0.1560304970062747,0.0003827494633973188,0.1560304970062747,0.001,1.5599222205959595,10.0,0.0,1.0,0.0,0
25365000000,2521,25365000000,,0.0,-0.1560256750176645,0.000558653338978408,0.1560256750176645,0.001,1.559698096834392,10.0,0.0,1.0,0.0,0
25375000000,2522,25375000000,,0.0,-0.1560192699944576,0.0007028842077599186,0.1560192699944576,0.001,1.5594898157341852,10.0,0.0,1.0,0.0,0
25385000000,2523,25385000000,,0.0,-0.15601158636960655,0.0008176981658053474,0.15601158636960655,0.001,1.5592981655282223,10.0,0.0,1.0,0.0,0
25395000000,2524,25395000000,,0.0,-0.15600290537268613,0.0009054604579014116,0.15600290537268613,0.001,1.5591235932682501,10.0,0.0,1.0,0.0,0
25405000000,2525,25405000000,,0.0,-0.1559934842080004,0.0009685973206362034,0.1559934842080004,0.001,1.5589662447594321,10.0,0.0,1.0,0.0,0
25415000000,2526,25415000000,,0.0,-0.15598355568296007,0.0010095534944463281,0.15598355568296007,0.001,1.558826003335465,10.0,0.0,1.0,0.0,0
25425000000,2527,25425000000,,0.0,-0.15597332823091836,0.0010307552390068605,0.15597332823091836,0.001,1.5587025270697996,10.0,0.0,1.0,0.0,0
25435000000,2528,25435000000,,0.0,-0.15596298627464922,0.001034578619516094,0.15596298627464922,0.001,1.5585952841281614,10.0,0.0,1.0,0.0,0
25445000000,2529,25445000000,,0.0,-0.15595269087915664,0.0010233228052176882,0.15595269087915664,0.001,1.5585035859872942,10.0,0.0,1.0,0.0,0
25455000000,2530,25455000000,,0.0,-0.15594258064539268,0.0009991880692274953,0.15594258064539268,0.001,1.5584266183865303,10.0,0.0,1.0,0.0,0
25465000000,2531,25465000000,,0.0,-0.15593277279960116,0.0009642581670173614,0.15593277279960116,0.001,1.5583634698302529,10.0,0.0,1.0,0.0,0
25475000000,2532,25475000000,,0.0,-0.15592336443642285,0.000920486746838181,0.15592336443642285,0.001,1.558313157618736,10.0,0.0,1.0,0.0,0
25485000000,2533,25485000000,,0.0,-0.15591443387737236,0.0008696874361096997,0.15591443387737236,0.001,1.558274651339655,10.0,0.0,1.0,0.0,0
25495000000,2534,25495000000,,0.0,-0.15590604210990566,0.0008135272475666648,0.15590604210990566,0.001,1.5582468938525995,10.0,0.0,1.0,0.0,0
25505000000,2535,25505000000,,0.0,-0.15589823427586058,0.0007535229442158424,0.15589823427586058,0.001,1.5582288198167848,10.0,0.0,1.0,0.0,0
25515000000,2536,25515000000,,0.0,-0.15589104118157415,0.0006910400177994495,0.15589104118157415,0.001,1.5582193717994208,10.0,0.0,1.0,0.0,0
25525000000,2537,25525000000,,0.0,-0.15588448080548378,0.0006272939359957433,0.15588448080548378,0.001,1.5582175141207077,10.0,0.0,1.0,0.0,0
25535000000,2538,25535000000,,0.0,-0.1558785597822565,0.0005633533389549436,0.1558785597822565,0.001,1.5582222444852523,10.0,0.0,1.0,0.0,0
25545000000,2539,25545000000,,0.0,-0.155873274845737,0.0005001448678328362,0.155873274845737,0.001,1.558232603591403,10.0,0.0,1.0,0.0,0
25555000000,2540,25555000000,,0.0,-0.155868614215934,0.00043845934595743163,0.155868614215934,0.001,1.5582476828149527,10.0,0.0,1.0,0.0,0
25565000000,2541,25565000000,,0.0,-0.15586455891809514,0.0003789590320439863,0.15586455891809514,0.001,1.5582666301505732,10.0,0.0,1.0,0.0,0
25575000000,2542,25575000000,,0.0,-0.15586108402445653,0.0003221857071951592,0.15586108402445653,0.001,1.558288654538007,10.0,0.0,1.0,0.0,0
25585000000,2543,25585000000,,0.0,-0.15585815981166817,0.0002685693597000544,0.15585815981166817,0.001,1.5583130287588176,10.0,0.0,1.0,0.0,0
25595000000,2544,25595000000,,0.0,-0.1558557528289839,0.000218437272536142,0.1558557528289839,0.001,1.558339091018901,10.0,0.0,1.0,0.0,0
25605000000,2545,25605000000,,0.0,-0.15585382687427352,0.00017202332416007995,0.15585382687427352,0.001,1.5583662454200375,10.0,0.0,1.0,0.0,0
25615000000,2546,25615000000,,0.0,-0.1558523438765782,0.0001294773474709365,0.1558523438765782,0.001,1.558393961418716,10.0,0.0,1.0,0.0,0
25625000000,2547,25625000000,,0.0,-0.15585126468543908,9.087440373283205e-05,0.15585126468543908,0.001,1.5584217724512772,10.0,0.0,1.0,0.0,0
25635000000,2548,25635000000,,0.0,-0.15585054976850632,5.622385430514797e-05,0.15585054976850632,0.001,1.5584492738310463,10.0,0.0,1.0,0.0,0
25645000000,2549,25645000000,,0.0,-0.1558501598200266,2.5478128855644866e-05,0.1558501598200266,0.001,1.558476120071326,10.0,0.0,1.0,0.0,0
25655000000,2550,25655000000,,0.0,-0.15585005628371018,-1.4588922947997356e-06,0.15585005628371018,0.001,1.5585020217305523,10.0,0.0,1.0,0.0,0
25665000000,2551,25665000000,,0.0,-0.15585020179420273,-2.4723946951911067e-05,0.15585020179420273,0.001,1.5585267418911375,10.0,0.0,1.0,0.0,0
25675000000,2552,25675000000,,0.0,-0.15585056054198265,-4.448696196227798e-05,0.15585056054198265,0.001,1.558550092383273,10.0,0.0,1.0,0.0,0
25685000000,2553,25685000000,,0.0,-0.1558510985669086,-6.094416599329109e-05,0.1558510985669086,0.001,1.5585719298361322,10.0,0.0,1.0,0.0,0
25695000000,2554,25695000000,,0.0,-0.15585178398594923,-7.431175797948491e-05,0.15585178398594923,0.001,1.5585921516180168,10.0,0.0,1.0,0.0,0
25705000000,2555,25705000000,,0.0,-0.15585258716079498,-8.482016020594521e-05,0.15585258716079498,0.001,1.5586106917677345,10.0,0.0,1.0,0.0,0
25715000000,2556,25715000000,,0.0,-0.15585348081116113,-9.270884406311567e-05,0.15585348081116113,0.001,1.5586275169566566,10.0,0.0,1.0,0.0,0
25725000000,2557,25725000000,,0.0,-0.15585444007950766,-9.822173142989521e-05,0.15585444007950766,0.001,1.5586426225244931,10.0,0.0,1.0,0.0,0
25735000000,2558,25735000000,,0.0,-0.1558554425528902,-0.0001016031552064562,0.1558554425528902,0.001,1.5586560286850126,10.0,0.0,1.0,0.0,0
25745000000,2559,25745000000,,0.0,-0.15585646824737953,-0.00010309436315534894,0.15585646824737953,0.001,1.5586677768370638,10.0,0.0,1.0,0.0,0
25755000000,2560,25755000000,,0.0,-0.1558574995604216,-0.00010293053644718216,0.1558574995604216,0.001,1.5586779261394224,10.0,0.0,1.0,0.0,0
25765000000,2561,25765000000,,0.0,-0.15585852119607768,-0.00010133830097187296,0.15585852119607768,0.001,1.5586865502603064,10.0,0.0,1.0,0.0,0
25775000000,2562,25775000000,,0.0,-0.15585952006791448,-9.853369217527964e-05,0.15585952006791448,0.001,1.5586937343723495,10.0,0.0,1.0,0.0,0
25785000000,2563,25785000000,,0.0,-0.15586048518393003,-9.47205480089782e-05,0.15586048518393003,0.001,1.55869957238715,10.0,0.0,1.0,0.0,0
25795000000,2564,25795000000,,0.0,-0.15586140751756705,-9.008929056536819e-05,0.15586140751756705,0.001,1.5587041644663646,10.0,0.0,1.0,0.0,0
25805000000,2565,25805000000,,0.0,-0.15586227986852297,-8.481606143311295e-05,0.15586227986852297,0.001,1.5587076147469592,10.0,0.0,1.0,0.0,0
25815000000,2566,25815000000,,0.0,-0.15586309671668364,-7.906217392667369e-05,0.15586309671668364,0.001,1.5587100293387568,10.0,0.0,1.0,0.0,0
25825000000,2567,25825000000,,0.0,-0.15586385407219883,-7.297385271198262e-05,0.15586385407219883,0.001,1.5587115145729502,10.0,0.0,1.0,0.0,0
25835000000,2568,25835000000,,0.0,-0.15586454932429827,-6.668221777128916e-05,0.15586454932429827,0.001,1.5587121754582878,10.0,0.0,1.0,0.0,0
25845000000,2569,25845000000,,0.0,-0.15586518109118241,-6.0303482778931736e-05,0.15586518109118241,0.001,1.5587121143931437,10.0,0.0,1.0,0.0,0
25855000000,2570,25855000000,,0.0,-0.15586574907293116,-5.393933849664429e-05,0.15586574907293116,0.001,1.5587114300676408,10.0,0.0,1.0,0.0,0
25865000000,2571,25865000000,,0.0,-0.15586625390910758,-4.767748911686754e-05,0.15586625390910758,0.001,1.5587102165796995,10.0,0.0,1.0,0.0,0
25875000000,2572,25875000000,,0.0,-0.15586669704242606,-4.159231079780744e-05,0.15586669704242606,0.001,1.5587085627343011,10.0,0.0,1.0,0.0,0
25885000000,2573,25885000000,,0.0,-0.15586708058957566,-3.574561135509194e-05,0.15586708058957566,0.001,1.5587065515066723,10.0,0.0,1.0,0.0,0
25895000000,2574,25895000000,,0.0,-0.15586740722005654,-3.0187460894001706e-05,0.15586740722005654,0.001,1.558704259661985,10.0,0.0,1.0,0.0,0
25905000000,2575,25905000000,,0.0,-0.15586768004364426,-2.4957079572862315e-05,0.15586768004364426,0.001,1.5587017575164008,10.0,0.0,1.0,0.0,0
25915000000,2576,25915000000,,0.0,-0.15586790250690807,-2.0083752014157855e-05,0.15586790250690807,0.001,1.558699108818855,10.0,0.0,1.0,0.0,0
25925000000,2577,25925000000,,0.0,-0.1558680782990054,-1.5587765101484303e-05,0.1558680782990054,0.001,1.5586963707557988,10.0,0.0,1.0,0.0,0
25935000000,2578,25935000000,,0.0,-0.15586821126681105,-1.148133777690528e-05,0.15586821126681105,0.001,1.5586935940048807,10.0,0.0,1.0,0.0,0
25945000000,2579,25945000000,,0.0,-0.15586830533935636,-7.769544532205215e-06,0.15586830533935636,0.001,1.558690822938571,10.0,0.0,1.0,0.0,0
25955000000,2580,25955000000,,0.0,-0.1558683644613188,-4.451211684437458e-06,0.1558683644613188,0.001,1.5586880958259197,10.0,0.0,1.0,0.0,0
25965000000,2581,25965000000,,0.0,-0.15586839253532236,-1.5197798191821803e-06,0.15586839253532236,0.001,1.5586854451330812,10.0,0.0,1.0,0.0,0
25975000000,2582,25975000000,,0.0,-0.15586839337264902,1.0358721701124262e-06,0.15586839337264902,0.001,1.5586828978546574,10.0,0.0,1.0,0.0,0
25985000000,2583,25985000000,,0.0,-0.15586837065190906,3.230654351026188e-06,0.15586837065190906,0.001,1.5586804758642359,10.0,0.0,1.0,0.0,0
25995000000,2584,25995000000,,0.0,-0.15586832788518823,5.082541031519013e-06,0.15586832788518823,0.001,1.5586781963112717,10.0,0.0,1.0,0.0,0
26005000000,2585,26005000000,,0.0,-0.15586826839112256,6.6119016086604605e-06,0.15586826839112256,0.001,1.5586760720099768,10.0,0.0,1.0,0.0,0
26015000000,2586,26015000000,,0.0,-0.15586819527435924,7.840890635698797e-06,0.15586819527435924,0.001,1.558674111852989,10.0,0.0,1.0,0.0,0
26025000000,2587,26025000000,,0.0,-0.1558681114107996,8.792892544373225e-06,0.1558681114107996,0.001,1.5586723212153597,10.0,0.0,1.0,0.0,0
26035000000,2588,26035000000,,0.0,-0.15586801943808304,9.492025567985336e-06,0.15586801943808304,0.001,1.5586707023558866,10.0,0.0,1.0,0.0,0
26045000000,2589,26045000000,,0.0,-0.15586792175069775,9.962703187916923e-06,0.15586792175069775,0.001,1.5586692548034264,10.0,0.0,1.0,0.0,0
26055000000,2590,26055000000,,0.0,-0.15586782049920078,1.0229249312904524e-05,0.15586782049920078,0.001,1.5586679757425603,10.0,0.0,1.0,0.0,0
26065000000,2591,26065000000,,0.0,-0.15586771759296436,1.0315567994569766e-05,0.15586771759296436,0.001,1.5586668603608,10.0,0.0,1.0,0.0,0
26075000000,2592,26075000000,,0.0,-0.1558676147059579,1.024486397518493e-05,0.1558676147059579,0.001,1.5586659021959548,10.0,0.0,1.0,0.0,0
26085000000,2593,26085000000,,0.0,-0.15586751328505688,1.0039409346641248e-05,0.15586751328505688,0.001,1.558665093441265,10.0,0.0,1.0,0.0,0
26095000000,2594,26095000000,,0.0,-0.15586741456043374,9.72035768599217e-06,0.15586741456043374,0.001,1.5586644252473736,10.0,0.0,1.0,0.0,0
26105000000,2595,26105000000,,0.0,-0.1558673195575846,9.307596315729477e-06,0.1558673195575846,0.001,1.5586638879793746,10.0,0.0,1.0,0.0,0
26115000000,2596,26115000000,,0.0,-0.15586722911061823,8.819637828500079e-06,0.15586722911061823,0.001,1.5586634714687175,10.0,0.0,1.0,0.0,0
26125000000,2597,26125000000,,0.0,-0.15586714387643408,8.27354636276181e-06,0.15586714387643408,0.001,1.5586631652180483,10.0,0.0,1.0,0.0,0
26135000000,2598,26135000000,,0.0,-0.15586706434948283,7.684892351714566e-06,0.15586706434948283,0.001,1.5586629586021061,10.0,0.0,1.0,0.0,0
26145000000,2599,26145000000,,0.0,-0.15586699087680955,7.06773632336236e-06,0.15586699087680955,0.001,1.5586628410323655,10.0,0.0,1.0,0.0,0
26155000000,2600,26155000000,,0.0,-0.1558669236731376,6.434635381459209e-06,0.1558669236731376,0.001,1.558662802096329,10.0,0.0,1.0,0.0,0
26165000000,2601,26165000000,,0.0,-0.1558668628357749,5.796669509380685e-06,0.1558668628357749,0.001,1.558662831687938,10.0,0.0,1.0,0.0,0
26175000000,2602,26175000000,,0.0,-0.15586680835915345,5.163485730778171e-06,0.15586680835915345,0.001,1.5586629201058955,10.0,0.0,1.0,0.0,0
26185000000,2603,26185000000,,0.0,-0.15586676014884393,4.543356542835553e-06,0.15586676014884393,0.001,1.5586630581316374,10.0,0.0,1.0,0.0,0
26195000000,2604,26195000000,,0.0,-0.15586671803493157,3.943249846640038e-06,0.15586671803493157,0.001,1.558663237100033,10.0,0.0,1.0,0.0,0
26205000000,2605,26205000000,,0.0,-0.15586668178463547,3.3689072805157154e-06,0.15586668178463547,0.001,1.5586634489394235,10.0,0.0,1.0,0.0,0
26215000000,2606,26215000000,,0.0,-0.15586665111410714,2.8249293056255022e-06,0.15586665111410714,0.001,1.5586636862114478,10.0,0.0,1.0,0.0,0
26225000000,2607,26225000000,,0.0,-0.1558666256993515,2.3148653570040527e-06,0.1558666256993515,0.001,1.5586639421278825,10.0,0.0,1.0,0.0,0
26235000000,2608,26235000000,,0.0,-0.15586660518622875,1.8413055488667253e-06,0.15586660518622875,0.001,1.558664210556513,10.0,0.0,1.0,0.0,0
26245000000,2609,26245000000,,0.0,-0.15586658919952967,1.4059757192953495e-06,0.15586658919952967,0.001,1.5586644860195165,10.0,0.0,1.0,0.0,0
26255000000,2610,26255000000,,0.0,-0.15586657735111675,1.0098285294991035e-06,0.15586657735111675,0.001,1.5586647636825024,10.0,0.0,1.0,0.0,0
26265000000,2611,26265000000,,0.0,-0.15586656924714326,6.531355746692414e-07,0.15586656924714326,0.001,1.5586650393352208,10.0,0.0,1.0,0.0,0
26275000000,2612,26275000000,,0.0,-0.15586656449438063,3.3557588834021026e-07,0.15586656449438063,0.001,1.558665309367795,10.0,0.0,1.0,0.0,0
26285000000,2613,26285000000,,0.0,-0.15586656270566657,5.6320881689720404e-08,0.15586656270566657,0.001,1.558665570736384,10.0,0.0,1.0,0.0,0
26295000000,2614,26295000000,,0.0,-0.15586656350454398,-1.8588588632211237e-07,0.15586656350454398,0.001,1.5586658209305249,10.0,0.0,1.0,0.0,0
26305000000,2615,26305000000,,0.0,-0.15586656652911302,-3.9265201617463847e-07,0.15586656652911302,0.001,1.5586660579441514,10.0,0.0,1.0,0.0,0
26315000000,2616,26315000000,,0.0,-0.1558665714351566,-5.658672791662043e-07,0.1558665714351566,0.001,1.5586662802206952,10.0,0.0,1.0,0.0,0
26325000000,2617,26325000000,,0.0,-0.15586657789858904,-7.076371140952725e-07,0.15586657789858904,0.001,1.5586664866225064,10.0,0.0,1.0,0.0,0
26335000000,2618,26335000000,,0.0,-0.15586658561730715,-8.20225677936921e-07,0.15586658561730715,0.001,1.5586666763987367,10.0,0.0,1.0,0.0,0
26345000000,2619,26345000000,,0.0,-0.15586659431245486,-9.060010044468918e-07,0.15586659431245486,0.001,1.5586668491269329,10.0,0.0,1.0,0.0,0
26355000000,2620,26355000000,,0.0,-0.15586660372920313,-9.67387628454197e-07,0.15586660372920313,0.001,1.5586670046782025,10.0,0.0,1.0,0.0,0
26365000000,2621,26365000000,,0.0,-0.1558666136370963,-1.0068259915802758e-06,0.1558666136370963,0.001,1.5586671431958088,10.0,0.0,1.0,0.0,0
26375000000,2622,26375000000,,0.0,-0.1558666238299793,-1.0267345450633772e-06,0.1558666238299793,0.001,1.558667265034046,10.0,0.0,1.0,0.0,0
26385000000,2623,26385000000,,0.0,-0.15586663412562451,-1.0294790386431854e-06,0.15586663412562451,0.001,1.558667370736746,10.0,0.0,1.0,0.0,0
26395000000,2624,26395000000,,0.0,-0.15586664436504272,-1.017347193940584e-06,0.15586664436504272,0.001,1.5586674609984108,10.0,0.0,1.0,0.0,0
26405000000,2625,26405000000,,0.0,-0.15586665441158765,-9.925247919136208e-07,0.15586665441158765,0.001,1.5586675366392733,10.0,0.0,1.0,0.0,0
26415000000,2626,26415000000,,0.0,-0.15586666414984585,-9.570823378370813e-07,0.15586666414984585,0.001,1.55866759858176,10.0,0.0,1.0,0.0,0
26425000000,2627,26425000000,,0.0,-0.15586667348438255,-9.12958082272429e-07,0.15586667348438255,0.001,1.558667647802423,10.0,0.0,1.0,0.0,0
26435000000,2628,26435000000,,0.0,-0.15586668233839163,-8.619497992980493e-07,0.15586668233839163,0.001,1.5586676853362036,10.0,0.0,1.0,0.0,0
26445000000,2629,26445000000,,0.0,-0.15586669065223546,-8.05708707700607e-07,0.15586669065223546,0.001,1.5586677122316317,10.0,0.0,1.0,0.0,0
26455000000,2630,26455000000,,0.0,-0.1558666983819741,-7.457368139511216e-07,0.1558666983819741,0.001,1.5586677295556584,10.0,0.0,1.0,0.0,0
26465000000,2631,26465000000,,0.0,-0.1558667054978553,-6.833850675640571e-07,0.1558667054978553,0.001,1.5586677383643455,10.0,0.0,1.0,0.0,0
26475000000,2632,26475000000,,0.0,-0.15586671198279767,-6.19853598975666e-07,0.15586671198279767,0.001,1.5586677396805904,10.0,0.0,1.0,0.0,0
26485000000,2633,26485000000,,0.0,-0.1558667178309321,-5.561977309986469e-07,0.1558667178309321,0.001,1.5586677345079636,10.0,0.0,1.0,0.0,0
26495000000,2634,26495000000,,0.0,-0.15586672304615057,-4.933310660570459e-07,0.15586672304615057,0.001,1.5586677237931035,10.0,0.0,1.0,0.0,0
26505000000,2635,26505000000,,0.0,-0.15586672764074194,-4.320332941765837e-07,0.15586672764074194,0.001,1.5586677084422718,10.0,0.0,1.0,0.0,0
26515000000,2636,26515000000,,0.0,-0.1558667316340685,-3.729537318335306e-07,0.1558667316340685,0.001,1.5586676892939089,10.0,0.0,1.0,0.0,0
26525000000,2637,26525000000,,0.0,-0.15586673505134208,-3.1662584468985615e-07,0.15586673505134208,0.001,1.5586676671383692,10.0,0.0,1.0,0.0,0
26535000000,2638,26535000000,,0.0,-0.1558667379224783,-2.634694143592691e-07,0.1558667379224783,0.001,1.5586676426958057,10.0,0.0,1.0,0.0,0
26545000000,2639,26545000000,,0.0,-0.15586674028102365,-2.138040744612139e-07,0.15586674028102365,0.001,1.5586676166125457,10.0,0.0,1.0,0.0,0
26555000000,2640,26555000000,,0.0,-0.15586674216321228,-1.6785609068456017e-07,0.15586674216321228,0.001,1.558667589487186,10.0,0.0,1.0,0.0,0
26565000000,2641,26565000000,,0.0,-0.1558667436070742,-1.2576975309544788e-07,0.1558667436070742,0.001,1.558667561840359,10.0,0.0,1.0,0.0,0
26575000000,2642,26575000000,,0.0,-0.15586674465165906,-8.761416801757025e-08,0.15586674465165906,0.001,1.5586675341300626,10.0,0.0,1.0,0.0,0
26585000000,2643,26585000000,,0.0,-0.15586674533635758,-5.339443620692356e-08,0.15586674533635758,0.001,1.5586675067573097,10.0,0.0,1.0,0.0,0
26595000000,2644,26595000000,,0.0,-0.1558667457002887,-2.3059508358345138e-08,0.1558667457002887,0.001,1.558667480061775,10.0,0.0,1.0,0.0,0
26605000000,2645,26605000000,,0.0,-0.15586674578178972,3.490105255997783e-09,0.15586674578178972,0.001,1.558667454327356,10.0,0.0,1.0,0.0,0
26615000000,2646,26615000000,,0.0,-0.15586674561798386,2.6392544052576037e-08,0.15586674561798386,0.001,1.5586674297867287,10.0,0.0,1.0,0.0,0
26625000000,2647,26625000000,,0.0,-0.15586674524441957,4.58198181576367e-08,0.15586674524441957,0.001,1.5586674066239592,10.0,0.0,1.0,0.0,0
26635000000,2648,26635000000,,0.0,-0.15586674469478456,6.19689634750817e-08,0.15586674469478456,0.001,1.5586673849796373,10.0,0.0,1.0,0.0,0
26645000000,2649,26645000000,,0.0,-0.15586674400067935,7.505684703942575e-08,0.15586674400067935,0.001,1.558667364950388,10.0,0.0,1.0,0.0,0
26655000000,2650,26655000000,,0.0,-0.15586674319146,8.531368067221876e-08,0.15586674319146,0.001,1.5586673466006218,10.0,0.0,1.0,0.0,0
26665000000,2651,26665000000,,0.0,-0.1558667422941289,9.297860836758511e-08,0.1558667422941289,0.001,1.5586673299632192,10.0,0.0,1.0,0.0,0
26675000000,2652,26675000000,,0.0,-0.1558667413332655,9.829497467547736e-08,0.1558667413332655,0.001,1.5586673150379493,10.0,0.0,1.0,0.0,0
26685000000,2653,26685000000,,0.0,-0.15586674033101744,1.0150596265450419e-07,0.15586674033101744,0.001,1.5586673018038155,10.0,0.0,1.0,0.0,0
26695000000,2654,26695000000,,0.0,-0.1558667393071147,1.0285195634826662e-07,0.1558667393071147,0.001,1.5586672902191978,10.0,0.0,1.0,0.0,0
26705000000,2655,26705000000,,0.0,-0.15586673827891495,1.0256620358979982e-07,0.15586673827891495,0.001,1.5586672802231938,10.0,0.0,1.0,0.0,0
26715000000,2656,26715000000,,0.0,-0.1558667372614888,1.0087431616905693e-07,0.1558667372614888,0.001,1.558667271740024,10.0,0.0,1.0,0.0,0
26725000000,2657,26725000000,,0.0,-0.15586673626771042,9.799018582620736e-08,0.15586673626771042,0.001,1.5586672646870436,10.0,0.0,1.0,0.0,0
26735000000,2658,26735000000,,0.0,-0.15586673530837647,9.411649163575522e-08,0.15586673530837647,0.001,1.5586672589670503,10.0,0.0,1.0,0.0,0
26745000000,2659,26745000000,,0.0,-0.15586673439233678,8.944171247085822e-08,0.15586673439233678,0.001,1.5586672544820246,10.0,0.0,1.0,0.0,0
26755000000,2660,26755000000,,0.0,-0.15586673352662928,8.414012129467947e-08,0.15586673352662928,0.001,1.5586672511255983,10.0,0.0,1.0,0.0,0
26765000000,2661,26765000000,,0.0,-0.15586673271663187,7.837158489173198e-08,0.15586673271663187,0.001,1.5586672487943432,10.0,0.0,1.0,0.0,0
26775000000,2662,26775000000,,0.0,-0.15586673196620726,7.228032825278018e-08,0.15586673196620726,0.001,1.5586672473821128,10.0,0.0,1.0,0.0,0
26785000000,2663,26785000000,,0.0,-0.15586673127785566,6.599629993139142e-08,0.15586673127785566,0.001,1.5586672467824592,10.0,0.0,1.0,0.0,0
26795000000,2664,26795000000,,0.0,-0.15586673065286405,5.963386818217443e-08,0.15586673065286405,0.001,1.558667246894565,10.0,0.0,1.0,0.0,0
26805000000,2665,26805000000,,0.0,-0.1558667300914527,5.329357789694104e-08,0.1558667300914527,0.001,1.5586672476211572,10.0,0.0,1.0,0.0,0
26815000000,2666,26815000000,,0.0,-0.15586672959291548,4.706146679748997e-08,0.15586672959291548,0.001,1.558667248868133,10.0,0.0,1.0,0.0,0
26825000000,2667,26825000000,,0.0,-0.15586672915575672,4.101079190188328e-08,0.15586672915575672,0.001,1.558667250547705,10.0,0.0,1.0,0.0,0
26835000000,2668,26835000000,,0.0,-0.15586672877781726,3.520220395612969e-08,0.15586672877781726,0.001,1.5586672525761092,10.0,0.0,1.0,0.0,0
26845000000,2669,26845000000,,0.0,-0.15586672845639882,2.9684677288322432e-08,0.15586672845639882,0.001,1.558667254879289,10.0,0.0,1.0,0.0,0
26855000000,2670,26855000000,,0.0,-0.15586672818837055,2.4496653084421424e-08,0.15586672818837055,0.001,1.5586672573868565,10.0,0.0,1.0,0.0,0
26865000000,2671,26865000000,,0.0,-0.1558667279702739,1.966664229610273e-08,0.1558667279702739,0.001,1.5586672600358042,10.0,0.0,1.0,0.0,0
26875000000,2672,26875000000,,0.0,-0.15586672779841493,1.5213757776994806e-08,0.15586672779841493,0.001,1.558667262769653,10.0,0.0,1.0,0.0,0
26885000000,2673,26885000000,,0.0,-0.1558667276689505,1.1150194552960682e-08,0.1558667276689505,0.001,1.5586672655384248,10.0,0.0,1.0,0.0,0
26895000000,2674,26895000000,,0.0,-0.15586672757796016,7.48005171709805e-09,0.15586672757796016,0.001,1.5586672683002512,10.0,0.0,1.0,0.0,0
26905000000,2675,26905000000,,0.0,-0.1558667275215102,4.201828752982316e-09,0.1558667275215102,0.001,1.55866727101313,10.0,0.0,1.0,0.0,0
26915000000,2676,26915000000,,0.0,-0.1558667274957184,1.308637648636589e-09,0.1558667274957184,0.001,1.5586672736488971,10.0,0.0,1.0,0.0,0
26925000000,2677,26925000000,,0.0,-0.1558667274967913,-1.2107421311259612e-09,0.1558667274967913,0.001,1.5586672761776121,10.0,0.0,1.0,0.0,0
26935000000,2678,26935000000,,0.0,-0.1558667275210741,-3.3718284630433858e-09,0.1558667275210741,0.001,1.5586672785822664,10.0,0.0,1.0,0.0,0
26945000000,2679,26945000000,,0.0,-0.1558667275650798,-5.192635147599793e-09,0.1558667275650798,0.001,1.5586672808413127,10.0,0.0,1.0,0.0,0
26955000000,2680,26955000000,,0.0,-0.1558667276255168,-6.693831441820321e-09,0.1558667276255168,0.001,1.5586672829484804,10.0,0.0,1.0,0.0,0
26965000000,2681,26965000000,,0.0,-0.15586672769930665,-7.896552439728916e-09,0.15586672769930665,0.001,1.5586672848889727,10.0,0.0,1.0,0.0,0
26975000000,2682,26975000000,,0.0,-0.15586672778359834,-8.825692094948944e-09,0.15586672778359834,0.001,1.5586672866609241,10.0,0.0,1.0,0.0,0
26985000000,2683,26985000000,,0.0,-0.15586672787578415,-9.504238832142484e-09,0.15586672787578415,0.001,1.558667288263127,10.0,0.0,1.0,0.0,0
26995000000,2684,26995000000,,0.0,-0.15586672797349266,-9.956999433209597e-09,0.15586672797349266,0.001,1.5586672896896303,10.0,0.0,1.0,0.0,0
27005000000,2685,27005000000,,0.0,-0.1558667280746011,-1.0208113324790013e-08,0.1558667280746011,0.001,1.5586672909529575,10.0,0.0,1.0,0.0,0
27015000000,2686,27015000000,,0.0,-0.15586672817722302,-1.0281457468175966e-08,0.15586672817722302,0.001,1.5586672920520073,10.0,0.0,1.0,0.0,0
27025000000,2687,27025000000,,0.0,-0.15586672827970816,-1.0199993021419747e-08,0.15586672827970816,0.001,1.5586672929969225,10.0,0.0,1.0,0.0,0
27035000000,2688,27035000000,,0.0,-0.15586672838063187,-9.98579418447944e-09,0.15586672838063187,0.001,1.5586672937929968,10.0,0.0,1.0,0.0,0
27045000000,2689,27045000000,,0.0,-0.1558667284787809,-9.659634035772897e-09,0.1558667284787809,0.001,1.5586672944476376,10.0,0.0,1.0,0.0,0
27055000000,2690,27055000000,,0.0,-0.15586672857314987,-9.24211328723562e-09,0.15586672857314987,0.001,1.558667294972107,10.0,0.0,1.0,0.0,0
27065000000,2691,27065000000,,0.0,-0.1558667286629234,-8.750947068005284e-09,0.1558667286629234,0.001,1.5586672953795677,10.0,0.0,1.0,0.0,0
27075000000,2692,27075000000,,0.0,-0.15586672874745844,-8.202558956996952e-09,0.15586672874745844,0.001,1.5586672956778003,10.0,0.0,1.0,0.0,0
27085000000,2693,27085000000,,0.0,-0.15586672882627184,-7.6132314812315e-09,0.15586672882627184,0.001,1.5586672958761838,10.0,0.0,1.0,0.0,0
27095000000,2694,27095000000,,0.0,-0.15586672889902964,-6.9966036546308176e-09,0.15586672889902964,0.001,1.558667295987366,10.0,0.0,1.0,0.0,0
27105000000,2695,27105000000,,0.0,-0.15586672896552756,-6.364857677858345e-09,0.15586672896552756,0.001,1.5586672960217385,10.0,0.0,1.0,0.0,0
27115000000,2696,27115000000,,0.0,-0.15586672902567678,-5.7289383889749205e-09,0.15586672902567678,0.001,1.5586672959855186,10.0,0.0,1.0,0.0,0
27125000000,2697,27125000000,,0.0,-0.15586672907948973,-5.098429373158151e-09,0.15586672907948973,0.001,1.5586672958930414,10.0,0.0,1.0,0.0,0
27135000000,2698,27135000000,,0.0,-0.15586672912706767,-4.481599175745498e-09,0.15586672912706767,0.001,1.5586672957506487,10.0,0.0,1.0,0.0,0
27145000000,2699,27145000000,,0.0,-0.15586672916858646,-3.885492528306857e-09,0.15586672916858646,0.001,1.5586672955725334,10.0,0.0,1.0,0.0,0
27155000000,2700,27155000000,,0.0,-0.1558667292042788,-3.3149162942062856e-09,0.1558667292042788,0.001,1.5586672953574698,10.0,0.0,1.0,0.0,0
27165000000,2701,27165000000,,0.0,-0.15586672923443246,-2.7752482851111847e-09,0.15586672923443246,0.001,1.558667295118994,10.0,0.0,1.0,0.0,0
27175000000,2702,27175000000,,0.0,-0.15586672925937606,-2.269761575721168e-09,0.15586672925937606,0.001,1.5586672948639446,10.0,0.0,1.0,0.0,0
27185000000,2703,27185000000,,0.0,-0.15586672927945955,-1.8001386745610745e-09,0.15586672927945955,0.001,1.558667294594045,10.0,0.0,1.0,0.0,0
27195000000,2704,27195000000,,0.0,-0.15586672929506307,-1.3698198181946328e-09,0.15586672929506307,0.001,1.5586672943219781,10.0,0.0,1.0,0.0,0
27205000000,2705,27205000000,,0.0,-0.15586672930656853,-9.776622621740633e-10,0.15586672930656853,0.001,1.5586672940426816,10.0,0.0,1.0,0.0,0
27215000000,2706,27215000000,,0.0,-0.15586672931437384,-6.252270564136782e-10,0.15586672931437384,0.001,1.558667293769016,10.0,0.0,1.0,0.0,0
27225000000,2707,27225000000,,0.0,-0.1558667293188698,-3.1166215962477825e-10,0.1558667293188698,0.001,1.5586672935013368,10.0,0.0,1.0,0.0,0
27235000000,2708,27235000000,,0.0,-0.1558667293204401,-3.627264260832085e-11,0.1558667293204401,0.001,1.5586672932417045,10.0,0.0,1.0,0.0,0
27245000000,2709,27245000000,,0.0,-0.15586672931945866,2.0257451425636774e-10,0.15586672931945866,0.001,1.558667292992082,10.0,0.0,1.0,0.0,0
27255000000,2710,27255000000,,0.0,-0.15586672931628698,4.0591264284738906e-10,0.15586672931628698,0.001,1.5586672927569722,10.0,0.0,1.0,0.0,0
27265000000,2711,27265000000,,0.0,-0.15586672931126522,5.759955171387764e-10,0.15586672931126522,0.001,1.5586672925371126,10.0,0.0,1.0,0.0,0
27275000000,2712,27275000000,,0.0,-0.1558667293047149,7.150911915495208e-10,0.1558667293047149,0.001,1.5586672923321654,10.0,0.0,1.0,0.0,0
27285000000,2713,27285000000,,0.0,-0.15586672929693535,8.252489893583173e-10,0.15586672929693535,0.001,1.5586672921442357,10.0,0.0,1.0,0.0,0
27295000000,2714,27295000000,,0.0,-0.15586672928820278,9.087326915960212e-10,0.15586672928820278,0.001,1.5586672919734212,10.0,0.0,1.0,0.0,0
27305000000,2715,27305000000,,0.0,-0.15586672927876943,9.681660277335326e-10,0.15586672927876943,0.001,1.5586672918186917,10.0,0.0,1.0,0.0,0
27315000000,2716,27315000000,,0.0,-0.15586672926886447,1.00584645798829e-09,0.15586672926886447,0.001,1.5586672916832267,10.0,0.0,1.0,0.0,0
27325000000,2717,27325000000,,0.0,-0.1558667292586895,1.0242539563060903e-09,0.1558667292586895,0.001,1.5586672915628252,10.0,0.0,1.0,0.0,0
27335000000,2718,27335000000,,0.0,-0.1558667292484257,1.0258219378705325e-09,0.1558667292484257,0.001,1.5586672914592992,10.0,0.0,1.0,0.0,0
27345000000,2719,27345000000,,0.0,-0.15586672923822853,1.0125862081995903e-09,0.15586672923822853,0.001,1.558667291369762,10.0,0.0,1.0,0.0,0
27355000000,2720,27355000000,,0.0,-0.15586672922823386,9.871735503061291e-10,0.15586672922823386,0.001,1.5586672912955724,10.0,0.0,1.0,0.0,0
27365000000,2721,27365000000,,0.0,-0.1558667292185536,9.508822476918584e-10,0.1558667292185536,0.001,1.558667291234297,10.0,0.0,1.0,0.0,0
27375000000,2722,27375000000,,0.0,-0.15586672920928368,9.062930060035666e-10,0.15586672920928368,0.001,1.5586672911868948,10.0,0.0,1.0,0.0,0
27385000000,2723,27385000000,,0.0,-0.15586672920049693,8.551818208291103e-10,0.15586672920049693,0.001,1.5586672911496535,10.0,0.0,1.0,0.0,0
27395000000,2724,27395000000,,0.0,-0.15586672919225286,7.988288082341946e-10,0.15586672919225286,0.001,1.558667291123168,10.0,0.0,1.0,0.0,0
27405000000,2725,27405000000,,0.0,-0.1558667291845941,7.385877786116342e-10,0.1558667291845941,0.001,1.5586672911069765,10.0,0.0,1.0,0.0,0
27415000000,2726,27415000000,,0.0,-0.15586672917754907,6.763854819784788e-10,0.15586672917754907,0.001,1.558667291099587,10.0,0.0,1.0,0.0,0
27425000000,2727,27425000000,,0.0,-0.15586672917113376,6.131126579540045e-10,0.15586672917113376,0.001,1.5586672910984944,10.0,0.0,1.0,0.0,0
27435000000,2728,27435000000,,0.0,-0.1558667291653526,5.49641756193805e-10,0.1558667291653526,0.001,1.5586672911037436,10.0,0.0,1.0,0.0,0
27445000000,2729,27445000000,,0.0,-0.15586672916020206,4.869340555723029e-10,0.15586672916020206,0.001,1.5586672911152988,10.0,0.0,1.0,0.0,0
27455000000,2730,27455000000,,0.0,-0.15586672915566968,4.261697020388601e-10,0.15586672915566968,0.001,1.5586672911312593,10.0,0.0,1.0,0.0,0
27465000000,2731,27465000000,,0.0,-0.15586672915173327,3.6727809047827456e-10,0.15586672915173327,0.001,1.5586672911496269,10.0,0.0,1.0,0.0,0
27475000000,2732,27475000000,,0.0,-0.15586672914836974,3.114393691752103e-10,0.15586672914836974,0.001,1.5586672911719468,10.0,0.0,1.0,0.0,0
27485000000,2733,27485000000,,0.0,-0.1558667291455489,2.586392204834483e-10,0.1558667291455489,0.001,1.558667291197029,10.0,0.0,1.0,0.0,0
27495000000,2734,27495000000,,0.0,-0.15586672914323607,2.0951019664835799e-10,0.15586672914323607,0.001,1.5586672912227506,10.0,0.0,1.0,0.0,0
27505000000,2735,27505000000,,0.0,-0.15586672914139488,1.6383269974703418e-10,0.15586672914139488,0.001,1.558667291250524,10.0,0.0,1.0,0.0,0
27515000000,2736,27515000000,,0.0,-0.15586672913998711,1.223725798101484e-10,0.15586672913998711,0.001,1.5586672912773025,10.0,0.0,1.0,0.0,0
27525000000,2737,27525000000,,0.0,-0.15586672913897548,8.467534032742874e-11,0.15586672913897548,0.001,1.5586672913053778,10.0,0.0,1.0,0.0,0
27535000000,2738,27535000000,,0.0,-0.15586672913831912,5.073706469362837e-11,0.15586672913831912,0.001,1.558667291332565,10.0,0.0,1.0,0.0,0
27545000000,2739,27545000000,,0.0,-0.15586672913797894,2.0857902701496128e-11,0.15586672913797894,0.001,1.5586672913584732,10.0,0.0,1.0,0.0,0
27555000000,2740,27555000000,,0.0,-0.15586672913791766,-5.478402509270403e-12,0.15586672913791766,0.001,1.5586672913845057,10.0,0.0,1.0,0.0,0
27565000000,2741,27565000000,,0.0,-0.15586672913809885,-2.7837953740950567e-11,0.15586672913809885,0.001,1.5586672914094102,10.0,0.0,1.0,0.0,0
27575000000,2742,27575000000,,0.0,-0.1558667291384861,-4.7175824731176485e-11,0.1558667291384861,0.001,1.5586672914328226,10.0,0.0,1.0,0.0,0
27585000000,2743,27585000000,,0.0,-0.15586672913904565,-6.268700860758626e-11,0.15586672913904565,0.001,1.5586672914544053,10.0,0.0,1.0,0.0,0
27595000000,2744,27595000000,,0.0,-0.1558667291397473,-7.583333800947751e-11,0.1558667291397473,0.001,1.55866729147208,10.0,0.0,1.0,0.0,0
27605000000,2745,27605000000,,0.0,-0.15586672914056088,-8.576742997945482e-11,0.15586672914056088,0.001,1.558667291490874,10.0,0.0,1.0,0.0,0
27615000000,2746,27615000000,,0.0,-0.1558667291414615,-9.32604446834856e-11,0.1558667291414615,0.001,1.5586672915087618,10.0,0.0,1.0,0.0,0
27625000000,2747,27625000000,,0.0,-0.15586672914242428,-9.832956370031009e-11,0.15586672914242428,0.001,1.5586672915237187,10.0,0.0,1.0,0.0,0
27635000000,2748,27635000000,,0.0,-0.15586672914342614,-1.0122297877020223e-10,0.15586672914342614,0.001,1.5586672915372901,10.0,0.0,1.0,0.0,0
27645000000,2749,27645000000,,0.0,-0.15586672914444755,-1.0266958106631816e-10,0.15586672914444755,0.001,1.5586672915475042,10.0,0.0,1.0,0.0,0
27655000000,2750,27655000000,,0.0,-0.15586672914547073,-1.0222911276018816e-10,0.15586672914547073,0.001,1.5586672915559596,10.0,0.0,1.0,0.0,0
27665000000,2751,27665000000,,0.0,-0.15586672914648325,-1.0048267457697605e-10,0.15586672914648325,0.001,1.5586672915660849,10.0,0.0,1.0,0.0,0
27675000000,2752,27675000000,,0.0,-0.1558667291474709,-9.730078169897824e-11,0.1558667291474709,0.001,1.5586672915706323,10.0,0.0,1.0,0.0,0
27685000000,2753,27685000000,,0.0,-0.1558667291484248,-9.365543476643963e-11,0.1558667291484248,0.001,1.5586672915766187,10.0,0.0,1.0,0.0,0
27695000000,2754,27695000000,,0.0,-0.1558667291493343,-8.87451603661326e-11,0.1558667291493343,0.001,1.5586672915821609,10.0,0.0,1.0,0.0,0
27705000000,2755,27705000000,,0.0,-0.15586672915019406,-8.340812053638877e-11,0.15586672915019406,0.001,1.5586672915872057,10.0,0.0,1.0,0.0,0
27715000000,2756,27715000000,,0.0,-0.15586672915099697,-7.773748045997344e-11,0.15586672915099697,0.001,1.5586672915881294,10.0,0.0,1.0,0.0,0
27725000000,2757,27725000000,,0.0,-0.1558667291517395,-7.135022486647964e-11,0.1558667291517395,0.001,1.5586672915884492,10.0,0.0,1.0,0.0,0
27735000000,2758,27735000000,,0.0,-0.15586672915241984,-6.529250712729429e-11,0.15586672915241984,0.001,1.5586672915881472,10.0,0.0,1.0,0.0,0
27745000000,2759,27745000000,,0.0,-0.155866729153038,-5.870980993650397e-11,0.155866729153038,0.001,1.5586672915872235,10.0,0.0,1.0,0.0,0
27755000000,2760,27755000000,,0.0,-0.155866729153594,-5.239516094599481e-11,0.155866729153594,0.001,1.5586672915892308,10.0,0.0,1.0,0.0,0
27765000000,2761,27765000000,,0.0,-0.15586672915408606,-4.6344727081667813e-11,0.15586672915408606,0.001,1.5586672915870459,10.0,0.0,1.0,0.0,0
27775000000,2762,27775000000,,0.0,-0.1558667291545177,-4.036751980624386e-11,0.1558667291545177,0.001,1.5586672915860333,10.0,0.0,1.0,0.0,0
27785000000,2763,27785000000,,0.0,-0.15586672915489075,-3.458715275691637e-11,0.15586672915489075,0.001,1.5586672915844346,10.0,0.0,1.0,0.0,0
27795000000,2764,27795000000,,0.0,-0.15586672915520516,-2.944897572575619e-11,0.15586672915520516,0.001,1.5586672915804733,10.0,0.0,1.0,0.0,0
27805000000,2765,27805000000,,0.0,-0.15586672915546984,-2.3886711681038244e-11,0.15586672915546984,0.001,1.5586672915795674,10.0,0.0,1.0,0.0,0
27815000000,2766,27815000000,,0.0,-0.155866729155683,-1.9030363504325202e-11,0.155866729155683,0.001,1.55866729157637,10.0,0.0,1.0,0.0,0
27825000000,2767,27825000000,,0.0,-0.15586672915584998,-1.4955936664658278e-11,0.15586672915584998,0.001,1.5586672915727107,10.0,0.0,1.0,0.0,0
27835000000,2768,27835000000,,0.0,-0.1558667291559761,-1.0903024339783977e-11,0.1558667291559761,0.001,1.5586672915704192,10.0,0.0,1.0,0.0,0
27845000000,2769,27845000000,,0.0,-0.15586672915606492,-7.078220569730872e-12,0.15586672915606492,0.001,1.5586672915677546,10.0,0.0,1.0,0.0,0
27855000000,2770,27855000000,,0.0,-0.1558667291561182,-3.704561837517951e-12,0.1558667291561182,0.001,1.5586672915647348,10.0,0.0,1.0,0.0,0
27865000000,2771,27865000000,,0.0,-0.1558667291561413,-9.316911436510288e-13,0.1558667291561413,0.001,1.558667291561413,10.0,0.0,1.0,0.0,0
27875000000,2772,27875000000,,0.0,-0.15586672915613864,1.3846528733876489e-12,0.15586672915613864,0.001,1.55866729155961,10.0,0.0,1.0,0.0,0
27885000000,2773,27885000000,,0.0,-0.15586672915611288,3.5114364253036542e-12,0.15586672915611288,0.001,1.558667291557576,10.0,0.0,1.0,0.0,0
27895000000,2774,27895000000,,0.0,-0.15586672915606847,5.361757758132966e-12,0.15586672915606847,0.001,1.5586672915553557,10.0,0.0,1.0,0.0,0
27905000000,2775,27905000000,,0.0,-0.1558667291560072,6.720405165879672e-12,0.1558667291560072,0.001,1.5586672915538546,10.0,0.0,1.0,0.0,0
27915000000,2776,27915000000,,0.0,-0.1558667291559317,8.041216362731639e-12,0.1558667291559317,0.001,1.5586672915504352,10.0,0.0,1.0,0.0,0
27925000000,2777,27925000000,,0.0,-0.1558667291558482,8.903506772524002e-12,0.1558667291558482,0.001,1.5586672915504884,10.0,0.0,1.0,0.0,0
27935000000,2778,27935000000,,0.0,-0.15586672915575495,9.396071005702547e-12,0.15586672915575495,0.001,1.5586672915486677,10.0,0.0,1.0,0.0,0
27945000000,2779,27945000000,,0.0,-0.15586672915565725,9.915628540216896e-12,0.15586672915565725,0.001,1.5586672915468025,10.0,0.0,1.0,0.0,0
27955000000,2780,27955000000,,0.0,-0.155866729155556,1.0194979068619323e-11,0.155866729155556,0.001,1.5586672915449018,10.0,0.0,1.0,0.0,0
27965000000,2781,27965000000,,0.0,-0.15586672915545385,1.0286266814425276e-11,0.15586672915545385,0.001,1.5586672915447686,10.0,0.0,1.0,0.0,0
27975000000,2782,27975000000,,0.0,-0.1558667291553517,1.0136011572911812e-11,0.1558667291553517,0.001,1.5586672915437472,10.0,0.0,1.0,0.0,0
27985000000,2783,27985000000,,0.0,-0.15586672915525135,9.872903151089228e-12,0.15586672915525135,0.001,1.5586672915427435,10.0,0.0,1.0,0.0,0
27995000000,2784,27995000000,,0.0,-0.15586672915515454,9.696975661209583e-12,0.15586672915515454,0.001,1.5586672915417754,10.0,0.0,1.0,0.0,0
28005000000,2785,28005000000,,0.0,-0.1558667291550604,9.236446266775799e-12,0.1558667291550604,0.001,1.5586672915417221,10.0,0.0,1.0,0.0,0
28015000000,2786,28015000000,,0.0,-0.15586672915497157,8.678467156862978e-12,0.15586672915497157,0.001,1.5586672915417221,10.0,0.0,1.0,0.0,0
28025000000,2787,28025000000,,0.0,-0.1558667291548872,8.080577273660855e-12,0.1558667291548872,0.001,1.5586672915408784,10.0,0.0,1.0,0.0,0
28035000000,2788,28035000000,,0.0,-0.15586672915480904,7.609133622001798e-12,0.15586672915480904,0.001,1.5586672915400968,10.0,0.0,1.0,0.0,0
28045000000,2789,28045000000,,0.0,-0.1558667291547371,6.7765440695970364e-12,0.1558667291547371,0.001,1.5586672915402655,10.0,0.0,1.0,0.0,0
28055000000,2790,28055000000,,0.0,-0.15586672915467137,6.17269207801946e-12,0.15586672915467137,0.001,1.5586672915404964,10.0,0.0,1.0,0.0,0
28065000000,2791,28065000000,,0.0,-0.15586672915461186,5.678591581153992e-12,0.15586672915461186,0.001,1.5586672915407895,10.0,0.0,1.0,0.0,0
28075000000,2792,28075000000,,0.0,-0.15586672915455857,5.166370225989798e-12,0.15586672915455857,0.001,1.5586672915402566,10.0,0.0,1.0,0.0,0
28085000000,2793,28085000000,,0.0,-0.1558667291545115,4.4461342936984075e-12,0.1558667291545115,0.001,1.558667291540674,10.0,0.0,1.0,0.0,0
28095000000,2794,28095000000,,0.0,-0.15586672915447064,3.924780414800362e-12,0.15586672915447064,0.001,1.5586672915402655,10.0,0.0,1.0,0.0,0
28105000000,2795,28105000000,,0.0,-0.1558667291544351,3.4834352742168567e-12,0.1558667291544351,0.001,1.5586672915399102,10.0,0.0,1.0,0.0,0
28115000000,2796,28115000000,,0.0,-0.1558667291544058,2.6928334714465657e-12,0.1558667291544058,0.001,1.5586672915413935,10.0,0.0,1.0,0.0,0
28125000000,2797,28125000000,,0.0,-0.15586672915438182,2.2591294476527332e-12,0.15586672915438182,0.001,1.5586672915420419,10.0,0.0,1.0,0.0,0
28135000000,2798,28135000000,,0.0,-0.1558667291543614,1.8210608112408615e-12,0.1558667291543614,0.001,1.5586672915418376,10.0,0.0,1.0,0.0,0
28145000000,2799,28145000000,,0.0,-0.1558667291543463,1.4438944553914788e-12,0.1558667291543463,0.001,1.5586672915416866,10.0,0.0,1.0,0.0,0
28155000000,2800,28155000000,,0.0,-0.15586672915433475,8.608010285377289e-13,0.15586672915433475,0.001,1.5586672915424593,10.0,0.0,1.0,0.0,0
28165000000,2801,28165000000,,0.0,-0.15586672915432764,6.877220806815058e-13,0.15586672915432764,0.001,1.5586672915423883,10.0,0.0,1.0,0.0,0
28175000000,2802,28175000000,,0.0,-0.1558667291543232,3.19198821175456e-13,0.1558667291543232,0.001,1.5586672915423438,10.0,0.0,1.0,0.0,0
28185000000,2803,28185000000,,0.0,-0.15586672915432231,4.739735845361663e-14,0.15586672915432231,0.001,1.5586672915432231,10.0,0.0,1.0,0.0,0
28195000000,2804,28195000000,,0.0,-0.1558667291543241,-2.165533225901268e-13,0.1558667291543241,0.001,1.5586672915450173,10.0,0.0,1.0,0.0,0
28205000000,2805,28205000000,,0.0,-0.15586672915432587,-3.9909175654474663e-13,0.15586672915432587,0.001,1.5586672915432587,10.0,0.0,1.0,0.0,0
28215000000,2806,28215000000,,0.0,-0.1558667291543312,-7.345279036236871e-13,0.1558667291543312,0.001,1.558667291543312,10.0,0.0,1.0,0.0,0
28225000000,2807,28225000000,,0.0,-0.1558667291543383,-5.80186826610026e-13,0.1558667291543383,0.001,1.558667291543383,10.0,0.0,1.0,0.0,0
28235000000,2808,28235000000,,0.0,-0.15586672915434718,-7.605880098498165e-13,0.15586672915434718,0.001,1.5586672915452482,10.0,0.0,1.0,0.0,0
28245000000,2809,28245000000,,0.0,-0.1558667291543543,-7.017399878687726e-13,0.1558667291543543,0.001,1.5586672915435429,10.0,0.0,1.0,0.0,0
28255000000,2810,28255000000,,0.0,-0.15586672915436406,-7.392168866413224e-13,0.15586672915436406,0.001,1.5586672915436406,10.0,0.0,1.0,0.0,0
28265000000,2811,28265000000,,0.0,-0.15586672915437472,-1.0007649764805749e-12,0.15586672915437472,0.001,1.5586672915455235,10.0,0.0,1.0,0.0,0
28275000000,2812,28275000000,,0.0,-0.15586672915438538,-1.0792879467109344e-12,0.15586672915438538,0.001,1.55866729154563,10.0,0.0,1.0,0.0,0
28285000000,2813,28285000000,,0.0,-0.15586672915439603,-1.0249988771326388e-12,0.15586672915439603,0.001,1.5586672915457367,10.0,0.0,1.0,0.0,0
28295000000,2814,28295000000,,0.0,-0.15586672915440491,-8.594921403221557e-13,0.15586672915440491,0.001,1.5586672915440491,10.0,0.0,1.0,0.0,0
28305000000,2815,28305000000,,0.0,-0.15586672915441557,-9.506132184801678e-13,0.15586672915441557,0.001,1.558667291545932,10.0,0.0,1.0,0.0,0
28315000000,2816,28315000000,,0.0,-0.15586672915442534,-1.0778975177060117e-12,0.15586672915442534,0.001,1.5586672915460298,10.0,0.0,1.0,0.0,0
28325000000,2817,28325000000,,0.0,-0.15586672915443245,-7.187499326046885e-13,0.15586672915443245,0.001,1.5586672915443245,10.0,0.0,1.0,0.0,0
28335000000,2818,28335000000,,0.0,-0.15586672915444222,-6.875236495991915e-13,0.15586672915444222,0.001,1.558667291543534,10.0,0.0,1.0,0.0,0
28345000000,2819,28345000000,,0.0,-0.1558667291544502,-7.518520187936942e-13,0.1558667291544502,0.001,1.5586672915462785,10.0,0.0,1.0,0.0,0
28355000000,2820,28355000000,,0.0,-0.15586672915445732,-5.825447828656387e-13,0.15586672915445732,0.001,1.5586672915445732,10.0,0.0,1.0,0.0,0
28365000000,2821,28365000000,,0.0,-0.15586672915446442,-4.617789641738887e-13,0.15586672915446442,0.001,1.5586672915446442,10.0,0.0,1.0,0.0,0
28375000000,2822,28375000000,,0.0,-0.15586672915447064,-4.566943205232205e-13,0.15586672915447064,0.001,1.5586672915447064,10.0,0.0,1.0,0.0,0
28385000000,2823,28385000000,,0.0,-0.15586672915447597,-5.452546540585443e-13,0.15586672915447597,0.001,1.5586672915447597,10.0,0.0,1.0,0.0,0
28395000000,2824,28395000000,,0.0,-0.1558667291544813,-4.2693382131131687e-13,0.1558667291544813,0.001,1.558667291544813,10.0,0.0,1.0,0.0,0
28405000000,2825,28405000000,,0.0,-0.15586672915448663,-4.0213511496777087e-13,0.15586672915448663,0.001,1.5586672915448663,10.0,0.0,1.0,0.0,0
28415000000,2826,28415000000,,0.0,-0.15586672915449018,-1.3558300228588725e-13,0.15586672915449018,0.001,1.5586672915449018,10.0,0.0,1.0,0.0,0
28425000000,2827,28425000000,,0.0,-0.15586672915449373,-3.3493941153787227e-13,0.15586672915449373,0.001,1.5586672915449373,10.0,0.0,1.0,0.0,0
28435000000,2828,28435000000,,0.0,-0.1558667291544955,-2.547249052990926e-13,0.1558667291544955,0.001,1.558667291544955,10.0,0.0,1.0,0.0,0
28445000000,2829,28445000000,,0.0,-0.15586672915449906,-2.2968410138767543e-13,0.15586672915449906,0.001,1.5586672915449906,10.0,0.0,1.0,0.0,0
28455000000,2830,28455000000,,0.0,-0.15586672915450084,-6.033364467058406e-14,0.15586672915450084,0.001,1.5586672915450084,10.0,0.0,1.0,0.0,0
28465000000,2831,28465000000,,0.0,-0.15586672915450084,-2.038692393758827e-13,0.15586672915450084,0.001,1.5586672915450084,10.0,0.0,1.0,0.0,0
28475000000,2832,28475000000,,0.0,-0.15586672915450261,-1.8732338435374858e-13,0.15586672915450261,0.001,1.5586672915450261,10.0,0.0,1.0,0.0,0
28485000000,2833,28485000000,,0.0,-0.15586672915450261,-1.1592565352434265e-13,0.15586672915450261,0.001,1.5586672915450261,10.0,0.0,1.0,0.0,0
28495000000,2834,28495000000,,0.0,-0.1558667291545035,-7.84536153003707e-15,0.1558667291545035,0.001,1.558667291545035,10.0,0.0,1.0,0.0,0
28505000000,2835,28505000000,,0.0,-0.1558667291545035,1.1650026211677405e-14,0.1558667291545035,0.001,1.558667291545035,10.0,0.0,1.0,0.0,0
28515000000,2836,28515000000,,0.0,-0.1558667291545035,3.240977377829549e-14,0.1558667291545035,0.001,1.558667291545035,10.0,0.0,1.0,0.0,0
28525000000,2837,28525000000,,0.0,-0.1558667291545035,2.962262009382832e-14,0.1558667291545035,0.001,1.558667291545035,10.0,0.0,1.0,0.0,0
28535000000,2838,28535000000,,0.0,-0.1558667291545035,5.237715099474456e-14,0.1558667291545035,0.001,1.558667291545035,10.0,0.0,1.0,0.0,0
28545000000,2839,28545000000,,0.0,-0.15586672915450173,8.629520353151675e-14,0.15586672915450173,0.001,1.5586672915450173,10.0,0.0,1.0,0.0,0
28555000000,2840,28555000000,,0.0,-0.15586672915450084,1.5917795465532694e-13,0.15586672915450084,0.001,1.5586672915441202,10.0,0.0,1.0,0.0,0
28565000000,2841,28565000000,,0.0,-0.15586672915449995,2.324681884188033e-13,0.15586672915449995,0.001,1.5586672915449995,10.0,0.0,1.0,0.0,0
28575000000,2842,28575000000,,0.0,-0.15586672915449906,1.4620233150613696e-13,0.15586672915449906,0.001,1.5586672915449906,10.0,0.0,1.0,0.0,0
28585000000,2843,28585000000,,0.0,-0.15586672915449817,7.601128749398805e-14,0.15586672915449817,0.001,1.5586672915449817,10.0,0.0,1.0,0.0,0
28595000000,2844,28595000000,,0.0,-0.15586672915449729,-2.0494073240623265e-14,0.15586672915449729,0.001,1.5586672915449729,10.0,0.0,1.0,0.0,0
28605000000,2845,28605000000,,0.0,-0.1558667291544964,1.2535713589740398e-13,0.1558667291544964,0.001,1.558667291544964,10.0,0.0,1.0,0.0,0
28615000000,2846,28615000000,,0.0,-0.1558667291544955,1.6232938341001834e-13,0.1558667291544955,0.001,1.558667291544955,10.0,0.0,1.0,0.0,0
28625000000,2847,28625000000,,0.0,-0.15586672915449462,1.309999230648127e-13,0.15586672915449462,0.001,1.5586672915449462,10.0,0.0,1.0,0.0,0
28635000000,2848,28635000000,,0.0,-0.15586672915449284,5.5153056287960537e-14,0.15586672915449284,0.001,1.5586672915440403,10.0,0.0,1.0,0.0,0
28645000000,2849,28645000000,,0.0,-0.15586672915449284,2.1126979838120994e-13,0.15586672915449284,0.001,1.5586672915449284,10.0,0.0,1.0,0.0,0
28655000000,2850,28655000000,,0.0,-0.15586672915449196,1.4061889968941837e-13,0.15586672915449196,0.001,1.5586672915449196,10.0,0.0,1.0,0.0,0
28665000000,2851,28665000000,,0.0,-0.15586672915449107,-2.141103168973964e-14,0.15586672915449107,0.001,1.5586672915449107,10.0,0.0,1.0,0.0,0
28675000000,2852,28675000000,,0.0,-0.15586672915449107,1.8209998369775665e-14,0.15586672915449107,0.001,1.5586672915449107,10.0,0.0,1.0,0.0,0
28685000000,2853,28685000000,,0.0,-0.15586672915449107,5.3090576881842345e-14,0.15586672915449107,0.001,1.5586672915449107,10.0,0.0,1.0,0.0,0
28695000000,2854,28695000000,,0.0,-0.15586672915449018,1.5616058156204315e-13,0.15586672915449018,0.001,1.5586672915449018,10.0,0.0,1.0,0.0,0
28705000000,2855,28705000000,,0.0,-0.15586672915449018,5.830617097383668e-14,0.15586672915449018,0.001,1.5586672915449018,10.0,0.0,1.0,0.0,0
28715000000,2856,28715000000,,0.0,-0.15586672915449018,2.4878872183977527e-13,0.15586672915449018,0.001,1.5586672915449018,10.0,0.0,1.0,0.0,0
28725000000,2857,28725000000,,0.0,-0.1558667291544893,-4.8515717970108084e-14,0.1558667291544893,0.001,1.558667291544893,10.0,0.0,1.0,0.0,0
28735000000,2858,28735000000,,0.0,-0.1558667291544893,3.9885492698835674e-14,0.1558667291544893,0.001,1.558667291544893,10.0,0.0,1.0,0.0,0
28745000000,2859,28745000000,,0.0,-0.1558667291544884,9.251074295608245e-14,0.1558667291544884,0.001,1.558667291544884,10.0,0.0,1.0,0.0,0
28755000000,2860,28755000000,,0.0,-0.1558667291544884,8.742147219267478e-14,0.1558667291544884,0.001,1.558667291544884,10.0,0.0,1.0,0.0,0
28765000000,2861,28765000000,,0.0,-0.1558667291544884,8.585890385253647e-14,0.1558667291544884,0.001,1.558667291544884,10.0,0.0,1.0,0.0,0
28775000000,2862,28775000000,,0.0,-0.1558667291544884,8.980840446731462e-14,0.1558667291544884,0.001,1.558667291544884,10.0,0.0,1.0,0.0,0
28785000000,2863,28785000000,,0.0,-0.1558667291544884,9.447456697239206e-14,0.1558667291544884,0.001,1.558667291544884,10.0,0.0,1.0,0.0,0
28795000000,2864,28795000000,,0.0,-0.1558667291544884,9.849274154550919e-14,0.1558667291544884,0.001,1.558667291544884,10.0,0.0,1.0,0.0,0
28805000000,2865,28805000000,,0.0,-0.1558667291544884,1.0245020266982572e-13,0.1558667291544884,0.001,1.558667291544884,10.0,0.0,1.0,0.0,0
28815000000,2866,28815000000,,0.0,-0.1558667291544884,1.0675365054740237e-13,0.1558667291544884,0.001,1.558667291544884,10.0,0.0,1.0,0.0,0
28825000000,2867,28825000000,,0.0,-0.1558667291544884,1.109457809965059e-13,0.1558667291544884,0.001,1.558667291544884,10.0,0.0,1.0,0.0,0
28835000000,2868,28835000000,,0.0,-0.15586672915448752,1.8180039118158612e-13,0.15586672915448752,0.001,1.558667291543987,10.0,0.0,1.0,0.0,0
28845000000,2869,28845000000,,0.0,-0.15586672915448752,5.539580864416927e-14,0.15586672915448752,0.001,1.5586672915448752,10.0,0.0,1.0,0.0,0
28855000000,2870,28855000000,,0.0,-0.15586672915448752,5.091338604244639e-14,0.15586672915448752,0.001,1.5586672915448752,10.0,0.0,1.0,0.0,0
28865000000,2871,28865000000,,0.0,-0.15586672915448752,4.5937850867959483e-14,0.15586672915448752,0.001,1.5586672915448752,10.0,0.0,1.0,0.0,0
28875000000,2872,28875000000,,0.0,-0.15586672915448752,-1.748707045253552e-13,0.15586672915448752,0.001,1.5586672915448752,10.0,0.0,1.0,0.0,0
28885000000,2873,28885000000,,0.0,-0.15586672915448752,-2.4019340068393323e-14,0.15586672915448752,0.001,1.5586672915448752,10.0,0.0,1.0,0.0,0
28895000000,2874,28895000000,,0.0,-0.15586672915448752,-8.376161539876396e-15,0.15586672915448752,0.001,1.5586672915448752,10.0,0.0,1.0,0.0,0
28905000000,2875,28905000000,,0.0,-0.15586672915448752,-1.1108117132034852e-14,0.15586672915448752,0.001,1.5586672915448752,10.0,0.0,1.0,0.0,0
28915000000,2876,28915000000,,0.0,-0.15586672915448752,5.073596554900651e-14,0.15586672915448752,0.001,1.5586672915448752,10.0,0.0,1.0,0.0,0
28925000000,2877,28925000000,,0.0,-0.15586672915448752,7.614849118443857e-14,0.15586672915448752,0.001,1.5586672915448752,10.0,0.0,1.0,0.0,0
28935000000,2878,28935000000,,0.0,-0.15586672915448752,9.773557619893507e-14,0.15586672915448752,0.001,1.5586672915448752,10.0,0.0,1.0,0.0,0
28945000000,2879,28945000000,,0.0,-0.15586672915448752,1.004424318374222e-13,0.15586672915448752,0.001,1.5586672915448752,10.0,0.0,1.0,0.0,0
28955000000,2880,28955000000,,0.0,-0.15586672915448752,1.0279274076809876e-13,0.15586672915448752,0.001,1.5586672915448752,10.0,0.0,1.0,0.0,0
28965000000,2881,28965000000,,0.0,-0.15586672915448752,1.0502001665799731e-13,0.15586672915448752,0.001,1.5586672915448752,10.0,0.0,1.0,0.0,0
28975000000,2882,28975000000,,0.0,-0.15586672915448752,1.0714177980288248e-13,0.15586672915448752,0.001,1.5586672915448752,10.0,0.0,1.0,0.0,0
28985000000,2883,28985000000,,0.0,-0.15586672915448752,1.0849072798385692e-13,0.15586672915448752,0.001,1.5586672915448752,10.0,0.0,1.0,0.0,0
28995000000,2884,28995000000,,0.0,-0.15586672915448752,1.1095132072431716e-13,0.15586672915448752,0.001,1.5586672915448752,10.0,0.0,1.0,0.0,0
29005000000,2885,29005000000,,0.0,-0.15586672915448752,1.1334483051531315e-13,0.15586672915448752,0.001,1.5586672915448752,10.0,0.0,1.0,0.0,0
29015000000,2886,29015000000,,0.0,-0.15586672915448752,1.15358693140681e-13,0.15586672915448752,0.001,1.5586672915448752,10.0,0.0,1.0,0.0,0
29025000000,2887,29025000000,,0.0,-0.15586672915448752,1.175387919092651e-13,0.15586672915448752,0.001,1.5586672915448752,10.0,0.0,1.0,0.0,0
29035000000,2888,29035000000,,0.0,-0.15586672915448752,1.2016561616857149e-13,0.15586672915448752,0.001,1.5586672915448752,10.0,0.0,1.0,0.0,0
29045000000,2889,29045000000,,0.0,-0.15586672915448752,1.219573096555653e-13,0.15586672915448752,0.001,1.5586672915448752,10.0,0.0,1.0,0.0,0
29055000000,2890,29055000000,,0.0,-0.15586672915448752,1.237346739731517e-13,0.15586672915448752,0.001,1.5586672915448752,10.0,0.0,1.0,0.0,0
29065000000,2891,29065000000,,0.0,-0.15586672915448752,1.2595558358543245e-13,0.15586672915448752,0.001,1.5586672915448752,10.0,0.0,1.0,0.0,0
29075000000,2892,29075000000,,0.0,-0.15586672915448752,1.2009190775406344e-13,0.15586672915448752,0.001,1.5586672915448752,10.0,0.0,1.0,0.0,0
29085000000,2893,29085000000,,0.0,-0.15586672915448752,1.202256124118405e-13,0.15586672915448752,0.001,1.5586672915448752,10.0,0.0,1.0,0.0,0
29095000000,2894,29095000000,,0.0,-0.15586672915448752,1.2145471405402407e-13,0.15586672915448752,0.001,1.5586672915448752,10.0,0.0,1.0,0.0,0
29105000000,2895,29105000000,,0.0,-0.15586672915448752,1.234078668740344e-13,0.15586672915448752,0.001,1.5586672915448752,10.0,0.0,1.0,0.0,0
29115000000,2896,29115000000,,0.0,-0.15586672915448752,1.257054099732655e-13,0.15586672915448752,0.001,1.5586672915448752,10.0,0.0,1.0,0.0,0
29125000000,2897,29125000000,,0.0,-0.15586672915448752,1.273788566185536e-13,0.15586672915448752,0.001,1.5586672915448752,10.0,0.0,1.0,0.0,0
29135000000,2898,29135000000,,0.0,-0.15586672915448752,1.2968038494725498e-13,0.15586672915448752,0.001,1.5586672915448752,10.0,0.0,1.0,0.0,0
29145000000,2899,29145000000,,0.0,-0.15586672915448752,1.1091658263250627e-13,0.15586672915448752,0.001,1.5586672915448752,10.0,0.0,1.0,0.0,0
29155000000,2900,29155000000,,0.0,-0.15586672915448752,1.0967752957950184e-13,0.15586672915448752,0.001,1.5586672915448752,10.0,0.0,1.0,0.0,0
29165000000,2901,29165000000,,0.0,-0.15586672915448752,1.1218291755233449e-13,0.15586672915448752,0.001,1.5586672915448752,10.0,0.0,1.0,0.0,0
29175000000,2902,29175000000,,0.0,-0.15586672915448752,1.1520212307396138e-13,0.15586672915448752,0.001,1.5586672915448752,10.0,0.0,1.0,0.0,0
29185000000,2903,29185000000,,0.0,-0.15586672915448752,1.095144068938553e-13,0.15586672915448752,0.001,1.5586672915448752,10.0,0.0,1.0,0.0,0
29195000000,2904,29195000000,,0.0,-0.15586672915448752,1.1112336120634837e-13,0.15586672915448752,0.001,1.5586672915448752,10.0,0.0,1.0,0.0,0
29205000000,2905,29205000000,,0.0,-0.15586672915448752,1.1303011993769563e-13,0.15586672915448752,0.001,1.5586672915448752,10.0,0.0,1.0,0.0,0
29215000000,2906,29215000000,,0.0,-0.15586672915448752,1.1469480944794862e-13,0.15586672915448752,0.001,1.5586672915448752,10.0,0.0,1.0,0.0,0
29225000000,2907,29225000000,,0.0,-0.15586672915448752,1.16715044516761e-13,0.15586672915448752,0.001,1.5586672915448752,10.0,0.0,1.0,0.0,0
29235000000,2908,29235000000,,0.0,-0.15586672915448752,1.1861543528890133e-13,0.15586672915448752,0.001,1.5586672915448752,10.0,0.0,1.0,0.0,0
29245000000,2909,29245000000,,0.0,-0.15586672915448752,8.630965615658869e-14,0.15586672915448752,0.001,1.5586672915448752,10.0,0.0,1.0,0.0,0
29255000000,2910,29255000000,,0.0,-0.15586672915448752,3.351465540833773e-14,0.15586672915448752,0.001,1.5586672915448752,10.0,0.0,1.0,0.0,0
29265000000,2911,29265000000,,0.0,-0.15586672915448752,3.3480706369616e-14,0.15586672915448752,0.001,1.5586672915448752,10.0,0.0,1.0,0.0,0
29275000000,2912,29275000000,,0.0,-0.15586672915448752,6.280280923765339e-14,0.15586672915448752,0.001,1.5586672915448752,10.0,0.0,1.0,0.0,0
29285000000,2913,29285000000,,0.0,-0.15586672915448752,6.587636879695198e-14,0.15586672915448752,0.001,1.5586672915448752,10.0,0.0,1.0,0.0,0
29295000000,2914,29295000000,,0.0,-0.15586672915448752,6.812275599148991e-14,0.15586672915448752,0.001,1.5586672915448752,10.0,0.0,1.0,0.0,0
29305000000,2915,29305000000,,0.0,-0.15586672915448752,6.665643196950441e-14,0.15586672915448752,0.001,1.5586672915448752,10.0,0.0,1.0,0.0,0
29315000000,2916,29315000000,,0.0,-0.15586672915448752,6.922253815564014e-14,0.15586672915448752,0.001,1.5586672915448752,10.0,0.0,1.0,0.0,0
29325000000,2917,29325000000,,0.0,-0.15586672915448752,7.15073465976492e-14,0.15586672915448752,0.001,1.5586672915448752,10.0,0.0,1.0,0.0,0
29335000000,2918,29335000000,,0.0,-0.15586672915448752,7.413417688264997e-14,0.15586672915448752,0.001,1.5586672915448752,10.0,0.0,1.0,0.0,0
29345000000,2919,29345000000,,0.0,-0.15586672915448752,7.649641866015198e-14,0.15586672915448752,0.001,1.5586672915448752,10.0,0.0,1.0,0.0,0
29355000000,2920,29355000000,,0.0,-0.15586672915448752,7.949811033210587e-14,0.15586672915448752,0.001,1.5586672915448752,10.0,0.0,1.0,0.0,0
29365000000,2921,29365000000,,0.0,-0.15586672915448663,-1.1248772053388115e-13,0.15586672915448663,0.001,1.5586672915448663,10.0,0.0,1.0,0.0,0
29375000000,2922,29375000000,,0.0,-0.15586672915448663,-9.798186554656745e-14,0.15586672915448663,0.001,1.5586672915448663,10.0,0.0,1.0,0.0,0
29385000000,2923,29385000000,,0.0,-0.15586672915448663,-6.70932175578492e-14,0.15586672915448663,0.001,1.5586672915448663,10.0,0.0,1.0,0.0,0
