%time,field.header.seq,field.header.stamp,field.header.frame_id,field.set_point,field.process_value,field.process_value_dot,field.error,field.time_step,field.command,field.p,field.i,field.d,field.i_clamp,field.antiwindup
24395000000,2423,24395000000,,0.0,-0.002881613423006968,-0.4884637109354203,0.002881613423006968,0.001,0.5172798360046471,10.0,0.0,1.0,0.0,0
24405000000,2424,24405000000,,0.0,-0.008792867309372454,-0.645540560194637,0.008792867309372454,0.001,0.7334692123892772,10.0,0.0,1.0,0.0,0
24415000000,2425,24415000000,,0.0,-0.015527795543382794,-0.6879247016093438,0.015527795543382794,0.001,0.843202631351101,10.0,0.0,1.0,0.0,0
24425000000,2426,24425000000,,0.0,-0.022466878858026007,-0.695992680992983,0.022466878858026007,0.001,0.9206614426071269,10.0,0.0,1.0,0.0,0
24435000000,2427,24435000000,,0.0,-0.029407794083038397,-0.6912531557103128,0.029407794083038397,0.001,0.9853310698821005,10.0,0.0,1.0,0.0,0
24445000000,2428,24445000000,,0.0,-0.03626129014289603,-0.6796894450977157,0.03626129014289603,0.001,1.0423023210275772,10.0,0.0,1.0,0.0,0
24455000000,2429,24455000000,,0.0,-0.0429712545767611,-0.6632280374943466,0.0429712545767611,0.001,1.0929405594638375,10.0,0.0,1.0,0.0,0
24465000000,2430,24465000000,,0.0,-0.049493957403779376,-0.6427524565497308,0.049493957403779376,0.001,1.1376920088536124,10.0,0.0,1.0,0.0,0
24475000000,2431,24475000000,,0.0,-0.05579276904386887,-0.6188833921429496,0.05579276904386887,0.001,1.1768110631232531,10.0,0.0,1.0,0.0,0
24485000000,2432,24485000000,,0.0,-0.06183681121849638,-0.5921708225899794,0.06183681121849638,0.001,1.2105389176890746,10.0,0.0,1.0,0.0,0
24495000000,2433,24495000000,,0.0,-0.06760053055614357,-0.5631349399565168,0.06760053055614357,0.001,1.2391402307876298,10.0,0.0,1.0,0.0,0
24505000000,2434,24505000000,,0.0,-0.0730634372196608,-0.5322705618281158,0.0730634372196608,0.001,1.262904921555279,10.0,0.0,1.0,0.0,0
24515000000,2435,24515000000,,0.0,-0.07820983790818126,-0.5000444540322353,0.07820983790818126,0.001,1.2821428227489484,10.0,0.0,1.0,0.0,0
24525000000,2436,24525000000,,0.0,-0.08302853920876352,-0.46689253807070485,0.08302853920876352,0.001,1.2971779216928248,10.0,0.0,1.0,0.0,0
24535000000,2437,24535000000,,0.0,-0.08751252888089311,-0.4332181893536887,0.08751252888089311,0.001,1.3083434713770714,10.0,0.0,1.0,0.0,0
24545000000,2438,24545000000,,0.0,-0.09165864560671011,-0.3993914820844522,0.09165864560671011,0.001,1.3159779328077192,10.0,0.0,1.0,0.0,0
24555000000,2439,24555000000,,0.0,-0.09546724476154367,-0.3657490340713132,0.09546724476154367,0.001,1.320421477556124,10.0,0.0,1.0,0.0,0
24565000000,2440,24565000000,,0.0,-0.09894186459250953,-0.3325941748207716,0.09894186459250953,0.001,1.32201281761672,10.0,0.0,1.0,0.0,0
24575000000,2441,24575000000,,0.0,-0.10208889503545393,-0.30019727037074834,0.10208889503545393,0.001,1.321086218397518,10.0,0.0,1.0,0.0,0
24585000000,2442,24585000000,,0.0,-0.10491725026191467,-0.2687961299844992,0.10491725026191467,0.001,1.3179686309079308,10.0,0.0,1.0,0.0,0
24595000000,2443,24595000000,,0.0,-0.10743804566912019,-0.2385964828969113,0.10743804566912019,0.001,1.3129769383778722,10.0,0.0,1.0,0.0,0
24605000000,2444,24605000000,,0.0,-0.10966428013181861,-0.20977255049556898,0.10966428013181861,0.001,1.3064153509672316,10.0,0.0,1.0,0.0,0
24615000000,2445,24615000000,,0.0,-0.11161052469614319,-0.18246775632773313,0.11161052469614319,0.001,1.2985730027072506,10.0,0.0,1.0,0.0,0
24625000000,2446,24625000000,,0.0,-0.11329261934275614,-0.1567956187009033,0.11329261934275614,0.001,1.2897218117370635,10.0,0.0,1.0,0.0,0
24635000000,2447,24635000000,,0.0,-0.11472737985962311,-0.13284086319615404,0.11472737985962311,0.001,1.280114661531755,10.0,0.0,1.0,0.0,0
24645000000,2448,24645000000,,0.0,-0.11593231716772756,-0.1106607790010787,0.11593231716772756,0.001,1.269983950505651,10.0,0.0,1.0,0.0,0
24655000000,2449,24655000000,,0.0,-0.11692537159323102,-0.0902868265676247,0.11692537159323102,0.001,1.2595405423830464,10.0,0.0,1.0,0.0,0
24665000000,2450,24665000000,,0.0,-0.11772466456119624,-0.07172648715530533,0.11772466456119624,0.001,1.2489731326888354,10.0,0.0,1.0,0.0,0
24675000000,2451,24675000000,,0.0,-0.11834827000331671,-0.054965329085859424,0.11834827000331671,0.001,1.2384480290627664,10.0,0.0,1.0,0.0,0
24685000000,2452,24685000000,,0.0,-0.11881400744528392,-0.03996925232764887,0.11881400744528392,0.001,1.2281093267376164,10.0,0.0,1.0,0.0,0
24695000000,2453,24695000000,,0.0,-0.11913925829860972,-0.02668686322563656,0.11913925829860972,0.001,1.2180794461765032,10.0,0.0,1.0,0.0,0
24705000000,2454,24705000000,,0.0,-0.11934080636378752,-0.015051925212005851,0.11934080636378752,0.001,1.2084599888214598,10.0,0.0,1.0,0.0,0
24715000000,2455,24715000000,,0.0,-0.11943470299534553,-0.004985829244262572,0.11943470299534553,0.001,1.1993328591713848,10.0,0.0,1.0,0.0,0
24725000000,2456,24725000000,,0.0,-0.11943615682230213,0.0035999707971018035,0.11943615682230213,0.001,1.190761597404686,10.0,0.0,1.0,0.0,0
24735000000,2457,24735000000,,0.0,-0.11935944739258186,0.01080160796004543,0.11935944739258186,0.001,1.1827928659479792,10.0,0.0,1.0,0.0,0
24745000000,2458,24745000000,,0.0,-0.11921786164411774,0.016720580675324594,0.11921786164411774,0.001,1.1754580357513777,10.0,0.0,1.0,0.0,0
24755000000,2459,24755000000,,0.0,-0.11902365171684703,0.021461694792026333,0.11902365171684703,0.001,1.16877482236581,10.0,0.0,1.0,0.0,0
24765000000,2460,24765000000,,0.0,-0.11878801231981573,0.025131195090199634,0.11878801231981573,0.001,1.1627489280998748,10.0,0.0,1.0,0.0,0
24775000000,2461,24775000000,,0.0,-0.11852107565875869,0.02783510309247779,0.11852107565875869,0.001,1.1573756534895807,10.0,0.0,1.0,0.0,0
24785000000,2462,24785000000,,0.0,-0.1182319218086425,0.029677769520324675,0.1182319218086425,0.001,1.1526414485627523,10.0,0.0,1.0,0.0,0
24795000000,2463,24795000000,,0.0,-0.11792860237431757,0.0307606422559512,0.11792860237431757,0.001,1.148525381486687,10.0,0.0,1.0,0.0,0
24805000000,2464,24805000000,,0.0,-0.11761817530904572,0.03118124446171042,0.11761817530904572,0.001,1.1450005086302362,10.0,0.0,1.0,0.0,0
24815000000,2465,24815000000,,0.0,-0.11730674884209424,0.03103235263982606,0.11730674884209424,0.001,1.1420351357840364,10.0,0.0,1.0,0.0,0
24825000000,2466,24825000000,,0.0,-0.1169995325892188,0.030401360878199807,0.1169995325892188,0.001,1.139593965018122,10.0,0.0,1.0,0.0,0
24835000000,2467,24835000000,,0.0,-0.11670089407115203,0.0293698152069897,0.11670089407115203,0.001,1.1376391255094465,10.0,0.0,1.0,0.0,0
24845000000,2468,24845000000,,0.0,-0.11641441903379146,0.028013100704070593,0.11641441903379146,0.001,1.136131089641026,10.0,0.0,1.0,0.0,0
24855000000,2469,24855000000,,0.0,-0.11614297414037544,0.02640026356016157,0.11614297414037544,0.001,1.1350294778515924,10.0,0.0,1.0,0.0,0
24865000000,2470,24865000000,,0.0,-0.11588877078316884,0.02459395052100897,0.11588877078316884,0.001,1.1342937573182255,10.0,0.0,1.0,0.0,0
24875000000,2471,24875000000,,0.0,-0.11565342893442931,0.02265044882715652,0.11565342893442931,0.001,1.1338838405264084,10.0,0.0,1.0,0.0,0
24885000000,2472,24885000000,,0.0,-0.11543804011996883,0.020619810767621215,0.11543804011996883,0.001,1.133760590441284,10.0,0.0,1.0,0.0,0
24895000000,2473,24895000000,,0.0,-0.11524322875097681,0.01854604816597164,0.11524322875097681,0.001,1.1338862393538918,10.0,0.0,1.0,0.0,0
24905000000,2474,24905000000,,0.0,-0.11506921118947133,0.016467383410003675,0.11506921118947133,0.001,1.1342247284938267,10.0,0.0,1.0,0.0,0
24915000000,2475,24915000000,,0.0,-0.11491585204947175,0.014416544950006332,0.11491585204947175,0.001,1.1347419755546628,10.0,0.0,1.0,0.0,0
24925000000,2476,24925000000,,0.0,-0.11478271734951306,0.012421096484294333,0.11478271734951306,0.001,1.1354060770202068,10.0,0.0,1.0,0.0,0
24935000000,2477,24935000000,,0.0,-0.11466912423319453,0.01050379028080767,0.11466912423319453,0.001,1.136187452060602,10.0,0.0,1.0,0.0,0
24945000000,2478,24945000000,,0.0,-0.11457418706338451,0.00868293625247914,0.11457418706338451,0.001,1.1370589343909465,10.0,0.0,1.0,0.0,0
24955000000,2479,24955000000,,0.0,-0.11449685977363,0.006972779478225691,0.11449685977363,0.001,1.137995818266928,10.0,0.0,1.0,0.0,0
24965000000,2480,24965000000,,0.0,-0.11443597442778408,0.005383879860392111,0.11443597442778408,0.001,1.138975864426568,10.0,0.0,1.0,0.0,0
24975000000,2481,24975000000,,0.0,-0.11439027599689133,0.00392348852203056,0.11439027599689133,0.001,1.139979271455278,10.0,0.0,1.0,0.0,0
24985000000,2482,24985000000,,0.0,-0.11435845341169681,0.002595916381364848,0.11435845341169681,0.001,1.1409886177444406,10.0,0.0,1.0,0.0,0
24995000000,2483,24995000000,,0.0,-0.11433916699048474,0.0014028911026512617,0.11433916699048474,0.001,1.1419887788108873,10.0,0.0,1.0,0.0,0
25005000000,2484,25005000000,,0.0,-0.11433107237617968,0.00034389930886252816,0.11433107237617968,0.001,1.1429668244598723,10.0,0.0,1.0,0.0,0
25015000000,2485,25015000000,,0.0,-0.1143328411442166,-0.0005834884254644636,0.1143328411442166,0.001,1.1439118998748476,10.0,0.0,1.0,0.0,0
25025000000,2486,25025000000,,0.0,-0.11434317826439866,-0.0013833117253500146,0.11434317826439866,0.001,1.1448150943740387,10.0,0.0,1.0,0.0,0
25035000000,2487,25035000000,,0.0,-0.11436083661639174,-0.0020609351242098194,0.11436083661639174,0.001,1.145669301294916,10.0,0.0,1.0,0.0,0
25045000000,2488,25045000000,,0.0,-0.11438462876998123,-0.002622784288834494,0.11438462876998123,0.001,1.146469071993561,10.0,0.0,1.0,0.0,0
25055000000,2489,25055000000,,0.0,-0.11441343624871791,-0.003076104315609482,0.11441343624871791,0.001,1.1472104668077776,10.0,0.0,1.0,0.0,0
25065000000,2490,25065000000,,0.0,-0.11444621649894948,-0.003428740299102024,0.11444621649894948,0.001,1.14789090529273,10.0,0.0,1.0,0.0,0
25075000000,2491,25075000000,,0.0,-0.11448200778665374,-0.0036889400594291625,0.11448200778665374,0.001,1.1485090179284008,10.0,0.0,1.0,0.0,0
25085000000,2492,25085000000,,0.0,-0.11451993224174473,-0.0038651786522903007,0.11451993224174473,0.001,1.1490645010728073,10.0,0.0,1.0,0.0,0
25095000000,2493,25095000000,,0.0,-0.11455919726448016,-0.003966004043297191,0.11455919726448016,0.001,1.1495579766890884,10.0,0.0,1.0,0.0,0
25105000000,2494,25105000000,,0.0,-0.11459909550139535,-0.003999903156234455,0.11459909550139535,0.001,1.1499908581728668,10.0,0.0,1.0,0.0,0
25115000000,2495,25115000000,,0.0,-0.11463900358927503,-0.0039751873236376495,0.11463900358927503,0.001,1.1503652232187278,10.0,0.0,1.0,0.0,0
25125000000,2496,25125000000,,0.0,-0.11467837985538232,-0.0038998960631983883,0.11467837985538232,0.001,1.150683694618575,10.0,0.0,1.0,0.0,0
25135000000,2497,25135000000,,0.0,-0.11471676115072071,-0.0037817179950897254,0.11471676115072071,0.001,1.1509493295019624,10.0,0.0,1.0,0.0,0
25145000000,2498,25145000000,,0.0,-0.11475375898092999,-0.003627927654323913,0.11475375898092999,0.001,1.151165517465369,10.0,0.0,1.0,0.0,0
25155000000,2499,25155000000,,0.0,-0.11478905508665882,-0.003445336892622453,0.11478905508665882,0.001,1.1513358877605917,10.0,0.0,1.0,0.0,0
25165000000,2500,25165000000,,0.0,-0.1148223966121229,-0.0032402595717806876,0.1148223966121229,0.001,1.1514642256947738,10.0,0.0,1.0,0.0,0
25175000000,2501,25175000000,,0.0,-0.11485359098742975,-0.003018488207604063,0.11485359098742975,0.001,1.1515543980821263,10.0,0.0,1.0,0.0,0
25185000000,2502,25185000000,,0.0,-0.11488250063705863,-0.0027852812801908416,0.11488250063705863,0.001,1.1516102876508683,10.0,0.0,1.0,0.0,0
25195000000,2503,25195000000,,0.0,-0.1149090376140478,-0.002545359917770095,0.1149090376140478,0.001,1.1516357360579832,10.0,0.0,1.0,0.0,0
25205000000,2504,25205000000,,0.0,-0.11493315824686157,-0.0023029127383176968,0.11493315824686157,0.001,1.1516344952055668,10.0,0.0,1.0,0.0,0
25215000000,2505,25215000000,,0.0,-0.11495485787394166,-0.00206160765171424,0.11495485787394166,0.001,1.1516101863920092,10.0,0.0,1.0,0.0,0
25225000000,2506,25225000000,,0.0,-0.11497416572938413,-0.001824609527033554,0.11497416572938413,0.001,1.1515662668204207,10.0,0.0,1.0,0.0,0
25235000000,2507,25235000000,,0.0,-0.11499114003255251,-0.0015946026558405937,0.11499114003255251,0.001,1.1515060029798896,10.0,0.0,1.0,0.0,0
25245000000,2508,25245000000,,0.0,-0.11500586332417129,-0.0013738170547622213,0.11500586332417129,0.001,1.1514324502947204,10.0,0.0,1.0,0.0,0
25255000000,2509,25255000000,,0.0,-0.1150184380822985,-0.001164057700390153,0.1150184380822985,0.001,1.1513484385229944,10.0,0.0,1.0,0.0,0
25265000000,2510,25265000000,,0.0,-0.1150289826429578,-0.0009667358874809892,0.1150289826429578,0.001,1.1512565623173643,10.0,0.0,1.0,0.0,0
25275000000,2511,25275000000,,0.0,-0.11503762744253976,-0.000782901968251044,0.11503762744253976,0.001,1.1511591763926532,10.0,0.0,1.0,0.0,0
25285000000,2512,25285000000,,0.0,-0.11504451159211726,-0.0006132788259935562,0.11504451159211726,0.001,1.1510583947462294,10.0,0.0,1.0,0.0,0
25295000000,2513,25295000000,,0.0,-0.11504977978775344,-0.00045829549423192313,0.11504977978775344,0.001,1.1509560933697571,10.0,0.0,1.0,0.0,0
25305000000,2514,25305000000,,0.0,-0.11505357955550366,-0.00031812043186989615,0.11505357955550366,0.001,1.1508539159863673,10.0,0.0,1.0,0.0,0
25315000000,2515,25315000000,,0.0,-0.11505605882517145,-0.00019269401645254019,0.11505605882517145,0.001,1.1507532822671251,10.0,0.0,1.0,0.0,0
25325000000,2516,25325000000,,0.0,-0.11505736382306253,-8.175990674588587e-05,0.11505736382306253,0.001,1.1506553981361378,10.0,0.0,1.0,0.0,0
25335000000,2517,25335000000,,0.0,-0.11505763727066842,1.5105032078080738e-05,0.11505763727066842,0.001,1.150561267673904,10.0,0.0,1.0,0.0,0
25345000000,2518,25345000000,,0.0,-0.11505701687366532,9.846245943916712e-05,0.11505701687366532,0.001,1.1504717062771341,10.0,0.0,1.0,0.0,0
25355000000,2519,25355000000,,0.0,-0.11505563408356068,0.00016898613888715838,0.11505563408356068,0.001,1.150387354696747,10.0,0.0,1.0,0.0,0
25365000000,2520,25365000000,,0.0,-0.11505361311283124,0.00022743748033222922,0.11505361311283124,0.001,1.1503086936479079,10.0,0.0,1.0,0.0,0
25375000000,2521,25375000000,,0.0,-0.11505107018337668,0.0002746431402868989,0.11505107018337668,0.001,1.1502360586926486,10.0,0.0,1.0,0.0,0
25385000000,2522,25385000000,,0.0,-0.11504811298752049,0.0003114747070029042,0.11504811298752049,0.001,1.1501696551687335,10.0,0.0,1.0,0.0,0
25395000000,2523,25395000000,,0.0,-0.11504484034055817,0.0003388304914422505,0.11504484034055817,0.001,1.1501095729139177,10.0,0.0,1.0,0.0,0
25405000000,2524,25405000000,,0.0,-0.11504134200401239,0.00035761938610170523,0.11504134200401239,0.001,1.1500558006535755,10.0,0.0,1.0,0.0,0
25415000000,2525,25415000000,,0.0,-0.11503769865908176,0.0003687467500666972,0.11503769865908176,0.001,1.15000823984035,10.0,0.0,1.0,0.0,0
25425000000,2526,25425000000,,0.0,-0.11503398201048132,0.000373102240158279,0.11503398201048132,0.001,1.149966717865043,10.0,0.0,1.0,0.0,0
25435000000,2527,25435000000,,0.0,-0.11503025500164377,0.0003715495038623768,0.11503025500164377,0.001,1.1499310005123853,10.0,0.0,1.0,0.0,0
25445000000,2528,25445000000,,0.0,-0.11502657212327971,0.0003649176217347145,0.11502657212327971,0.001,1.1499008036104552,10.0,0.0,1.0,0.0,0
25455000000,2529,25455000000,,0.0,-0.11502297979838527,0.0003539941917323275,0.11502297979838527,0.001,1.1498758037916712,10.0,0.0,1.0,0.0,0
25465000000,2530,25465000000,,0.0,-0.11501951682800193,0.0003395199225304665,0.11501951682800193,0.001,1.1498556483576206,10.0,0.0,1.0,0.0,0
25475000000,2531,25475000000,,0.0,-0.11501621488328606,0.00032218461783170164,0.11501621488328606,0.001,1.149839964215209,10.0,0.0,1.0,0.0,0
25485000000,2532,25485000000,,0.0,-0.11501309903074297,0.0003026244110792615,0.11501309903074297,0.001,1.1498283658965658,10.0,0.0,1.0,0.0,0
25495000000,2533,25495000000,,0.0,-0.11501018827880483,0.0002814201304080429,0.11501018827880483,0.001,1.1498204626572939,10.0,0.0,1.0,0.0,0
25505000000,2534,25505000000,,0.0,-0.11500749613518746,0.00025909665580638587,0.11500749613518746,0.001,1.1498158646957446,10.0,0.0,1.0,0.0,0
25515000000,2535,25515000000,,0.0,-0.11500503116578198,0.00023612314709104697,0.11500503116578198,0.001,1.149814188511007,10.0,0.0,1.0,0.0,0
25525000000,2536,25525000000,,0.0,-0.11500279754703246,0.00021291402493712173,0.11500279754703246,0.001,1.1498150614452474,10.0,0.0,1.0,0.0,0
25535000000,2537,25535000000,,0.0,-0.11500079560494214,0.00018983058244225823,0.11500079560494214,0.001,1.149818125467057,10.0,0.0,1.0,0.0,0
25545000000,2538,25545000000,,0.0,-0.11499902233496595,0.0001671831259617266,0.11499902233496595,0.001,1.1498230402236498,10.0,0.0,1.0,0.0,0
25555000000,2539,25555000000,,0.0,-0.11499747189807774,0.00014523354072546333,0.11499747189807774,0.001,1.1498294854409163,10.0,0.0,1.0,0.0,0
25565000000,2540,25565000000,,0.0,-0.11499613608929327,0.00012419818693299958,0.11499613608929327,0.001,1.1498371627060866,10.0,0.0,1.0,0.0,0
25575000000,2541,25575000000,,0.0,-0.11499500477579705,0.00010425104335749528,0.11499500477579705,0.001,1.149845796714617,10.0,0.0,1.0,0.0,0
25585000000,2542,25585000000,,0.0,-0.11499406630265607,8.552701791090477e-05,0.11499406630265607,0.001,1.1498551360090925,10.0,0.0,1.0,0.0,0
25595000000,2543,25595000000,,0.0,-0.11499330786480844,6.812536219127747e-05,0.11499330786480844,0.001,1.149864953285844,10.0,0.0,1.0,0.0,0
25605000000,2544,25605000000,,0.0,-0.11499271584468307,5.211311731260804e-05,0.11499271584468307,0.001,1.1498750453294537,10.0,0.0,1.0,0.0,0
25615000000,2545,25615000000,,0.0,-0.11499227611536433,3.7528550534927024e-05,0.11499227611536433,0.001,1.1498852326027098,10.0,0.0,1.0,0.0,0
25625000000,2546,25625000000,,0.0,-0.11499197430972252,2.43845273620095e-05,0.11499197430972252,0.001,1.149895358569939,10.0,0.0,1.0,0.0,0
25635000000,2547,25635000000,,0.0,-0.11499179605633802,1.2671782859263756e-05,0.11499179605633802,0.001,1.149905288780646,10.0,0.0,1.0,0.0,0
25645000000,2548,25645000000,,0.0,-0.11499172718341555,2.3620617956507265e-06,0.11499172718341555,0.001,1.149914909772498,10.0,0.0,1.0,0.0,0
25655000000,2549,25655000000,,0.0,-0.11499175389215743,-6.5889010989427656e-06,0.11499175389215743,0.001,1.1499241278234429,10.0,0.0,1.0,0.0,0
25665000000,2550,25665000000,,0.0,-0.11499186290130226,-1.4238581306216338e-05,0.11499186290130226,0.001,1.1499328675948917,10.0,0.0,1.0,0.0,0
25675000000,2551,25675000000,,0.0,-0.11499204156472942,-2.0655056840947857e-05,0.11499204156472942,0.001,1.1499410707054025,10.0,0.0,1.0,0.0,0
25685000000,2552,25685000000,,0.0,-0.11499227796408462,-2.5914605187903144e-05,0.11499227796408462,0.001,1.1499486942464188,10.0,0.0,1.0,0.0,0
25695000000,2553,25695000000,,0.0,-0.11499256097858179,-3.009951468766326e-05,0.11499256097858179,0.001,1.1499557092998103,10.0,0.0,1.0,0.0,0
25705000000,2554,25705000000,,0.0,-0.11499288033401456,-3.3296104265563415e-05,0.11499288033401456,0.001,1.1499620994437976,10.0,0.0,1.0,0.0,0
25715000000,2555,25715000000,,0.0,-0.11499322663319056,-3.559295559381839e-05,0.11499322663319056,0.001,1.1499678592880436,10.0,0.0,1.0,0.0,0
25725000000,2556,25725000000,,0.0,-0.11499359136981901,-3.707935711217523e-05,0.11499359136981901,0.001,1.1499729930546643,10.0,0.0,1.0,0.0,0
25735000000,2557,25735000000,,0.0,-0.11499396692795116,-3.784394461000513e-05,0.11499396692795116,0.001,1.1499775132261547,10.0,0.0,1.0,0.0,0
25745000000,2558,25745000000,,0.0,-0.1149943465688903,-3.7973540007621346e-05,0.1149943465688903,0.001,1.1499814392314356,10.0,0.0,1.0,0.0,0
25755000000,2559,25755000000,,0.0,-0.11499472440752001,-3.755216855888741e-05,0.11499472440752001,0.001,1.1499847962445742,10.0,0.0,1.0,0.0,0
25765000000,2560,25765000000,,0.0,-0.11499509537976493,-3.666025409494857e-05,0.11499509537976493,0.001,1.1499876140529253,10.0,0.0,1.0,0.0,0
25775000000,2561,25775000000,,0.0,-0.11499545520288024,-3.537396932749514e-05,0.11499545520288024,0.001,1.1499899259974455,10.0,0.0,1.0,0.0,0
25785000000,2562,25785000000,,0.0,-0.1149958003300906,-3.376473951734042e-05,0.1149958003300906,0.001,1.1499917680394667,10.0,0.0,1.0,0.0,0
25795000000,2563,25795000000,,0.0,-0.11499612790098546,-3.1898874999482875e-05,0.11499612790098546,0.001,1.1499931778862837,10.0,0.0,1.0,0.0,0
25805000000,2564,25805000000,,0.0,-0.11499643568895301,-2.9837329255737528e-05,0.11499643568895301,0.001,1.149994194218582,10.0,0.0,1.0,0.0,0
25815000000,2565,25815000000,,0.0,-0.1149967220467989,-2.7635566806633616e-05,0.1149967220467989,0.001,1.1499948560347129,10.0,0.0,1.0,0.0,0
25825000000,2566,25825000000,,0.0,-0.11499698585153872,-2.534352124631752e-05,0.11499698585153872,0.001,1.1499952020364468,10.0,0.0,1.0,0.0,0
25835000000,2567,25835000000,,0.0,-0.11499722644929733,-2.3005640543205758e-05,0.11499722644929733,0.001,1.149995270133033,10.0,0.0,1.0,0.0,0
25845000000,2568,25845000000,,0.0,-0.11499744360103215,-2.0661005546962077e-05,0.11499744360103215,0.001,1.1499950970156725,10.0,0.0,1.0,0.0,0
25855000000,2569,25855000000,,0.0,-0.11499763742977542,-1.8343502971910724e-05,0.11499763742977542,0.001,1.1499947178022474,10.0,0.0,1.0,0.0,0
25865000000,2570,25865000000,,0.0,-0.11499780836990148,-1.6082052301302926e-05,0.11499780836990148,0.001,1.149994165750261,10.0,0.0,1.0,0.0,0
25875000000,2571,25875000000,,0.0,-0.11499795711888972,-1.3900871049798136e-05,0.11499795711888972,0.001,1.1499934720586857,10.0,0.0,1.0,0.0,0
25885000000,2572,25885000000,,0.0,-0.11499808459189431,-1.1819768735422988e-05,0.11499808459189431,0.001,1.1499926656872184,10.0,0.0,1.0,0.0,0
25895000000,2573,25895000000,,0.0,-0.11499819187940474,-9.854466061137399e-06,0.11499819187940474,0.001,1.1499917732615117,10.0,0.0,1.0,0.0,0
25905000000,2574,25905000000,,0.0,-0.11499828020816771,-8.016924901543947e-06,0.11499828020816771,0.001,1.1499908190056907,10.0,0.0,1.0,0.0,0
25915000000,2575,25915000000,,0.0,-0.11499835090548594,-6.315692118082985e-06,0.11499835090548594,0.001,1.1499898247459406,10.0,0.0,1.0,0.0,0
25925000000,2576,25925000000,,0.0,-0.11499840536692041,-4.756236855448069e-06,0.11499840536692041,0.001,1.1499888099072741,10.0,0.0,1.0,0.0,0
25935000000,2577,25935000000,,0.0,-0.11499844502740686,-3.3412942795103443e-06,0.11499844502740686,0.001,1.149987791569309,10.0,0.0,1.0,0.0,0
25945000000,2578,25945000000,,0.0,-0.11499847133574015,-2.0711952460578393e-06,0.11499847133574015,0.001,1.149986784553949,10.0,0.0,1.0,0.0,0
25955000000,2579,25955000000,,0.0,-0.11499848573230587,-9.441869833855618e-07,0.11499848573230587,0.001,1.1499858015100095,10.0,0.0,1.0,0.0,0
25965000000,2580,25965000000,,0.0,-0.1149984896299463,4.325953313375254e-08,0.1149984896299463,0.001,1.1499848530389567,10.0,0.0,1.0,0.0,0
25975000000,2581,25975000000,,0.0,-0.1149984843978098,8.961589459801751e-07,0.1149984843978098,0.001,1.149983947818507,10.0,0.0,1.0,0.0,0
25985000000,2582,25985000000,,0.0,-0.1149984713479979,1.620740965232676e-06,0.1149984713479979,0.001,1.1499830927391042,10.0,0.0,1.0,0.0,0
25995000000,2583,25995000000,,0.0,-0.11499845172482459,2.224197208415025e-06,0.11499845172482459,0.001,1.1499822930514192,10.0,0.0,1.0,0.0,0
26005000000,2584,26005000000,,0.0,-0.11499842669648519,2.7144504459672262e-06,0.11499842669648519,0.001,1.1499815525148538,10.0,0.0,1.0,0.0,0
26015000000,2585,26015000000,,0.0,-0.11499839734892614,3.0999429598717975e-06,0.11499839734892614,0.001,1.1499808735458483,10.0,0.0,1.0,0.0,0
26025000000,2586,26025000000,,0.0,-0.11499836468170166,3.38944829557463e-06,0.11499836468170166,0.001,1.149980257369183,10.0,0.0,1.0,0.0,0
26035000000,2587,26035000000,,0.0,-0.1149983296056023,3.5919025964564046e-06,0.1149983296056023,0.001,1.1499797041532478,10.0,0.0,1.0,0.0,0
26045000000,2588,26045000000,,0.0,-0.11499829294186892,3.7162563473134785e-06,0.11499829294186892,0.001,1.1499792131620534,10.0,0.0,1.0,0.0,0
26055000000,2589,26055000000,,0.0,-0.11499825542275754,3.771347452332174e-06,0.11499825542275754,0.001,1.1499787828798969,10.0,0.0,1.0,0.0,0
26065000000,2590,26065000000,,0.0,-0.1149982176932891,3.7657906564295927e-06,0.1149982176932891,0.001,1.1499784111416567,10.0,0.0,1.0,0.0,0
26075000000,2591,26075000000,,0.0,-0.114998180313993,3.707887601645454e-06,0.114998180313993,0.001,1.1499780952525995,10.0,0.0,1.0,0.0,0
26085000000,2592,26085000000,,0.0,-0.11499814376445716,3.605552045185532e-06,0.11499814376445716,0.001,1.1499778320931586,10.0,0.0,1.0,0.0,0
26095000000,2593,26095000000,,0.0,-0.11499810844755132,3.4662506361239377e-06,0.11499810844755132,0.001,1.1499776182251154,10.0,0.0,1.0,0.0,0
26105000000,2594,26105000000,,0.0,-0.11499807469414947,3.2969587396369026e-06,0.11499807469414947,0.001,1.1499774499823445,10.0,0.0,1.0,0.0,0
26115000000,2595,26115000000,,0.0,-0.114998042768228,3.1041289714982606e-06,0.114998042768228,0.001,1.1499773235537702,10.0,0.0,1.0,0.0,0
26125000000,2596,26125000000,,0.0,-0.1149980128722099,2.8936703489834276e-06,0.1149980128722099,0.001,1.1499772350519066,10.0,0.0,1.0,0.0,0
26135000000,2597,26135000000,,0.0,-0.11499798515246606,2.67093944239079e-06,0.11499798515246606,0.001,1.149977180584747,10.0,0.0,1.0,0.0,0
26145000000,2598,26145000000,,0.0,-0.11499795970484694,2.4407397577570436e-06,0.11499795970484694,0.001,1.149977156308415,10.0,0.0,1.0,0.0,0
26155000000,2599,26155000000,,0.0,-0.11499793658017765,2.2073285536283415e-06,0.11499793658017765,0.001,1.1499771584732343,10.0,0.0,1.0,0.0,0
26165000000,2600,26165000000,,0.0,-0.11499791578965102,1.9744314467079442e-06,0.11499791578965102,0.001,1.1499771834643369,10.0,0.0,1.0,0.0,0
26175000000,2601,26175000000,,0.0,-0.1149978973100394,1.7452619193654158e-06,0.1149978973100394,0.001,1.149977227838681,10.0,0.0,1.0,0.0,0
26185000000,2602,26185000000,,0.0,-0.11499788108868803,1.522544966940855e-06,0.11499788108868803,0.001,1.1499772883421233,10.0,0.0,1.0,0.0,0
26195000000,2603,26195000000,,0.0,-0.11499786704824544,1.3085457370597858e-06,0.11499786704824544,0.001,1.149977361936294,10.0,0.0,1.0,0.0,0
26205000000,2604,26205000000,,0.0,-0.11499785509110527,1.1050985557459855e-06,0.11499785509110527,0.001,1.1499774458128176,10.0,0.0,1.0,0.0,0
26215000000,2605,26215000000,,0.0,-0.11499784510352118,9.136413438924337e-07,0.11499784510352118,0.001,1.149977537393605,10.0,0.0,1.0,0.0,0
26225000000,2606,26225000000,,0.0,-0.1149978369594038,7.35247864356379e-07,0.1149978369594038,0.001,1.1499776343466195,10.0,0.0,1.0,0.0,0
26235000000,2607,26235000000,,0.0,-0.11499783052376511,5.706620163016156e-07,0.11499783052376511,0.001,1.149977734575911,10.0,0.0,1.0,0.0,0
26245000000,2608,26245000000,,0.0,-0.11499782565583416,4.203323618054975e-07,0.11499782565583416,0.001,1.1499778362261281,10.0,0.0,1.0,0.0,0
26255000000,2609,26255000000,,0.0,-0.11499782221181754,2.844458975076734e-07,0.11499782221181754,0.001,1.1499779376728192,10.0,0.0,1.0,0.0,0
26265000000,2610,26265000000,,0.0,-0.11499782004733916,1.629602812787991e-07,0.11499782004733916,0.001,1.1499780375130797,10.0,0.0,1.0,0.0,0
26275000000,2611,26275000000,,0.0,-0.11499781901955508,5.5636522958054704e-08,0.11499781901955508,0.001,1.1499781345591664,10.0,0.0,1.0,0.0,0
26285000000,2612,26285000000,,0.0,-0.11499781898895645,-3.793182388763778e-08,0.11499781898895645,0.001,1.1499782278218884,10.0,0.0,1.0,0.0,0
26295000000,2613,26295000000,,0.0,-0.1149978198208883,-1.1829012434330876e-07,0.1149978198208883,0.001,1.1499783165000377,10.0,0.0,1.0,0.0,0
26305000000,2614,26305000000,,0.0,-0.11499782138677883,-1.8609563399260265e-07,0.11499782138677883,0.001,1.1499783999624835,10.0,0.0,1.0,0.0,0
26315000000,2615,26315000000,,0.0,-0.11499782356514121,-2.4209396796136065e-07,0.11499782356514121,0.001,1.1499784777457567,10.0,0.0,1.0,0.0,0
26325000000,2616,26325000000,,0.0,-0.11499782624231525,-2.8709586083925114e-07,0.11499782624231525,0.001,1.1499785495179449,10.0,0.0,1.0,0.0,0
26335000000,2617,26335000000,,0.0,-0.1149978293130145,-3.219567607835571e-07,0.1149978293130145,0.001,1.1499786150877167,10.0,0.0,1.0,0.0,0
26345000000,2618,26345000000,,0.0,-0.11499783268066732,-3.47559493606213e-07,0.11499783268066732,0.001,1.1499786743650997,10.0,0.0,1.0,0.0,0
26355000000,2619,26355000000,,0.0,-0.11499783625760696,-3.6479814633406046e-07,0.11499783625760696,0.001,1.1499787273722628,10.0,0.0,1.0,0.0,0
26365000000,2620,26365000000,,0.0,-0.11499783996509638,-3.745625582803377e-07,0.11499783996509638,0.001,1.149978774213567,10.0,0.0,1.0,0.0,0
26375000000,2621,26375000000,,0.0,-0.11499784373322175,-3.7772778636105986e-07,0.11499784373322175,0.001,1.1499788150602885,10.0,0.0,1.0,0.0,0
26385000000,2622,26385000000,,0.0,-0.11499784750068809,-3.751438119939863e-07,0.11499784750068809,0.001,1.1499788501503527,10.0,0.0,1.0,0.0,0
26395000000,2623,26395000000,,0.0,-0.11499785121452089,-3.6762549669166676e-07,0.11499785121452089,0.001,1.149978879772915,10.0,0.0,1.0,0.0,0
26405000000,2624,26405000000,,0.0,-0.11499785482966818,-3.5594724810291453e-07,0.11499785482966818,0.001,1.1499789042430653,10.0,0.0,1.0,0.0,0
26415000000,2625,26415000000,,0.0,-0.11499785830857956,-3.4083754394939043e-07,0.11499785830857956,0.001,1.1499789239224878,10.0,0.0,1.0,0.0,0
26425000000,2626,26425000000,,0.0,-0.11499786162071235,-3.2297372863492087e-07,0.11499786162071235,0.001,1.1499789391807713,10.0,0.0,1.0,0.0,0
26435000000,2627,26435000000,,0.0,-0.11499786474200402,-3.029809150090789e-07,0.11499786474200402,0.001,1.1499789504007918,10.0,0.0,1.0,0.0,0
26445000000,2628,26445000000,,0.0,-0.11499786765434816,-2.8142951789963374e-07,0.11499786765434816,0.001,1.1499789579752484,10.0,0.0,1.0,0.0,0
26455000000,2629,26455000000,,0.0,-0.11499787034502784,-2.588336620480385e-07,0.11499787034502784,0.001,1.1499789622832335,10.0,0.0,1.0,0.0,0
26465000000,2630,26465000000,,0.0,-0.1149978728061809,-2.3565348738036583e-07,0.1149978728061809,0.001,1.14997896371686,10.0,0.0,1.0,0.0,0
26475000000,2631,26475000000,,0.0,-0.11499787503423509,-2.122946889310402e-07,0.11499787503423509,0.001,1.1499789626383095,10.0,0.0,1.0,0.0,0
26485000000,2632,26485000000,,0.0,-0.11499787702939113,-1.8911027676465857e-07,0.11499787702939113,0.001,1.1499789594048604,10.0,0.0,1.0,0.0,0
26495000000,2633,26495000000,,0.0,-0.11499787879510048,-1.6640383514982138e-07,0.11499787879510048,0.001,1.1499789543547845,10.0,0.0,1.0,0.0,0
26505000000,2634,26505000000,,0.0,-0.11499788033758396,-1.4442969886266096e-07,0.11499788033758396,0.001,1.1499789478060851,10.0,0.0,1.0,0.0,0
26515000000,2635,26515000000,,0.0,-0.11499788166535918,-1.233988768903786e-07,0.11499788166535918,0.001,1.1499789400535487,10.0,0.0,1.0,0.0,0
26525000000,2636,26525000000,,0.0,-0.11499788278881429,-1.0347939083102458e-07,0.11499788278881429,0.001,1.1499789313680342,10.0,0.0,1.0,0.0,0
26535000000,2637,26535000000,,0.0,-0.11499788371981001,-8.480132018642719e-08,0.11499788371981001,0.001,1.149978921997823,10.0,0.0,1.0,0.0,0
26545000000,2638,26545000000,,0.0,-0.11499788447131376,-6.746004421624875e-08,0.11499788447131376,0.001,1.1499789121738413,10.0,0.0,1.0,0.0,0
26555000000,2639,26555000000,,0.0,-0.11499788505706032,-5.1518163068508535e-08,0.11499788505706032,0.001,1.1499789020885043,10.0,0.0,1.0,0.0,0
26565000000,2640,26565000000,,0.0,-0.11499788549125878,-3.7010633224562965e-08,0.11499788549125878,0.001,1.1499788919212062,10.0,0.0,1.0,0.0,0
26575000000,2641,26575000000,,0.0,-0.11499788578833314,-2.394787745950876e-08,0.11499788578833314,0.001,1.1499788818321743,10.0,0.0,1.0,0.0,0
26585000000,2642,26585000000,,0.0,-0.11499788596267368,-1.2317829424463172e-08,0.11499788596267368,0.001,1.1499788719439952,10.0,0.0,1.0,0.0,0
26595000000,2643,26595000000,,0.0,-0.11499788602846106,-2.090321694766885e-09,0.11499788602846106,0.001,1.1499788623736062,10.0,0.0,1.0,0.0,0
26605000000,2644,26605000000,,0.0,-0.1149978859994798,6.780455750821514e-09,0.1149978859994798,0.001,1.149978853214444,10.0,0.0,1.0,0.0,0
26615000000,2645,26615000000,,0.0,-0.11499788588897797,1.4353762620574809e-08,0.11499788588897797,0.001,1.1499788445359282,10.0,0.0,1.0,0.0,0
26625000000,2646,26625000000,,0.0,-0.11499788570956149,2.0698540212504153e-08,0.11499788570956149,0.001,1.1499788363966168,10.0,0.0,1.0,0.0,0
26635000000,2647,26635000000,,0.0,-0.1149978854730973,2.5891798036232995e-08,0.1149978854730973,0.001,1.1499788288387958,10.0,0.0,1.0,0.0,0
26645000000,2648,26645000000,,0.0,-0.11499788519064857,3.0016330307660937e-08,0.11499788519064857,0.001,1.149978821890496,10.0,0.0,1.0,0.0,0
26655000000,2649,26655000000,,0.0,-0.11499788487242579,3.3159210930049263e-08,0.11499788487242579,0.001,1.149978815565893,10.0,0.0,1.0,0.0,0
26665000000,2650,26665000000,,0.0,-0.11499788452776016,3.5408815433042206e-08,0.11499788452776016,0.001,1.1499788098694808,10.0,0.0,1.0,0.0,0
26675000000,2651,26675000000,,0.0,-0.11499788416509205,3.6854847172043035e-08,0.11499788416509205,0.001,1.149978804795957,10.0,0.0,1.0,0.0,0
26685000000,2652,26685000000,,0.0,-0.11499788379197096,3.758554089972167e-08,0.11499788379197096,0.001,1.1499788003337752,10.0,0.0,1.0,0.0,0
26695000000,2653,26695000000,,0.0,-0.11499788341507156,3.768756950743061e-08,0.11499788341507156,0.001,1.1499787964635289,10.0,0.0,1.0,0.0,0
26705000000,2654,26705000000,,0.0,-0.11499788304021497,3.7244758386499006e-08,0.11499788304021497,0.001,1.1499787931572758,10.0,0.0,1.0,0.0,0
26715000000,2655,26715000000,,0.0,-0.11499788267240696,3.633720435422419e-08,0.11499788267240696,0.001,1.149978790386914,10.0,0.0,1.0,0.0,0
26725000000,2656,26725000000,,0.0,-0.11499788231587438,3.5040869315812096e-08,0.11499788231587438,0.001,1.1499787881174406,10.0,0.0,1.0,0.0,0
26735000000,2657,26735000000,,0.0,-0.11499788197411309,3.342616672205522e-08,0.11499788197411309,0.001,1.149978786314536,10.0,0.0,1.0,0.0,0
26745000000,2658,26745000000,,0.0,-0.11499788164993685,3.155931782435986e-08,0.11499788164993685,0.001,1.149978784940613,10.0,0.0,1.0,0.0,0
26755000000,2659,26755000000,,0.0,-0.11499788134552968,2.9500968777997724e-08,0.11499788134552968,0.001,1.1499787839544506,10.0,0.0,1.0,0.0,0
26765000000,2660,26765000000,,0.0,-0.11499788106250275,2.730555648137767e-08,0.11499788106250275,0.001,1.1499787833197583,10.0,0.0,1.0,0.0,0
26775000000,2661,26775000000,,0.0,-0.11499788080194584,2.502327722735562e-08,0.11499788080194584,0.001,1.1499787829959196,10.0,0.0,1.0,0.0,0
26785000000,2662,26785000000,,0.0,-0.11499788056448601,2.269751320136e-08,0.11499788056448601,0.001,1.1499787829474606,10.0,0.0,1.0,0.0,0
26795000000,2663,26795000000,,0.0,-0.1149978803503382,2.036702628725702e-08,0.1149978803503382,0.001,1.1499787831356745,10.0,0.0,1.0,0.0,0
26805000000,2664,26805000000,,0.0,-0.11499788015936208,1.8065557049475203e-08,0.11499788015936208,0.001,1.1499787835280717,10.0,0.0,1.0,0.0,0
26815000000,2665,26815000000,,0.0,-0.11499787999110822,1.582135888904319e-08,0.11499787999110822,0.001,1.14997878408996,10.0,0.0,1.0,0.0,0
26825000000,2666,26825000000,,0.0,-0.11499787984486787,1.3658148389570808e-08,0.11499787984486787,0.001,1.1499787847911591,10.0,0.0,1.0,0.0,0
26835000000,2667,26835000000,,0.0,-0.11499787971971731,1.1595812310152366e-08,0.11499787971971731,0.001,1.1499787856011157,10.0,0.0,1.0,0.0,0
26845000000,2668,26845000000,,0.0,-0.11499787961456409,9.649498533227484e-09,0.11499787961456409,0.001,1.1499787864964706,10.0,0.0,1.0,0.0,0
26855000000,2669,26855000000,,0.0,-0.11499787952817897,7.831081561042935e-09,0.11499787952817897,0.001,1.1499787874507206,10.0,0.0,1.0,0.0,0
26865000000,2670,26865000000,,0.0,-0.1149978794592359,6.148662023726882e-09,0.1149978794592359,0.001,1.1499787884434998,10.0,0.0,1.0,0.0,0
26875000000,2671,26875000000,,0.0,-0.1149978794063431,4.607761727751776e-09,0.1149978794063431,0.001,1.1499787894555613,10.0,0.0,1.0,0.0,0
26885000000,2672,26885000000,,0.0,-0.11499787936807149,3.210410160054765e-09,0.11499787936807149,0.001,1.149978790470838,10.0,0.0,1.0,0.0,0
26895000000,2673,26895000000,,0.0,-0.11499787934297778,1.9573049845500415e-09,0.11499787934297778,0.001,1.1499787914731208,10.0,0.0,1.0,0.0,0
26905000000,2674,26905000000,,0.0,-0.11499787932962935,8.464624559601522e-10,0.11499787932962935,0.001,1.1499787924498595,10.0,0.0,1.0,0.0,0
26915000000,2675,26915000000,,0.0,-0.11499787932662464,-1.2569234502968662e-10,0.11499787932662464,0.001,1.1499787933905914,10.0,0.0,1.0,0.0,0
26925000000,2676,26925000000,,0.0,-0.11499787933260386,-9.646612396490426e-10,0.11499787933260386,0.001,1.1499787942906003,10.0,0.0,1.0,0.0,0
26935000000,2677,26935000000,,0.0,-0.11499787934626582,-1.6762289334464004e-09,0.11499787934626582,0.001,1.149978795139539,10.0,0.0,1.0,0.0,0
26945000000,2678,26945000000,,0.0,-0.11499787936637595,-2.2678263707261308e-09,0.11499787936637595,0.001,1.1499787959339436,10.0,0.0,1.0,0.0,0
26955000000,2679,26955000000,,0.0,-0.11499787939177608,-2.746722404402809e-09,0.11499787939177608,0.001,1.1499787966640085,10.0,0.0,1.0,0.0,0
26965000000,2680,26965000000,,0.0,-0.11499787942139506,-3.1226079500684025e-09,0.11499787942139506,0.001,1.1499787973367859,10.0,0.0,1.0,0.0,0
26975000000,2681,26975000000,,0.0,-0.11499787945423989,-3.403532566832994e-09,0.11499787945423989,0.001,1.1499787979458986,10.0,0.0,1.0,0.0,0
26985000000,2682,26985000000,,0.0,-0.11499787948941353,-3.598051190572765e-09,0.11499787948941353,0.001,1.149978798491258,10.0,0.0,1.0,0.0,0
26995000000,2683,26995000000,,0.0,-0.11499787952610241,-3.716207785632661e-09,0.11499787952610241,0.001,1.1499787989771626,10.0,0.0,1.0,0.0,0
27005000000,2684,27005000000,,0.0,-0.11499787956358887,-3.765583399988594e-09,0.11499787956358887,0.001,1.1499787994017652,10.0,0.0,1.0,0.0,0
27015000000,2685,27015000000,,0.0,-0.11499787960123165,-3.7550411668679045e-09,0.11499787960123165,0.001,1.1499787997675348,10.0,0.0,1.0,0.0,0
27025000000,2686,27025000000,,0.0,-0.11499787963848185,-3.693140015765573e-09,0.11499787963848185,0.001,1.1499788000778643,10.0,0.0,1.0,0.0,0
27035000000,2687,27035000000,,0.0,-0.11499787967486697,-3.5878340297516493e-09,0.11499787967486697,0.001,1.1499788003369105,10.0,0.0,1.0,0.0,0
27045000000,2688,27045000000,,0.0,-0.11499787970999087,-3.4460829747101086e-09,0.11499787970999087,0.001,1.149978800546041,10.0,0.0,1.0,0.0,0
27055000000,2689,27055000000,,0.0,-0.11499787974353204,-3.2750255839539305e-09,0.11499787974353204,0.001,1.1499788007109224,10.0,0.0,1.0,0.0,0
27065000000,2690,27065000000,,0.0,-0.11499787977522935,-3.0808364743185024e-09,0.11499787977522935,0.001,1.1499788008324963,10.0,0.0,1.0,0.0,0
27075000000,2691,27075000000,,0.0,-0.11499787980488918,-2.8697373362431655e-09,0.11499787980488918,0.001,1.149978800917708,10.0,0.0,1.0,0.0,0
27085000000,2692,27085000000,,0.0,-0.11499787983236764,-2.646837415617586e-09,0.11499787983236764,0.001,1.1499788009704481,10.0,0.0,1.0,0.0,0
27095000000,2693,27095000000,,0.0,-0.11499787985757415,-2.4164950044784375e-09,0.11499787985757415,0.001,1.1499788009915868,10.0,0.0,1.0,0.0,0
27105000000,2694,27105000000,,0.0,-0.11499787988046073,-2.183690117919786e-09,0.11499787988046073,0.001,1.1499788009895262,10.0,0.0,1.0,0.0,0
27115000000,2695,27115000000,,0.0,-0.11499787990101851,-1.9514549975285107e-09,0.11499787990101851,0.001,1.1499788009606249,10.0,0.0,1.0,0.0,0
27125000000,2696,27125000000,,0.0,-0.1149978799192759,-1.7234258462291574e-09,0.1149978799192759,0.001,1.1499788009158252,10.0,0.0,1.0,0.0,0
27135000000,2697,27135000000,,0.0,-0.1149978799352862,-1.5020078514718194e-09,0.1149978799352862,0.001,1.14997880085566,10.0,0.0,1.0,0.0,0
27145000000,2698,27145000000,,0.0,-0.11499787994912758,-1.2891736566175687e-09,0.11499787994912758,0.001,1.1499788007809109,10.0,0.0,1.0,0.0,0
27155000000,2699,27155000000,,0.0,-0.1149978799608995,-1.0873870693832598e-09,0.1149978799608995,0.001,1.1499788006979017,10.0,0.0,1.0,0.0,0
27165000000,2700,27165000000,,0.0,-0.11499787997071742,-8.972684817638318e-10,0.11499787997071742,0.001,1.1499788006060108,10.0,0.0,1.0,0.0,0
27175000000,2701,27175000000,,0.0,-0.1149978799787057,-7.203238004866121e-10,0.1149978799787057,0.001,1.1499788005082578,10.0,0.0,1.0,0.0,0
27185000000,2702,27185000000,,0.0,-0.1149978799850011,-5.574922747007632e-10,0.1149978799850011,0.001,1.149978800407787,10.0,0.0,1.0,0.0,0
27195000000,2703,27195000000,,0.0,-0.11499787998974398,-4.083031686268908e-10,0.11499787998974398,0.001,1.1499788003060019,10.0,0.0,1.0,0.0,0
27205000000,2704,27205000000,,0.0,-0.1149978799930782,-2.741629148331661e-10,0.1149978799930782,0.001,1.149978800204341,10.0,0.0,1.0,0.0,0
27215000000,2705,27215000000,,0.0,-0.11499787999514588,-1.5409584722696278e-10,0.11499787999514588,0.001,1.1499788001042255,10.0,0.0,1.0,0.0,0
27225000000,2706,27225000000,,0.0,-0.11499787999609445,-4.8103299348917143e-11,0.11499787999609445,0.001,1.1499788000089062,10.0,0.0,1.0,0.0,0
27235000000,2707,27235000000,,0.0,-0.11499787999605715,4.42739177703022e-11,0.11499787999605715,0.001,1.1499787999161626,10.0,0.0,1.0,0.0,0
27245000000,2708,27245000000,,0.0,-0.11499787999516986,1.2317036263353506e-10,0.11499787999516986,0.001,1.1499787998282418,10.0,0.0,1.0,0.0,0
27255000000,2709,27255000000,,0.0,-0.11499787999356048,1.9003643097067718e-10,0.11499787999356048,0.001,1.1499787997455346,10.0,0.0,1.0,0.0,0
27265000000,2710,27265000000,,0.0,-0.11499787999134892,2.449729311452685e-10,0.11499787999134892,0.001,1.149978799668352,10.0,0.0,1.0,0.0,0
27275000000,2711,27275000000,,0.0,-0.11499787998864885,2.8908564451728574e-10,0.11499787998864885,0.001,1.1499787995969424,10.0,0.0,1.0,0.0,0
27285000000,2712,27285000000,,0.0,-0.11499787998556421,3.2287683630314953e-10,0.11499787998556421,0.001,1.1499787995332333,10.0,0.0,1.0,0.0,0
27295000000,2713,27295000000,,0.0,-0.11499787998219002,3.479168059723673e-10,0.11499787998219002,0.001,1.1499787994746224,10.0,0.0,1.0,0.0,0
27305000000,2714,27305000000,,0.0,-0.11499787997861333,3.6435565684256973e-10,0.11499787997861333,0.001,1.1499787994219801,10.0,0.0,1.0,0.0,0
27315000000,2715,27315000000,,0.0,-0.1149978799749114,3.7368330621932645e-10,0.1149978799749114,0.001,1.1499787993751909,10.0,0.0,1.0,0.0,0
27325000000,2716,27325000000,,0.0,-0.1149978799711544,3.762918865150441e-10,0.1149978799711544,0.001,1.1499787993349564,10.0,0.0,1.0,0.0,0
27335000000,2717,27335000000,,0.0,-0.11499787996740274,3.735105554719426e-10,0.11499787996740274,0.001,1.1499787993009924,10.0,0.0,1.0,0.0,0
27345000000,2718,27345000000,,0.0,-0.11499787996370703,3.656706045537531e-10,0.11499787996370703,0.001,1.1499787992711408,10.0,0.0,1.0,0.0,0
27355000000,2719,27355000000,,0.0,-0.11499787996011346,3.5346303671750324e-10,0.11499787996011346,0.001,1.1499787992467514,10.0,0.0,1.0,0.0,0
27365000000,2720,27365000000,,0.0,-0.11499787995665933,3.3841374161828187e-10,0.11499787995665933,0.001,1.1499787992281973,10.0,0.0,1.0,0.0,0
27375000000,2721,27375000000,,0.0,-0.11499787995337218,3.204991824024132e-10,0.11499787995337218,0.001,1.1499787992130894,10.0,0.0,1.0,0.0,0
27385000000,2722,27385000000,,0.0,-0.11499787995027688,3.0039570814140326e-10,0.11499787995027688,0.001,1.1499787992025645,10.0,0.0,1.0,0.0,0
27395000000,2723,27395000000,,0.0,-0.11499787994739119,2.786562089300702e-10,0.11499787994739119,0.001,1.149978799195912,10.0,0.0,1.0,0.0,0
27405000000,2724,27405000000,,0.0,-0.11499787994472666,2.563709244833207e-10,0.11499787994472666,0.001,1.149978799190583,10.0,0.0,1.0,0.0,0
27415000000,2725,27415000000,,0.0,-0.11499787994229216,2.3298607520022334e-10,0.11499787994229216,0.001,1.1499787991902188,10.0,0.0,1.0,0.0,0
27425000000,2726,27425000000,,0.0,-0.11499787994008948,2.0977264328860538e-10,0.11499787994008948,0.001,1.1499787991912847,10.0,0.0,1.0,0.0,0
27435000000,2727,27435000000,,0.0,-0.11499787993811772,1.8690649009665611e-10,0.11499787993811772,0.001,1.1499787991937716,10.0,0.0,1.0,0.0,0
27445000000,2728,27445000000,,0.0,-0.114997879936376,1.640119155326249e-10,0.114997879936376,0.001,1.1499787992003352,10.0,0.0,1.0,0.0,0
27455000000,2729,27455000000,,0.0,-0.11499787993485544,1.4207524074349615e-10,0.11499787993485544,0.001,1.1499787992064459,10.0,0.0,1.0,0.0,0
27465000000,2730,27465000000,,0.0,-0.11499787993354804,1.2139489403490617e-10,0.11499787993354804,0.001,1.1499787992138,10.0,0.0,1.0,0.0,0
27475000000,2731,27475000000,,0.0,-0.11499787993244404,1.0158185408301936e-10,0.11499787993244404,0.001,1.149978799223188,10.0,0.0,1.0,0.0,0
27485000000,2732,27485000000,,0.0,-0.1149978799315301,8.335909690702428e-11,0.1149978799315301,0.001,1.1499787992318122,10.0,0.0,1.0,0.0,0
27495000000,2733,27495000000,,0.0,-0.11499787993079469,6.583933355151646e-11,0.11499787993079469,0.001,1.1499787992422217,10.0,0.0,1.0,0.0,0
27505000000,2734,27505000000,,0.0,-0.1149978799302227,5.029443535718678e-11,0.1149978799302227,0.001,1.1499787992516008,10.0,0.0,1.0,0.0,0
27515000000,2735,27515000000,,0.0,-0.1149978799298017,3.5806468559793924e-11,0.1149978799298017,0.001,1.14997879926249,10.0,0.0,1.0,0.0,0
27525000000,2736,27525000000,,0.0,-0.11499787992951571,2.3011370416292734e-11,0.11499787992951571,0.001,1.1499787992720645,10.0,0.0,1.0,0.0,0
27535000000,2737,27535000000,,0.0,-0.11499787992935051,1.1573408673804749e-11,0.11499787992935051,0.001,1.1499787992810706,10.0,0.0,1.0,0.0,0
27545000000,2738,27545000000,,0.0,-0.11499787992929278,1.4814811551168798e-12,0.11499787992929278,0.001,1.1499787992911514,10.0,0.0,1.0,0.0,0
27555000000,2739,27555000000,,0.0,-0.11499787992932742,-7.526867538103598e-12,0.11499787992932742,0.001,1.1499787993003796,10.0,0.0,1.0,0.0,0
27565000000,2740,27565000000,,0.0,-0.11499787992944466,-1.485966911772901e-11,0.11499787992944466,0.001,1.1499787993086574,10.0,0.0,1.0,0.0,0
27575000000,2741,27575000000,,0.0,-0.1149978799296294,-2.0917489868085523e-11,0.1149978799296294,0.001,1.1499787993176103,10.0,0.0,1.0,0.0,0
27585000000,2742,27585000000,,0.0,-0.1149978799298692,-2.632072368124497e-11,0.1149978799298692,0.001,1.1499787993271138,10.0,0.0,1.0,0.0,0
27595000000,2743,27595000000,,0.0,-0.11499787993015165,-3.0079050165049514e-11,0.11499787993015165,0.001,1.1499787993299382,10.0,0.0,1.0,0.0,0
27605000000,2744,27605000000,,0.0,-0.11499787993047139,-3.3237856850698737e-11,0.11499787993047139,0.001,1.1499787993366883,10.0,0.0,1.0,0.0,0
27615000000,2745,27615000000,,0.0,-0.11499787993081778,-3.54449801478127e-11,0.11499787993081778,0.001,1.149978799343705,10.0,0.0,1.0,0.0,0
27625000000,2746,27625000000,,0.0,-0.11499787993118016,-3.6835423206669525e-11,0.11499787993118016,0.001,1.149978799349105,10.0,0.0,1.0,0.0,0
27635000000,2747,27635000000,,0.0,-0.11499787993155319,-3.766009758515877e-11,0.11499787993155319,0.001,1.1499787993546118,10.0,0.0,1.0,0.0,0
27645000000,2748,27645000000,,0.0,-0.114997879931928,-3.7250647176755307e-11,0.114997879931928,0.001,1.1499787993548072,10.0,0.0,1.0,0.0,0
27655000000,2749,27655000000,,0.0,-0.11499787993230104,-3.6981973032816406e-11,0.11499787993230104,0.001,1.1499787993585375,10.0,0.0,1.0,0.0,0
27665000000,2750,27665000000,,0.0,-0.11499787993266697,-3.6071590313364416e-11,0.11499787993266697,0.001,1.1499787993621968,10.0,0.0,1.0,0.0,0
27675000000,2751,27675000000,,0.0,-0.11499787993302224,-3.478772835546835e-11,0.11499787993302224,0.001,1.1499787993657495,10.0,0.0,1.0,0.0,0
27685000000,2752,27685000000,,0.0,-0.11499787993336152,-3.323208389231914e-11,0.11499787993336152,0.001,1.149978799367366,10.0,0.0,1.0,0.0,0
27695000000,2753,27695000000,,0.0,-0.11499787993368304,-3.123368177859749e-11,0.11499787993368304,0.001,1.1499787993670285,10.0,0.0,1.0,0.0,0
27705000000,2754,27705000000,,0.0,-0.11499787993398503,-2.922329082474012e-11,0.11499787993398503,0.001,1.1499787993700483,10.0,0.0,1.0,0.0,0
27715000000,2755,27715000000,,0.0,-0.11499787993426391,-2.694289240035783e-11,0.11499787993426391,0.001,1.1499787993675081,10.0,0.0,1.0,0.0,0
27725000000,2756,27725000000,,0.0,-0.11499787993452326,-2.488231804026318e-11,0.11499787993452326,0.001,1.1499787993701016,10.0,0.0,1.0,0.0,0
27735000000,2757,27735000000,,0.0,-0.11499787993475952,-2.2507329181777558e-11,0.11499787993475952,0.001,1.1499787993724642,10.0,0.0,1.0,0.0,0
27745000000,2758,27745000000,,0.0,-0.1149978799349709,-2.0316637181825412e-11,0.1149978799349709,0.001,1.1499787993710253,10.0,0.0,1.0,0.0,0
27755000000,2759,27755000000,,0.0,-0.1149978799351592,-1.8117063386655656e-11,0.1149978799351592,0.001,1.149978799371132,10.0,0.0,1.0,0.0,0
27765000000,2760,27765000000,,0.0,-0.1149978799353244,-1.5630163998282824e-11,0.1149978799353244,0.001,1.1499787993692312,10.0,0.0,1.0,0.0,0
27775000000,2761,27775000000,,0.0,-0.11499787993547006,-1.34123822670915e-11,0.11499787993547006,0.001,1.1499787993689115,10.0,0.0,1.0,0.0,0
27785000000,2762,27785000000,,0.0,-0.11499787993559263,-1.1454393417503177e-11,0.11499787993559263,0.001,1.1499787993683608,10.0,0.0,1.0,0.0,0
27795000000,2763,27795000000,,0.0,-0.11499787993569566,-9.316547167241515e-12,0.11499787993569566,0.001,1.1499787993658384,10.0,0.0,1.0,0.0,0
27805000000,2764,27805000000,,0.0,-0.11499787993578092,-7.847500175380165e-12,0.11499787993578092,0.001,1.149978799366691,10.0,0.0,1.0,0.0,0
27815000000,2765,27815000000,,0.0,-0.11499787993584842,-6.146194504112043e-12,0.11499787993584842,0.001,1.1499787993655897,10.0,0.0,1.0,0.0,0
27825000000,2766,27825000000,,0.0,-0.11499787993589816,-4.468870062655644e-12,0.11499787993589816,0.001,1.1499787993625343,10.0,0.0,1.0,0.0,0
27835000000,2767,27835000000,,0.0,-0.11499787993593724,-3.096189816517736e-12,0.11499787993593724,0.001,1.1499787993629251,10.0,0.0,1.0,0.0,0
27845000000,2768,27845000000,,0.0,-0.11499787993596033,-1.977084834315824e-12,0.11499787993596033,0.001,1.1499787993613797,10.0,0.0,1.0,0.0,0
27855000000,2769,27855000000,,0.0,-0.11499787993597277,-9.419131318353486e-13,0.11499787993597277,0.001,1.149978799361504,10.0,0.0,1.0,0.0,0
27865000000,2770,27865000000,,0.0,-0.11499787993597455,1.0302875605774445e-13,0.11499787993597455,0.001,1.1499787993597455,10.0,0.0,1.0,0.0,0
27875000000,2771,27875000000,,0.0,-0.11499787993596833,1.0715872460708633e-12,0.11499787993596833,0.001,1.149978799358795,10.0,0.0,1.0,0.0,0
27885000000,2772,27885000000,,0.0,-0.114997879935955,1.5942804167107582e-12,0.114997879935955,0.001,1.1499787993586619,10.0,0.0,1.0,0.0,0
27895000000,2773,27895000000,,0.0,-0.11499787993593369,2.447375208813831e-12,0.11499787993593369,0.001,1.1499787993566724,10.0,0.0,1.0,0.0,0
27905000000,2774,27905000000,,0.0,-0.11499787993590793,2.644107399586169e-12,0.11499787993590793,0.001,1.1499787993564148,10.0,0.0,1.0,0.0,0
27915000000,2775,27915000000,,0.0,-0.11499787993587862,3.131716952093276e-12,0.11499787993587862,0.001,1.1499787993561217,10.0,0.0,1.0,0.0,0
27925000000,2776,27925000000,,0.0,-0.11499787993584576,3.476774416532128e-12,0.11499787993584576,0.001,1.1499787993549049,10.0,0.0,1.0,0.0,0
27935000000,2777,27935000000,,0.0,-0.11499787993581023,3.777867083206586e-12,0.11499787993581023,0.001,1.1499787993545496,10.0,0.0,1.0,0.0,0
27945000000,2778,27945000000,,0.0,-0.11499787993577293,3.686828753120288e-12,0.11499787993577293,0.001,1.1499787993532884,10.0,0.0,1.0,0.0,0
27955000000,2779,27955000000,,0.0,-0.11499787993573563,3.662848201239544e-12,0.11499787993573563,0.001,1.1499787993529154,10.0,0.0,1.0,0.0,0
27965000000,2780,27965000000,,0.0,-0.11499787993569921,3.6077809009659865e-12,0.11499787993569921,0.001,1.1499787993534394,10.0,0.0,1.0,0.0,0
27975000000,2781,27975000000,,0.0,-0.1149978799356619,3.5855760179447503e-12,0.1149978799356619,0.001,1.1499787993530663,10.0,0.0,1.0,0.0,0
27985000000,2782,27985000000,,0.0,-0.11499787993562638,3.617550751012347e-12,0.11499787993562638,0.001,1.149978799352711,10.0,0.0,1.0,0.0,0
27995000000,2783,27995000000,,0.0,-0.11499787993559085,3.3972825097771497e-12,0.11499787993559085,0.001,1.149978799353244,10.0,0.0,1.0,0.0,0
28005000000,2784,28005000000,,0.0,-0.11499787993555799,3.1392664466873236e-12,0.11499787993555799,0.001,1.1499787993529154,10.0,0.0,1.0,0.0,0
28015000000,2785,28015000000,,0.0,-0.11499787993552602,3.1619148106094256e-12,0.11499787993552602,0.001,1.1499787993525956,10.0,0.0,1.0,0.0,0
28025000000,2786,28025000000,,0.0,-0.1149978799354967,2.9114489152661197e-12,0.1149978799354967,0.001,1.1499787993523025,10.0,0.0,1.0,0.0,0
28035000000,2787,28035000000,,0.0,-0.11499787993546917,2.55528896408863e-12,0.11499787993546917,0.001,1.1499787993520272,10.0,0.0,1.0,0.0,0
28045000000,2788,28045000000,,0.0,-0.1149978799354443,2.5708322669263004e-12,0.1149978799354443,0.001,1.1499787993517785,10.0,0.0,1.0,0.0,0
28055000000,2789,28055000000,,0.0,-0.11499787993542121,2.2839505312392696e-12,0.11499787993542121,0.001,1.1499787993515476,10.0,0.0,1.0,0.0,0
28065000000,2790,28065000000,,0.0,-0.11499787993540078,1.906030932365828e-12,0.11499787993540078,0.001,1.1499787993513433,10.0,0.0,1.0,0.0,0
28075000000,2791,28075000000,,0.0,-0.11499787993538302,1.544098262235484e-12,0.11499787993538302,0.001,1.1499787993520538,10.0,0.0,1.0,0.0,0
28085000000,2792,28085000000,,0.0,-0.11499787993536792,1.4175328697276083e-12,0.11499787993536792,0.001,1.149978799352791,10.0,0.0,1.0,0.0,0
28095000000,2793,28095000000,,0.0,-0.11499787993535371,1.1204372981066547e-12,0.11499787993535371,0.001,1.1499787993517607,10.0,0.0,1.0,0.0,0
28105000000,2794,28105000000,,0.0,-0.11499787993534216,1.1901585651817547e-12,0.11499787993534216,0.001,1.1499787993525334,10.0,0.0,1.0,0.0,0
28115000000,2795,28115000000,,0.0,-0.11499787993533239,8.721915294257548e-13,0.11499787993533239,0.001,1.1499787993524357,10.0,0.0,1.0,0.0,0
28125000000,2796,28125000000,,0.0,-0.1149978799353244,6.39044331966461e-13,0.1149978799353244,0.001,1.1499787993523558,10.0,0.0,1.0,0.0,0
28135000000,2797,28135000000,,0.0,-0.11499787993531907,5.808690026333415e-13,0.11499787993531907,0.001,1.1499787993531907,10.0,0.0,1.0,0.0,0
28145000000,2798,28145000000,,0.0,-0.11499787993531374,2.5668329713010354e-13,0.11499787993531374,0.001,1.1499787993531374,10.0,0.0,1.0,0.0,0
28155000000,2799,28155000000,,0.0,-0.11499787993531108,2.304827320136732e-13,0.11499787993531108,0.001,1.1499787993531108,10.0,0.0,1.0,0.0,0
28165000000,2800,28165000000,,0.0,-0.11499787993530841,1.9362255054197972e-13,0.11499787993530841,0.001,1.1499787993530841,10.0,0.0,1.0,0.0,0
28175000000,2801,28175000000,,0.0,-0.11499787993530841,4.48526708732965e-14,0.11499787993530841,0.001,1.1499787993530841,10.0,0.0,1.0,0.0,0
28185000000,2802,28185000000,,0.0,-0.11499787993530841,-8.570936647973481e-14,0.11499787993530841,0.001,1.1499787993530841,10.0,0.0,1.0,0.0,0
28195000000,2803,28195000000,,0.0,-0.11499787993530841,-9.903223257951505e-14,0.11499787993530841,0.001,1.1499787993530841,10.0,0.0,1.0,0.0,0
28205000000,2804,28205000000,,0.0,-0.11499787993531108,-3.9523886995788316e-13,0.11499787993531108,0.001,1.1499787993548871,10.0,0.0,1.0,0.0,0
28215000000,2805,28215000000,,0.0,-0.11499787993531285,-1.56319363808947e-13,0.11499787993531285,0.001,1.1499787993531285,10.0,0.0,1.0,0.0,0
28225000000,2806,28225000000,,0.0,-0.11499787993531463,-4.4275682061060633e-13,0.11499787993531463,0.001,1.1499787993531463,10.0,0.0,1.0,0.0,0
28235000000,2807,28235000000,,0.0,-0.11499787993531818,-3.9879228699539415e-13,0.11499787993531818,0.001,1.1499787993531818,10.0,0.0,1.0,0.0,0
28245000000,2808,28245000000,,0.0,-0.11499787993532173,-4.654053874296809e-13,0.11499787993532173,0.001,1.1499787993532173,10.0,0.0,1.0,0.0,0
28255000000,2809,28255000000,,0.0,-0.11499787993532706,-3.9701562892132043e-13,0.11499787993532706,0.001,1.149978799355047,10.0,0.0,1.0,0.0,0
28265000000,2810,28265000000,,0.0,-0.11499787993532884,-3.264056049152204e-13,0.11499787993532884,0.001,1.1499787993532884,10.0,0.0,1.0,0.0,0
28275000000,2811,28275000000,,0.0,-0.11499787993533239,-3.2596151634056734e-13,0.11499787993533239,0.001,1.149978799353324,10.0,0.0,1.0,0.0,0
28285000000,2812,28285000000,,0.0,-0.11499787993533594,-2.562398253850765e-13,0.11499787993533594,0.001,1.1499787993533594,10.0,0.0,1.0,0.0,0
28295000000,2813,28295000000,,0.0,-0.1149978799353395,-3.166358922085803e-13,0.1149978799353395,0.001,1.149978799353395,10.0,0.0,1.0,0.0,0
28305000000,2814,28305000000,,0.0,-0.11499787993534305,-2.460254832237665e-13,0.11499787993534305,0.001,1.1499787993534305,10.0,0.0,1.0,0.0,0
28315000000,2815,28315000000,,0.0,-0.1149978799353466,-1.0835763040090399e-13,0.1149978799353466,0.001,1.149978799353466,10.0,0.0,1.0,0.0,0
28325000000,2816,28325000000,,0.0,-0.11499787993535016,-4.476425388663239e-13,0.11499787993535016,0.001,1.149978799355278,10.0,0.0,1.0,0.0,0
28335000000,2817,28335000000,,0.0,-0.11499787993535371,-4.209966674499069e-13,0.11499787993535371,0.001,1.1499787993553134,10.0,0.0,1.0,0.0,0
28345000000,2818,28345000000,,0.0,-0.11499787993535548,-3.7037033718754995e-13,0.11499787993535548,0.001,1.1499787993535548,10.0,0.0,1.0,0.0,0
28355000000,2819,28355000000,,0.0,-0.11499787993535904,-4.010123579693051e-13,0.11499787993535904,0.001,1.1499787993535904,10.0,0.0,1.0,0.0,0
28365000000,2820,28365000000,,0.0,-0.11499787993536259,-5.067056452501491e-13,0.11499787993536259,0.001,1.1499787993554023,10.0,0.0,1.0,0.0,0
28375000000,2821,28375000000,,0.0,-0.11499787993536437,-1.745271549158192e-13,0.11499787993536437,0.001,1.1499787993536437,10.0,0.0,1.0,0.0,0
28385000000,2822,28385000000,,0.0,-0.11499787993536614,-9.1926401379281e-14,0.11499787993536614,0.001,1.1499787993536614,10.0,0.0,1.0,0.0,0
28395000000,2823,28395000000,,0.0,-0.11499787993536792,-1.0436110864060323e-13,0.11499787993536792,0.001,1.1499787993536792,10.0,0.0,1.0,0.0,0
28405000000,2824,28405000000,,0.0,-0.1149978799353697,-2.57571589202571e-13,0.1149978799353697,0.001,1.1499787993554733,10.0,0.0,1.0,0.0,0
28415000000,2825,28415000000,,0.0,-0.1149978799353697,-2.3092705568953846e-13,0.1149978799353697,0.001,1.149978799353697,10.0,0.0,1.0,0.0,0
28425000000,2826,28425000000,,0.0,-0.11499787993537147,-8.260039838347252e-14,0.11499787993537147,0.001,1.1499787993537147,10.0,0.0,1.0,0.0,0
28435000000,2827,28435000000,,0.0,-0.11499787993537147,-7.10543162177944e-14,0.11499787993537147,0.001,1.1499787993537147,10.0,0.0,1.0,0.0,0
28445000000,2828,28445000000,,0.0,-0.11499787993537147,-2.371435241094817e-13,0.11499787993537147,0.001,1.1499787993537147,10.0,0.0,1.0,0.0,0
28455000000,2829,28455000000,,0.0,-0.11499787993537325,-1.1235502468705782e-13,0.11499787993537325,0.001,1.1499787993537325,10.0,0.0,1.0,0.0,0
28465000000,2830,28465000000,,0.0,-0.11499787993537325,3.552603767223385e-15,0.11499787993537325,0.001,1.1499787993537325,10.0,0.0,1.0,0.0,0
28475000000,2831,28475000000,,0.0,-0.11499787993537325,2.886568738027353e-14,0.11499787993537325,0.001,1.1499787993537325,10.0,0.0,1.0,0.0,0
28485000000,2832,28485000000,,0.0,-0.11499787993537325,8.970575145694406e-14,0.11499787993537325,0.001,1.1499787993537325,10.0,0.0,1.0,0.0,0
28495000000,2833,28495000000,,0.0,-0.11499787993537325,7.105480552797137e-15,0.11499787993537325,0.001,1.1499787993537325,10.0,0.0,1.0,0.0,0
28505000000,2834,28505000000,,0.0,-0.11499787993537325,1.3766817243194929e-14,0.11499787993537325,0.001,1.1499787993537325,10.0,0.0,1.0,0.0,0
28515000000,2835,28515000000,,0.0,-0.11499787993537325,2.2204513346272297e-14,0.11499787993537325,0.001,1.1499787993537325,10.0,0.0,1.0,0.0,0
28525000000,2836,28525000000,,0.0,-0.11499787993537325,1.554316964837543e-14,0.11499787993537325,0.001,1.1499787993537325,10.0,0.0,1.0,0.0,0
28535000000,2837,28535000000,,0.0,-0.11499787993537325,-3.3306811076737806e-14,0.11499787993537325,0.001,1.1499787993537325,10.0,0.0,1.0,0.0,0
28545000000,2838,28545000000,,0.0,-0.11499787993537325,9.592330851988446e-14,0.11499787993537325,0.001,1.1499787993537325,10.0,0.0,1.0,0.0,0
28555000000,2839,28555000000,,0.0,-0.11499787993537325,2.2204505870741057e-14,0.11499787993537325,0.001,1.1499787993537325,10.0,0.0,1.0,0.0,0
28565000000,2840,28565000000,,0.0,-0.11499787993537325,8.43773482255176e-15,0.11499787993537325,0.001,1.1499787993537325,10.0,0.0,1.0,0.0,0
28575000000,2841,28575000000,,0.0,-0.11499787993537325,1.9095869545671135e-14,0.11499787993537325,0.001,1.1499787993537325,10.0,0.0,1.0,0.0,0
28585000000,2842,28585000000,,0.0,-0.11499787993537325,6.528116035199267e-14,0.11499787993537325,0.001,1.1499787993537325,10.0,0.0,1.0,0.0,0
28595000000,2843,28595000000,,0.0,-0.11499787993537325,6.483688277835947e-14,0.11499787993537325,0.001,1.1499787993537325,10.0,0.0,1.0,0.0,0
28605000000,2844,28605000000,,0.0,-0.11499787993537325,2.3980870422561438e-14,0.11499787993537325,0.001,1.1499787993537325,10.0,0.0,1.0,0.0,0
28615000000,2845,28615000000,,0.0,-0.11499787993537236,6.306061520115911e-14,0.11499787993537236,0.001,1.1499787993537236,10.0,0.0,1.0,0.0,0
28625000000,2846,28625000000,,0.0,-0.11499787993537236,1.0791363212726066e-13,0.11499787993537236,0.001,1.1499787993537236,10.0,0.0,1.0,0.0,0
28635000000,2847,28635000000,,0.0,-0.11499787993537147,7.105456227217035e-14,0.11499787993537147,0.001,1.1499787993537147,10.0,0.0,1.0,0.0,0
28645000000,2848,28645000000,,0.0,-0.11499787993537058,4.4409411107534195e-15,0.11499787993537058,0.001,1.1499787993537058,10.0,0.0,1.0,0.0,0
28655000000,2849,28655000000,,0.0,-0.11499787993537058,3.1085285899376543e-15,0.11499787993537058,0.001,1.1499787993537058,10.0,0.0,1.0,0.0,0
28665000000,2850,28665000000,,0.0,-0.11499787993537058,5.1514576911649626e-14,0.11499787993537058,0.001,1.1499787993537058,10.0,0.0,1.0,0.0,0
28675000000,2851,28675000000,,0.0,-0.11499787993537058,4.840595608381298e-14,0.11499787993537058,0.001,1.1499787993537058,10.0,0.0,1.0,0.0,0
28685000000,2852,28685000000,,0.0,-0.11499787993537058,1.4876961053498627e-13,0.11499787993537058,0.001,1.1499787993537058,10.0,0.0,1.0,0.0,0
28695000000,2853,28695000000,,0.0,-0.1149978799353697,7.993561370192588e-14,0.1149978799353697,0.001,1.149978799353697,10.0,0.0,1.0,0.0,0
28705000000,2854,28705000000,,0.0,-0.1149978799353697,8.659728994034283e-14,0.1149978799353697,0.001,1.149978799353697,10.0,0.0,1.0,0.0,0
28715000000,2855,28715000000,,0.0,-0.1149978799353697,5.4178636234036807e-14,0.1149978799353697,0.001,1.149978799353697,10.0,0.0,1.0,0.0,0
28725000000,2856,28725000000,,0.0,-0.11499787993536881,2.797760091036746e-13,0.11499787993536881,0.001,1.1499787993528,10.0,0.0,1.0,0.0,0
28735000000,2857,28735000000,,0.0,-0.11499787993536881,1.6431271819233054e-14,0.11499787993536881,0.001,1.149978799353688,10.0,0.0,1.0,0.0,0
28745000000,2858,28745000000,,0.0,-0.11499787993536881,-4.440896354147165e-14,0.11499787993536881,0.001,1.149978799353688,10.0,0.0,1.0,0.0,0
28755000000,2859,28755000000,,0.0,-0.11499787993536881,-4.218868396313185e-14,0.11499787993536881,0.001,1.149978799353688,10.0,0.0,1.0,0.0,0
28765000000,2860,28765000000,,0.0,-0.11499787993536881,-2.975418894810424e-14,0.11499787993536881,0.001,1.149978799353688,10.0,0.0,1.0,0.0,0
28775000000,2861,28775000000,,0.0,-0.11499787993536881,-2.8421919592312824e-14,0.11499787993536881,0.001,1.149978799353688,10.0,0.0,1.0,0.0,0
28785000000,2862,28785000000,,0.0,-0.11499787993536881,-2.7089653719585956e-14,0.11499787993536881,0.001,1.149978799353688,10.0,0.0,1.0,0.0,0
28795000000,2863,28795000000,,0.0,-0.11499787993536881,-2.4869207639893882e-14,0.11499787993536881,0.001,1.149978799353688,10.0,0.0,1.0,0.0,0
28805000000,2864,28805000000,,0.0,-0.11499787993536881,-2.353693834511355e-14,0.11499787993536881,0.001,1.149978799353688,10.0,0.0,1.0,0.0,0
28815000000,2865,28815000000,,0.0,-0.11499787993536881,-2.1316492295927024e-14,0.11499787993536881,0.001,1.149978799353688,10.0,0.0,1.0,0.0,0
28825000000,2866,28825000000,,0.0,-0.11499787993536881,-1.6875602508871072e-14,0.11499787993536881,0.001,1.149978799353688,10.0,0.0,1.0,0.0,0
28835000000,2867,28835000000,,0.0,-0.11499787993536881,-4.707366214891201e-14,0.11499787993536881,0.001,1.149978799353688,10.0,0.0,1.0,0.0,0
28845000000,2868,28845000000,,0.0,-0.11499787993536881,4.3076448716757334e-14,0.11499787993536881,0.001,1.149978799353688,10.0,0.0,1.0,0.0,0
28855000000,2869,28855000000,,0.0,-0.11499787993536881,5.1070054585345476e-14,0.11499787993536881,0.001,1.149978799353688,10.0,0.0,1.0,0.0,0
28865000000,2870,28865000000,,0.0,-0.11499787993536881,5.817548360801078e-14,0.11499787993536881,0.001,1.149978799353688,10.0,0.0,1.0,0.0,0
28875000000,2871,28875000000,,0.0,-0.11499787993536881,2.0161680694715112e-13,0.11499787993536881,0.001,1.149978799353688,10.0,0.0,1.0,0.0,0
28885000000,2872,28885000000,,0.0,-0.11499787993536881,6.794580860272091e-14,0.11499787993536881,0.001,1.149978799353688,10.0,0.0,1.0,0.0,0
28895000000,2873,28895000000,,0.0,-0.11499787993536881,8.215648498502696e-14,0.11499787993536881,0.001,1.149978799353688,10.0,0.0,1.0,0.0,0
28905000000,2874,28905000000,,0.0,-0.11499787993536881,8.792964773839329e-14,0.11499787993536881,0.001,1.149978799353688,10.0,0.0,1.0,0.0,0
28915000000,2875,28915000000,,0.0,-0.11499787993536792,7.904752712692267e-14,0.11499787993536792,0.001,1.1499787993536792,10.0,0.0,1.0,0.0,0
28925000000,2876,28925000000,,0.0,-0.11499787993536792,9.059385368170833e-14,0.11499787993536792,0.001,1.1499787993536792,10.0,0.0,1.0,0.0,0
28935000000,2877,28935000000,,0.0,-0.11499787993536792,3.286223858385928e-14,0.11499787993536792,0.001,1.1499787993536792,10.0,0.0,1.0,0.0,0
28945000000,2878,28945000000,,0.0,-0.11499787993536792,2.753316316152302e-14,0.11499787993536792,0.001,1.1499787993536792,10.0,0.0,1.0,0.0,0
28955000000,2879,28955000000,,0.0,-0.11499787993536792,2.176000676417487e-14,0.11499787993536792,0.001,1.1499787993536792,10.0,0.0,1.0,0.0,0
28965000000,2880,28965000000,,0.0,-0.11499787993536792,1.731911133526499e-14,0.11499787993536792,0.001,1.1499787993536792,10.0,0.0,1.0,0.0,0
28975000000,2881,28975000000,,0.0,-0.11499787993536792,1.2434130088065724e-14,0.11499787993536792,0.001,1.1499787993536792,10.0,0.0,1.0,0.0,0
28985000000,2882,28985000000,,0.0,-0.11499787993536792,6.660975294974888e-15,0.11499787993536792,0.001,1.1499787993536792,10.0,0.0,1.0,0.0,0
28995000000,2883,28995000000,,0.0,-0.11499787993536792,1.775994017270073e-15,0.11499787993536792,0.001,1.1499787993536792,10.0,0.0,1.0,0.0,0
29005000000,2884,29005000000,,0.0,-0.11499787993536792,-3.9971690411517215e-15,0.11499787993536792,0.001,1.1499787993536792,10.0,0.0,1.0,0.0,0
29015000000,2885,29015000000,,0.0,-0.11499787993536792,-8.882150318856537e-15,0.11499787993536792,0.001,1.1499787993536792,10.0,0.0,1.0,0.0,0
29025000000,2886,29025000000,,0.0,-0.11499787993536792,-1.4655308442484195e-14,0.11499787993536792,0.001,1.1499787993536792,10.0,0.0,1.0,0.0,0
29035000000,2887,29035000000,,0.0,-0.11499787993536792,-1.998438232157423e-14,0.11499787993536792,0.001,1.1499787993536792,10.0,0.0,1.0,0.0,0
29045000000,2888,29045000000,,0.0,-0.11499787993536792,-2.4869363629784592e-14,0.11499787993536792,0.001,1.1499787993536792,10.0,0.0,1.0,0.0,0
29055000000,2889,29055000000,,0.0,-0.11499787993536792,-3.0198430725778796e-14,0.11499787993536792,0.001,1.1499787993536792,10.0,0.0,1.0,0.0,0
29065000000,2890,29065000000,,0.0,-0.11499787993536792,-3.5083415334020435e-14,0.11499787993536792,0.001,1.1499787993536792,10.0,0.0,1.0,0.0,0
29075000000,2891,29075000000,,0.0,-0.11499787993536792,-2.9754342291116836e-14,0.11499787993536792,0.001,1.1499787993536792,10.0,0.0,1.0,0.0,0
29085000000,2892,29085000000,,0.0,-0.11499787993536792,-2.9310255697652096e-14,0.11499787993536792,0.001,1.1499787993536792,10.0,0.0,1.0,0.0,0
29095000000,2893,29095000000,,0.0,-0.11499787993536792,-3.4195235340594055e-14,0.11499787993536792,0.001,1.1499787993536792,10.0,0.0,1.0,0.0,0
29105000000,2894,29105000000,,0.0,-0.11499787993536792,-3.9524302467093807e-14,0.11499787993536792,0.001,1.1499787993536792,10.0,0.0,1.0,0.0,0
29115000000,2895,29115000000,,0.0,-0.11499787993536792,-4.3965197957014775e-14,0.11499787993536792,0.001,1.1499787993536792,10.0,0.0,1.0,0.0,0
29125000000,2896,29125000000,,0.0,-0.11499787993536792,-4.929426677928848e-14,0.11499787993536792,0.001,1.1499787993536792,10.0,0.0,1.0,0.0,0
29135000000,2897,29135000000,,0.0,-0.11499787993536792,-5.4179249813778357e-14,0.11499787993536792,0.001,1.1499787993536792,10.0,0.0,1.0,0.0,0
29145000000,2898,29145000000,,0.0,-0.11499787993536792,-6.572539071098508e-14,0.11499787993536792,0.001,1.1499787993536792,10.0,0.0,1.0,0.0,0
29155000000,2899,29155000000,,0.0,-0.11499787993536792,-5.817587394274871e-14,0.11499787993536792,0.001,1.1499787993536792,10.0,0.0,1.0,0.0,0
29165000000,2900,29165000000,,0.0,-0.11499787993536792,-6.39490319443542e-14,0.11499787993536792,0.001,1.1499787993536792,10.0,0.0,1.0,0.0,0
29175000000,2901,29175000000,,0.0,-0.11499787993536792,-6.972219170274472e-14,0.11499787993536792,0.001,1.1499787993536792,10.0,0.0,1.0,0.0,0
29185000000,2902,29185000000,,0.0,-0.11499787993536792,-5.240271630720982e-14,0.11499787993536792,0.001,1.1499787993536792,10.0,0.0,1.0,0.0,0
29195000000,2903,29195000000,,0.0,-0.11499787993536792,-5.773178137186905e-14,0.11499787993536792,0.001,1.1499787993536792,10.0,0.0,1.0,0.0,0
29205000000,2904,29205000000,,0.0,-0.11499787993536792,-6.217267516601606e-14,0.11499787993536792,0.001,1.1499787993536792,10.0,0.0,1.0,0.0,0
29215000000,2905,29215000000,,0.0,-0.11499787993536792,-6.705765641321534e-14,0.11499787993536792,0.001,1.1499787993536792,10.0,0.0,1.0,0.0,0
29225000000,2906,29225000000,,0.0,-0.11499787993536792,-7.194263775193124e-14,0.11499787993536792,0.001,1.1499787993536792,10.0,0.0,1.0,0.0,0
29235000000,2907,29235000000,,0.0,-0.11499787993536792,-7.682761909064714e-14,0.11499787993536792,0.001,1.1499787993536792,10.0,0.0,1.0,0.0,0
29245000000,2908,29245000000,,0.0,-0.11499787993536792,-6.927810246240186e-14,0.11499787993536792,0.001,1.1499787993536792,10.0,0.0,1.0,0.0,0
29255000000,2909,29255000000,,0.0,-0.11499787993536792,-1.181275826379189e-13,0.11499787993536792,0.001,1.1499787993536792,10.0,0.0,1.0,0.0,0
29265000000,2910,29265000000,,0.0,-0.11499787993536792,-4.6185293530507386e-14,0.11499787993536792,0.001,1.1499787993536792,10.0,0.0,1.0,0.0,0
29275000000,2911,29275000000,,0.0,-0.11499787993536792,-4.4408919656110864e-14,0.11499787993536792,0.001,1.1499787993536792,10.0,0.0,1.0,0.0,0
29285000000,2912,29285000000,,0.0,-0.11499787993536792,-5.062617365064947e-14,0.11499787993536792,0.001,1.1499787993536792,10.0,0.0,1.0,0.0,0
29295000000,2913,29295000000,,0.0,-0.11499787993536792,-5.5955242533934275e-14,0.11499787993536792,0.001,1.1499787993536792,10.0,0.0,1.0,0.0,0
29305000000,2914,29305000000,,0.0,-0.11499787993536792,-5.284661627778253e-14,0.11499787993536792,0.001,1.1499787993536792,10.0,0.0,1.0,0.0,0
29315000000,2915,29315000000,,0.0,-0.11499787993536792,-5.684341916631828e-14,0.11499787993536792,0.001,1.1499787993536792,10.0,0.0,1.0,0.0,0
29325000000,2916,29325000000,,0.0,-0.11499787993536792,-6.17284004440231e-14,0.11499787993536792,0.001,1.1499787993536792,10.0,0.0,1.0,0.0,0
29335000000,2917,29335000000,,0.0,-0.11499787993536792,-6.794565107751933e-14,0.11499787993536792,0.001,1.1499787993536792,10.0,0.0,1.0,0.0,0
29345000000,2918,29345000000,,0.0,-0.11499787993536792,-7.149836481722886e-14,0.11499787993536792,0.001,1.1499787993536792,10.0,0.0,1.0,0.0,0
29355000000,2919,29355000000,,0.0,-0.11499787993536792,-7.682743693953386e-14,0.11499787993536792,0.001,1.1499787993536792,10.0,0.0,1.0,0.0,0
29365000000,2920,29365000000,,0.0,-0.11499787993536881,2.3891980234732693e-13,0.11499787993536881,0.001,1.1499787993528,10.0,0.0,1.0,0.0,0
29375000000,2921,29375000000,,0.0,-0.11499787993536881,3.109095626575869e-15,0.11499787993536881,0.001,1.149978799353688,10.0,0.0,1.0,0.0,0
29385000000,2922,29385000000,,0.0,-0.11499787993536881,-1.6874908020483775e-14,0.11499787993536881,0.001,1.149978799353688,10.0,0.0,1.0,0.0,0
