%time,field.header.seq,field.header.stamp,field.header.frame_id,field.set_point,field.process_value,field.process_value_dot,field.error,field.time_step,field.command,field.p,field.i,field.d,field.i_clamp,field.antiwindup
12782000000,1264,12781000000,,0.0,-0.00012182791381842861,-0.08301392915196436,0.00012182791381842861,0.001,0.29176758881999376,10.0,3.0,3.5,5.0,0
12791000000,1265,12791000000,,0.0,-0.0014925228207083308,-1.2910275036086012,0.0014925228207083308,0.001,4.533544558943224,10.0,3.0,3.5,5.0,0
12801000000,1266,12801000000,,0.0,-0.003260041993035756,-1.340968603233872,0.003260041993035756,0.001,4.7260701505884795,10.0,3.0,3.5,5.0,0
12811000000,1267,12811000000,,0.0,-0.00528571228814112,-1.3683332675531934,0.00528571228814112,0.001,4.842217621821413,10.0,3.0,3.5,5.0,0
12821000000,1268,12821000000,,0.0,-0.008232475106172643,-1.451845121611517,0.008232475106172643,0.001,5.164161949217904,10.0,3.0,3.5,5.0,0
12831000000,1269,12831000000,,0.0,-0.011775688531639794,-1.4637537244969978,0.011775688531639794,0.001,5.241560807493105,10.0,3.0,3.5,5.0,0
12841000000,1270,12841000000,,0.0,-0.015848750442938098,-1.5561310946495355,0.015848750442938098,0.001,5.606018723479332,10.0,3.0,3.5,5.0,0
12851000000,1271,12851000000,,0.0,-0.01979307982263201,-1.4566776534055321,0.01979307982263201,0.001,5.297893574696354,10.0,3.0,3.5,5.0,0
12861000000,1272,12861000000,,0.0,-0.024063138340911117,-1.5565385836303243,0.024063138340911117,0.001,5.690765711069895,10.0,3.0,3.5,5.0,0
12871000000,1273,12871000000,,0.0,-0.02796641344791162,-1.4396226354840032,0.02796641344791162,0.001,5.321355110061323,10.0,3.0,3.5,5.0,0
12881000000,1274,12881000000,,0.0,-0.0321159422976649,-1.5358518848680298,0.0321159422976649,0.001,5.700557314325695,10.0,3.0,3.5,5.0,0
12891000000,1275,12891000000,,0.0,-0.03584278370445659,-1.4140284967946037,0.03584278370445659,0.001,5.312443299800234,10.0,3.0,3.5,5.0,0
12901000000,1276,12901000000,,0.0,-0.03979024971089462,-1.5084735306244978,0.03979024971089462,0.001,5.683614923263098,10.0,3.0,3.5,5.0,0
12911000000,1277,12911000000,,0.0,-0.043302609165001726,-1.3859935893599178,0.043302609165001726,0.001,5.29128350859044,10.0,3.0,3.5,5.0,0
12921000000,1278,12921000000,,0.0,-0.04702740936461147,-1.479139774567554,0.04702740936461147,0.001,5.65590372085953,10.0,3.0,3.5,5.0,0
12931000000,1279,12931000000,,0.0,-0.050319728668241304,-1.3575915841498432,0.050319728668241304,0.001,5.264845616325391,10.0,3.0,3.5,5.0,0
12941000000,1280,12941000000,,0.0,-0.05382209045678277,-1.4496573307527336,0.05382209045678277,0.001,5.623667308724485,10.0,3.0,3.5,5.0,0
12951000000,1281,12951000000,,0.0,-0.05689962862347908,-1.3296335497854899,0.05689962862347908,0.001,5.235996609802422,10.0,3.0,3.5,5.0,0
12961000000,1282,12961000000,,0.0,-0.06018652833910565,-1.4206870340309568,0.06018652833910565,0.001,5.589314767364629,10.0,3.0,3.5,5.0,0
12971000000,1283,12971000000,,0.0,-0.06305798102207305,-1.3024435699463595,0.06305798102207305,0.001,5.2060016734045185,10.0,3.0,3.5,5.0,0
12981000000,1284,12981000000,,0.0,-0.0661385927566176,-1.392536508943645,0.0661385927566176,0.001,5.554076256538171,10.0,3.0,3.5,5.0,0
12991000000,1285,12991000000,,0.0,-0.06881362334366337,-1.2761826075267466,0.06881362334366337,0.001,5.17558781394145,10.0,3.0,3.5,5.0,0
13001000000,1286,13001000000,,0.0,-0.07169768235818008,-1.3653555457990043,0.07169768235818008,0.001,5.518645945950844,10.0,3.0,3.5,5.0,0
13011000000,1287,13011000000,,0.0,-0.07418606913067638,-1.250935680521088,0.07418606913067638,0.001,5.14522417007943,10.0,3.0,3.5,5.0,0
13021000000,1288,13021000000,,0.0,-0.07688333338999787,-1.339232895290563,0.07688333338999787,0.001,5.483506915388174,10.0,3.0,3.5,5.0,0
13031000000,1289,13031000000,,0.0,-0.07919467775453892,-1.2267525662338186,0.07919467775453892,0.001,5.1152561747421865,10.0,3.0,3.5,5.0,0
13041000000,1290,13041000000,,0.0,-0.08171471702324062,-1.3142198360689517,0.08171471702324062,0.001,5.4490085999313,10.0,3.0,3.5,5.0,0
13051000000,1291,13051000000,,0.0,-0.08385833591176528,-1.203659619763229,0.08385833591176528,0.001,5.085943710795069,10.0,3.0,3.5,5.0,0
13061000000,1292,13061000000,,0.0,-0.08621045175454523,-1.2903447824304382,0.08621045175454523,0.001,5.4154160102368225,10.0,3.0,3.5,5.0,0
13071000000,1293,13071000000,,0.0,-0.08819533637056765,-1.181667005251157,0.08819533637056765,0.001,5.0574851720547604,10.0,3.0,3.5,5.0,0
13081000000,1294,13081000000,,0.0,-0.09038852230446803,-1.2676184298009552,0.09038852230446803,0.001,5.382926893864663,10.0,3.0,3.5,5.0,0
13091000000,1295,13091000000,,0.0,-0.09222332004932898,-1.1607721090067544,0.09222332004932898,0.001,5.03002879076596,10.0,3.0,3.5,5.0,0
13101000000,1296,13101000000,,0.0,-0.09426624102710779,-1.2460380071347972,0.09426624102710779,0.001,5.3516861934995035,10.0,3.0,3.5,5.0,0
13111000000,1297,13111000000,,0.0,-0.09595924755252927,-1.1409623434641654,0.09595924755252927,0.001,5.003682125380541,10.0,3.0,3.5,5.0,0
13121000000,1298,13121000000,,0.0,-0.09786022766651126,-1.2255899946666715,0.09786022766651126,0.001,5.321795316013814,10.0,3.0,3.5,5.0,0
13131000000,1299,13131000000,,0.0,-0.09941938396527128,-1.1222172165674678,0.09941938396527128,0.001,4.978519109171096,10.0,3.0,3.5,5.0,0
13141000000,1300,13141000000,,0.0,-0.10118639993459944,-1.2062525086240967,0.10118639993459944,0.001,5.293320343594309,10.0,3.0,3.5,5.0,0
13151000000,1301,13151000000,,0.0,-0.10261929285326854,-1.1045101197616667,0.10261929285326854,0.001,4.954586205690793,10.0,3.0,3.5,5.0,0
13161000000,1302,13161000000,,0.0,-0.10425997153114963,-1.1879972017831701,0.10425997153114963,0.001,5.266298624354316,10.0,3.0,3.5,5.0,0
13171000000,1303,13171000000,,0.0,-0.10557383686842314,-1.0878098011748878,0.10557383686842314,0.001,4.931907528495669,10.0,3.0,3.5,5.0,0
13181000000,1304,13181000000,,0.0,-0.10709545610975724,-1.170790880501754,0.10709545610975724,0.001,5.240744430233752,10.0,3.0,3.5,5.0,0
13191000000,1305,13191000000,,0.0,-0.10829718385437559,-1.072081610588645,0.10829718385437559,0.001,4.910489217553829,10.0,3.0,3.5,5.0,0
13201000000,1306,13201000000,,0.0,-0.10970667610350127,-1.1545968343069275,0.10970667610350127,0.001,5.216653657739961,10.0,3.0,3.5,5.0,0
13211000000,1307,13211000000,,0.0,-0.11080281743623921,-1.0572885295385237,0.11080281743623921,0.001,4.89032310901941,10.0,3.0,3.5,5.0,0
13221000000,1308,13221000000,,0.0,-0.11210677556707971,-1.13937593696087,0.11210677556707971,0.001,5.1940077696390965,10.0,3.0,3.5,5.0,0
13231000000,1309,13231000000,,0.0,-0.1131035513084111,-1.0433920217910482,0.1131035513084111,0.001,4.871389814169809,10.0,3.0,3.5,5.0,0
13241000000,1310,13241000000,,0.0,-0.1143082362751997,-1.1250875441329407,0.1143082362751997,0.001,5.172777058118772,10.0,3.0,3.5,5.0,0
13251000000,1311,13251000000,,0.0,-0.11521154648452558,-1.030352726528922,0.11521154648452558,0.001,4.853661278473558,10.0,3.0,3.5,5.0,0
13261000000,1312,13261000000,,0.0,-0.11632289640418225,-1.1116902212134543,0.11632289640418225,0.001,5.152923340227871,10.0,3.0,3.5,5.0,0
13271000000,1313,13271000000,,0.0,-0.11713833086721248,-1.0181310184979593,0.11713833086721248,0.001,4.837102899290864,10.0,3.0,3.5,5.0,0
13281000000,1314,13281000000,,0.0,-0.11816197119645189,-1.0991423266093672,0.11816197119645189,0.001,5.134402168469509,10.0,3.0,3.5,5.0,0
13291000000,1315,13291000000,,0.0,-0.11889482056583933,-1.0066874552320804,0.11889482056583933,0.001,4.821675267121086,10.0,3.0,3.5,5.0,0
13301000000,1316,13301000000,,0.0,-0.11983607508346772,-1.0874024745123043,0.11983607508346772,0.001,5.1171646353726965,10.0,3.0,3.5,5.0,0
13311000000,1317,13311000000,,0.0,-0.1204913424675329,-0.9959831296598183,0.1204913424675329,0.001,4.807335589572093,10.0,3.0,3.5,5.0,0
13321000000,1318,13321000000,,0.0,-0.12135524481384952,-1.076429897097554,0.12135524481384952,0.001,5.101158837375026,10.0,3.0,3.5,5.0,0
13331000000,1319,13331000000,,0.0,-0.12193765763687736,-0.9859799437294594,0.12193765763687736,0.001,4.794038848524119,10.0,3.0,3.5,5.0,0
13341000000,1320,13341000000,,0.0,-0.12272896320151894,-1.0661847236320101,0.12272896320151894,0.001,5.086331055504762,10.0,3.0,3.5,5.0,0
13351000000,1321,13351000000,,0.0,-0.12324298518589849,-0.9766408166134185,0.12324298518589849,0.001,4.781738734405938,10.0,3.0,3.5,5.0,0
13361000000,1322,13361000000,,0.0,-0.12396618317002783,-1.0566281910671307,0.12396618317002783,0.001,5.072626700547349,10.0,3.0,3.5,5.0,0
13371000000,1323,13371000000,,0.0,-0.12441602631533488,-0.9679298389591005,0.12441602631533488,0.001,4.770388394875706,10.0,3.0,3.5,5.0,0
13381000000,1324,13381000000,,0.0,-0.1250753518251102,-1.0477227985682747,0.1250753518251102,0.001,5.0599910637970105,10.0,3.0,3.5,5.0,0
13391000000,1325,13391000000,,0.0,-0.12546498828109787,-0.959812382948665,0.12546498828109787,0.001,4.759941029425836,10.0,3.0,3.5,5.0,0
13401000000,1326,13401000000,,0.0,-0.12606443433605286,-1.0394324163041977,0.12606443433605286,0.001,5.048369907081355,10.0,3.0,3.5,5.0,0
13411000000,1327,13411000000,,0.0,-0.12639760808629408,-0.9522551763286979,0.12639760808629408,0.001,4.75035035662895,10.0,3.0,3.5,5.0,0
13421000000,1328,13421000000,,0.0,-0.12694093744957424,-1.0317223571856524,0.12694093744957424,0.001,5.0377099209433105,10.0,3.0,3.5,5.0,0
13431000000,1329,13431000000,,0.0,-0.12722117573933822,-0.9452263472906738,0.12722117573933822,0.001,4.741570976351699,10.0,3.0,3.5,5.0,0
13441000000,1330,13441000000,,0.0,-0.1277119324963838,-1.0245594187568197,0.1277119324963838,0.001,5.027959074580865,10.0,3.0,3.5,5.0,0
13451000000,1331,13451000000,,0.0,-0.1279425569530499,-0.9386954458953161,0.1279425569530499,0.001,4.733558645718743,10.0,3.0,3.5,5.0,0
13461000000,1332,13461000000,,0.0,-0.12838407778219008,-1.0179119011842992,0.12838407778219008,0.001,5.019066877399864,10.0,3.0,3.5,5.0,0
13471000000,1333,13471000000,,0.0,-0.12856821518908212,-0.9326334468239256,0.12856821518908212,0.001,4.7262704844651875,10.0,3.0,3.5,5.0,0
13481000000,1334,13481000000,,0.0,-0.12896364028133256,-1.0117496063053966,0.12896364028133256,0.001,5.010984568500833,10.0,3.0,3.5,5.0,0
13491000000,1335,13491000000,,0.0,-0.12910423297637763,-0.9270127373542318,0.12910423297637763,0.001,4.719665122638348,10.0,3.0,3.5,5.0,0
13501000000,1336,13501000000,,0.0,-0.12945651657383372,-1.006043821795702,0.12945651657383372,0.001,5.0036652479320285,10.0,3.0,3.5,5.0,0
13511000000,1337,13511000000,,0.0,-0.1295563324532969,-0.9218070938542213,0.1295563324532969,0.001,4.713702801558675,10.0,3.0,3.5,5.0,0
13521000000,1338,13521000000,,0.0,-0.1298682529848625,-1.000767293807147,0.1298682529848625,0.001,4.997063960667107,10.0,3.0,3.5,5.0,0
13531000000,1339,13531000000,,0.0,-0.12992989509988195,-0.9169916494270618,0.12992989509988195,0.001,4.708345436964185,10.0,3.0,3.5,5.0,0
13541000000,1340,13541000000,,0.0,-0.1302040649013625,-0.9958941907969617,0.1302040649013625,0.001,4.991137742848444,10.0,3.0,3.5,5.0,0
13551000000,1341,13551000000,,0.0,-0.13022998064103675,-0.9125428549453152,0.13022998064103675,0.001,4.703556651800284,10.0,3.0,3.5,5.0,0
13561000000,1342,13561000000,,0.0,-0.13046885525296936,-0.9914000608231206,0.13046885525296936,0.001,4.985845637845786,10.0,3.0,3.5,5.0,0
13571000000,1343,13571000000,,0.0,-0.1304613451126908,-0.9084384352218706,0.1304613451126908,0.001,4.699301784830015,10.0,3.0,3.5,5.0,0
13581000000,1344,13581000000,,0.0,-0.1306672321546758,-0.9872617841202106,0.1306672321546758,0.001,4.981148688514461,10.0,3.0,3.5,5.0,0
13591000000,1345,13591000000,,0.0,-0.1306284580924899,-0.9046573418218905,0.1306284580924899,0.001,4.695547880097129,10.0,3.0,3.5,5.0,0
13601000000,1346,13601000000,,0.0,-0.13080352571691822,-0.9834575224067887,0.13080352571691822,0.001,4.9770099107082935,10.0,3.0,3.5,5.0,0
13611000000,1347,13611000000,,0.0,-0.13073551910381287,-0.9011797036605178,0.13073551910381287,0.001,4.692263661408391,10.0,3.0,3.5,5.0,0
13621000000,1348,13621000000,,0.0,-0.13088180403535965,-0.9799666661807814,0.13088180403535965,0.001,4.973394252584445,10.0,3.0,3.5,5.0,0
13631000000,1349,13631000000,,0.0,-0.1307864732079631,-0.8979867763745242,0.1307864732079631,0.001,4.689419495354047,10.0,3.0,3.5,5.0,0
13641000000,1350,13641000000,,0.0,-0.1309058883776606,-0.9767697808940962,0.1309058883776606,0.001,4.970268542783904,10.0,3.0,3.5,5.0,0
13651000000,1351,13651000000,,0.0,-0.13078502580376128,-0.8950608911963797,0.13078502580376128,0.001,4.686987345603182,10.0,3.0,3.5,5.0,0
13661000000,1352,13661000000,,0.0,-0.1308793675886104,-0.9738485528350717,0.1308793675886104,0.001,4.967601430750063,10.0,3.0,3.5,5.0,0
13671000000,1353,13671000000,,0.0,-0.13073465665732886,-0.8923854039643447,0.13073465665732886,0.001,4.684940720787617,10.0,3.0,3.5,5.0,0
13681000000,1354,13681000000,,0.0,-0.1308056117377827,-0.971185735268193,0.1308056117377827,0.001,4.96536332115282,10.0,3.0,3.5,5.0,0
13691000000,1355,13691000000,,0.0,-0.13063863318737123,-0.8899446447223937,0.13063863318737123,0.001,4.683254617835799,10.0,3.0,3.5,5.0,0
13701000000,1356,13701000000,,0.0,-0.13068778503623335,-0.9687650953687191,0.13068778503623335,0.001,4.963526304634528,10.0,3.0,3.5,5.0,0
13711000000,1357,13711000000,,0.0,-0.13050002303314123,-0.88772386830888,0.13050002303314123,0.001,4.681905462414699,10.0,3.0,3.5,5.0,0
13721000000,1358,13721000000,,0.0,-0.13052885804987735,-0.9665713622232746,0.13052885804987735,0.001,4.962064085962936,10.0,3.0,3.5,5.0,0
13731000000,1359,13731000000,,0.0,-0.13032170593319847,-0.8857092061703299,0.13032170593319847,0.001,4.680871047427459,10.0,3.0,3.5,5.0,0
13741000000,1360,13741000000,,0.0,-0.13033161923846226,-0.9645901762997189,0.13033161923846226,0.001,4.9609519112751865,10.0,3.0,3.5,5.0,0
13751000000,1361,13751000000,,0.0,-0.13010638494417037,-0.8838876196604019,0.13010638494417037,0.001,4.680130470838079,10.0,3.0,3.5,5.0,0
13761000000,1362,13761000000,,0.0,-0.13009868584924078,-0.9628080404594875,0.13009868584924078,0.001,4.9601664950249456,10.0,3.0,3.5,5.0,0
13771000000,1363,13771000000,,0.0,-0.12985659702857522,-0.8822468549356023,0.12985659702857522,0.001,4.679664073429416,10.0,3.0,3.5,5.0,0
13781000000,1364,13781000000,,0.0,-0.1298325141946517,-0.9612122727619141,0.1298325141946517,0.001,4.959685947571846,10.0,3.0,3.5,5.0,0
13791000000,1365,13791000000,,0.0,-0.12957472304107487,-0.8807753995832118,0.12957472304107487,0.001,4.679453377205133,10.0,3.0,3.5,5.0,0
13801000000,1366,13801000000,,0.0,-0.1295354093430694,-0.9597909610810307,0.1295354093430694,0.001,4.959489703928907,10.0,3.0,3.5,5.0,0
13811000000,1367,13811000000,,0.0,-0.12926299714186662,-0.8794624410123971,0.12926299714186662,0.001,4.679481024867769,10.0,3.0,3.5,5.0,0
13821000000,1368,13821000000,,0.0,-0.1292095342513102,-0.958532919661892,0.1292095342513102,0.001,4.959558454212703,10.0,3.0,3.5,5.0,0
13831000000,1369,13831000000,,0.0,-0.12892351566572557,-0.8782978266738819,0.12892351566572557,0.001,4.679730720668123,10.0,3.0,3.5,5.0,0
13841000000,1370,13841000000,,0.0,-0.12885691836697255,-0.9574276475872031,0.12885691836697255,0.001,4.959874076069288,10.0,3.0,3.5,5.0,0
13851000000,1371,13851000000,,0.0,-0.12855824547437145,-0.87727202611219,0.12855824547437145,0.001,4.68018717319416,10.0,3.0,3.5,5.0,0
13861000000,1372,13861000000,,0.0,-0.12847946572778746,-0.9564652891723963,0.12847946572778746,0.001,4.960419569242052,10.0,3.0,3.5,5.0,0
13871000000,1373,13871000000,,0.0,-0.1281690318189419,-0.8763760948098784,0.1281690318189419,0.001,4.680836039914359,10.0,3.0,3.5,5.0,0
13881000000,1374,13881000000,,0.0,-0.12807896258465234,-0.9556365963217429,0.12807896258465234,0.001,4.961178992817328,10.0,3.0,3.5,5.0,0
13891000000,1375,13891000000,,0.0,-0.1277576057387506,-0.8756016398489982,0.1277576057387506,0.001,4.681663873864112,10.0,3.0,3.5,5.0,0
13901000000,1376,13901000000,,0.0,-0.1276570845736451,-0.954932892708915,0.1276570845736451,0.001,4.9621374047014335,10.0,3.0,3.5,5.0,0
13911000000,1377,13911000000,,0.0,-0.12732559102122565,-0.8749407873012295,0.12732559102122565,0.001,4.68265807255412,10.0,3.0,3.5,5.0,0
13921000000,1378,13921000000,,0.0,-0.12721540346179872,-0.9543460398803806,0.12721540346179872,0.001,4.963280803998304,10.0,3.0,3.5,5.0,0
13931000000,1379,13931000000,,0.0,-0.12687451074728884,-0.8743861513411839,0.12687451074728884,0.001,4.683806829025581,10.0,3.0,3.5,5.0,0
13941000000,1380,13941000000,,0.0,-0.12675539349002474,-0.9538684050651351,0.12675539349002474,0.001,4.964596075763105,10.0,3.0,3.5,5.0,0
13951000000,1381,13951000000,,0.0,-0.12640579344504133,-0.8739308050019383,0.12640579344504133,0.001,4.685099085238041,10.0,3.0,3.5,5.0,0
13961000000,1382,13961000000,,0.0,-0.12627843733584676,-0.9534928307941882,0.12627843733584676,0.001,4.966070938596084,10.0,3.0,3.5,5.0,0
13971000000,1383,13971000000,,0.0,-0.12592077887391895,-0.8735682525252196,0.12592077887391895,0.001,4.6865244875908,10.0,3.0,3.5,5.0,0
13981000000,1384,13981000000,,0.0,-0.12578583171744562,-0.9532126061452022,0.12578583171744562,0.001,4.967693894772138,10.0,3.0,3.5,5.0,0
13991000000,1385,13991000000,,0.0,-0.1254207234603859,-0.8732924032489516,0.1254207234603859,0.001,4.688073344791949,10.0,3.0,3.5,5.0,0
14001000000,1386,14001000000,,0.0,-0.1252787926594312,-0.9530214395938902,0.1252787926594312,0.001,4.969454182809593,10.0,3.0,3.5,5.0,0
14011000000,1387,14011000000,,0.0,-0.12490680540495269,-0.8730975469471646,0.12490680540495269,0.001,4.68973658771789,10.0,3.0,3.5,5.0,0
14021000000,1388,14021000000,,0.0,-0.12475846044000072,-0.9529134334380879,0.12475846044000072,0.001,4.971341732798078,10.0,3.0,3.5,5.0,0
14031000000,1389,14031000000,,0.0,-0.12438012947990806,-0.8729783306038248,0.12438012947990806,0.001,4.69150573161223,10.0,3.0,3.5,5.0,0
14041000000,1390,14041000000,,0.0,-0.12422590423787128,-0.9528830596262777,0.12422590423787128,0.001,4.973347123848794,10.0,3.0,3.5,5.0,0
14051000000,1391,14051000000,,0.0,-0.12384173153539724,-0.8729297364855118,0.12384173153539724,0.001,4.693372840098445,10.0,3.0,3.5,5.0,0
14061000000,1392,14061000000,,0.0,-0.12368212649664301,-0.952925137043826,0.12368212649664301,0.001,4.975461544081189,10.0,3.0,3.5,5.0,0
14071000000,1393,14071000000,,0.0,-0.12329258273135402,-0.8729470615283549,0.12329258273135402,0.001,4.695330491350981,10.0,3.0,3.5,5.0,0
14081000000,1394,14081000000,,0.0,-0.12312806702322732,-0.9530348100972881,0.12312806702322732,0.001,4.977676752798548,10.0,3.0,3.5,5.0,0
14091000000,1395,14091000000,,0.0,-0.12273359351123414,-0.8730258979047131,0.12273359351123414,0.001,4.697371746095774,10.0,3.0,3.5,5.0,0
14101000000,1396,14101000000,,0.0,-0.12256460683607706,-0.9532075285637966,0.12256460683607706,0.001,4.979985044814085,10.0,3.0,3.5,5.0,0
14111000000,1397,14111000000,,0.0,-0.12216561733297748,-0.8731621147591189,0.12216561733297748,0.001,4.699490117417838,10.0,3.0,3.5,5.0,0
14121000000,1398,14121000000,,0.0,-0.12199257177811784,-0.9534390286450817,0.12199257177811784,0.001,4.98237921683196,10.0,3.0,3.5,5.0,0
14131000000,1399,14131000000,,0.0,-0.12158945417171463,-0.873351841021406,0.12158945417171463,0.001,4.7016795423887965,10.0,3.0,3.5,5.0,0
14141000000,1400,14141000000,,0.0,-0.1214127359085273,-0.9537253151567704,0.1214127359085273,0.001,4.9848525358120215,10.0,3.0,3.5,5.0,0
14151000000,1401,14151000000,,0.0,-0.12100585380788598,-0.8735914492600318,0.12100585380788598,0.001,4.703934355252341,10.0,3.0,3.5,5.0,0
14161000000,1402,14161000000,,0.0,-0.12082582468654923,-0.9540626447843412,0.12082582468654923,0.001,4.987398709219691,10.0,3.0,3.5,5.0,0
14171000000,1403,14171000000,,0.0,-0.12041551891364577,-0.8738775405024215,0.12041551891364577,0.001,4.706249262314919,10.0,3.0,3.5,5.0,0
14181000000,1404,14181000000,,0.0,-0.12023251795995193,-0.9544475103561119,0.12023251795995193,0.001,4.990011857044954,10.0,3.0,3.5,5.0,0
14191000000,1405,14191000000,,0.0,-0.11981910794980255,-0.8742069299816022,0.11981910794980255,0.001,4.708619318235914,10.0,3.0,3.5,5.0,0
14201000000,1406,14201000000,,0.0,-0.11963345276992143,-0.9548766260744654,0.11963345276992143,0.001,4.992686485466961,10.0,3.0,3.5,5.0,0
14211000000,1407,14211000000,,0.0,-0.11921723788473848,-0.8745766337454087,0.11921723788473848,0.001,4.711039903845583,10.0,3.0,3.5,5.0,0
14221000000,1408,14221000000,,0.0,-0.11902922598354415,-0.9553469136529142,0.11902922598354415,0.001,4.995417462221584,10.0,3.0,3.5,5.0,0
14231000000,1409,14231000000,,0.0,-0.11861048674612817,-0.8749838560924756,0.11861048674612817,0.001,4.7135067051969415,10.0,3.0,3.5,5.0,0
14241000000,1410,14241000000,,0.0,-0.11842039676434712,-0.955855489292069,0.11842039676434712,0.001,4.99819999336248,10.0,3.0,3.5,5.0,0
14251000000,1411,14251000000,,0.0,-0.11799939601563558,-0.8754259777724935,0.11799939601563558,0.001,4.716015694024472,10.0,3.0,3.5,5.0,0
14261000000,1412,14261000000,,0.0,-0.11780748889081494,-0.9563996514834934,0.11780748889081494,0.001,5.001029601580031,10.0,3.0,3.5,5.0,0
14271000000,1413,14271000000,,0.0,-0.11738447287624432,-0.8759005449241464,0.11738447287624432,0.001,4.718563109355168,10.0,3.0,3.5,5.0,0
14281000000,1414,14281000000,,0.0,-0.117190992932108,-0.9569768695360036,0.117190992932108,0.001,5.003902105701497,10.0,3.0,3.5,5.0,0
14291000000,1415,14291000000,,0.0,-0.11676619232110674,-0.876405258685484,0.11676619232110674,0.001,4.721145440209176,10.0,3.0,3.5,5.0,0
14301000000,1416,14301000000,,0.0,-0.1165713682897982,-0.9575847728354566,0.1165713682897982,0.001,5.006813601663642,10.0,3.0,3.5,5.0,0
14311000000,1417,14311000000,,0.0,-0.11614499913250054,-0.8769379654526273,0.11614499913250054,0.001,4.7237594094679,10.0,3.0,3.5,5.0,0
14321000000,1418,14321000000,,0.0,-0.11594904511378701,-0.9582211407724472,0.11594904511378701,0.001,5.009760444546725,10.0,3.0,3.5,5.0,0
14331000000,1419,14331000000,,0.0,-0.1155213097388792,-0.8774966477535611,0.1155213097388792,0.001,4.7264019587394115,10.0,3.0,3.5,5.0,0
14341000000,1420,14341000000,,0.0,-0.11532442610016957,-0.958883893286925,0.11532442610016957,0.001,5.012739231789942,10.0,3.0,3.5,5.0,0
14351000000,1421,14351000000,,0.0,-0.11489551395740705,-0.878079415674388,0.11489551395740705,0.001,4.729070234095252,10.0,3.0,3.5,5.0,0
14361000000,1422,14361000000,,0.0,-0.11469788817827453,-0.959571082003086,0.11469788817827453,0.001,5.015746787423698,10.0,3.0,3.5,5.0,0
14371000000,1423,14371000000,,0.0,-0.11426797662912414,-0.878684498831359,0.11426797662912414,0.001,4.731761572849117,10.0,3.0,3.5,5.0,0
14381000000,1424,14381000000,,0.0,-0.11406978409373636,-0.9602808819395061,0.11406978409373636,0.001,5.018780147374633,10.0,3.0,3.5,5.0,0
14391000000,1425,14391000000,,0.0,-0.11363903915336504,-0.8793102388484164,0.11363903915336504,0.001,4.734473491045763,10.0,3.0,3.5,5.0,0
14401000000,1426,14401000000,,0.0,-0.11344044389400132,-0.9610115837062266,0.11344044389400132,0.001,5.021836545658893,10.0,3.0,3.5,5.0,0
14411000000,1427,14411000000,,0.0,-0.11300902092747123,-0.8799550822898028,0.11300902092747123,0.001,4.737203671795471,10.0,3.0,3.5,5.0,0
14421000000,1428,14421000000,,0.0,-0.11281017632225243,-0.9617615862327505,0.11281017632225243,0.001,5.024913401480521,10.0,3.0,3.5,5.0,0
14431000000,1429,14431000000,,0.0,-0.11237822069797154,-0.880617574060728,0.11237822069797154,0.001,4.739949954417092,10.0,3.0,3.5,5.0,0
14441000000,1430,14441000000,,0.0,-0.11217927012546003,-0.9625293899015596,0.11217927012546003,0.001,5.02800830708777,10.0,3.0,3.5,5.0,0
14451000000,1431,14451000000,,0.0,-0.11174691782828372,-0.8812963511897596,0.11174691782828372,0.001,4.742710324142819,10.0,3.0,3.5,5.0,0
14461000000,1432,14461000000,,0.0,-0.111547995281847,-0.9633135901789726,0.111547995281847,0.001,5.031119016590666,10.0,3.0,3.5,5.0,0
14471000000,1433,14471000000,,0.0,-0.11111537348853151,-0.8819901370438925,0.11111537348853151,0.001,4.745482902640971,10.0,3.0,3.5,5.0,0
14481000000,1434,14481000000,,0.0,-0.11091660415271054,-0.9641128715772477,0.11091660415271054,0.001,5.034243435231216,10.0,3.0,3.5,5.0,0
14491000000,1435,14491000000,,0.0,-0.11048383177189347,-0.8826977358657124,0.11048383177189347,0.001,4.748265939023387,10.0,3.0,3.5,5.0,0
14501000000,1436,14501000000,,0.0,-0.11028533256334594,-0.9649260020583843,0.11028533256334594,0.001,5.0373796096031915,10.0,3.0,3.5,5.0,0
14511000000,1437,14511000000,,0.0,-0.10985252074232754,-0.8834180276880395,0.10985252074232754,0.001,4.751057801499734,10.0,3.0,3.5,5.0,0
14521000000,1438,14521000000,,0.0,-0.10965440081739963,-0.9657518277552,0.10965440081739963,0.001,5.040525718350814,10.0,3.0,3.5,5.0,0
14531000000,1439,14531000000,,0.0,-0.10922165341776591,-0.8841499635492819,0.10922165341776591,0.001,4.7538569695540325,10.0,3.0,3.5,5.0,0
14541000000,1440,14541000000,,0.0,-0.10902401464880462,-0.9665892680327975,0.10902401464880462,0.001,5.043680063502141,10.0,3.0,3.5,5.0,0
14551000000,1441,14551000000,,0.0,-0.10859142869277605,-0.8848925610167168,0.10859142869277605,0.001,4.756662026623672,10.0,3.0,3.5,5.0,0
14561000000,1442,14561000000,,0.0,-0.10839436611515119,-0.9674373108709098,0.10839436611515119,0.001,5.046841062403663,10.0,3.0,3.5,5.0,0
14571000000,1443,14571000000,,0.0,-0.1079620322045356,-0.8856448999960335,0.1079620322045356,0.001,4.759471653284767,10.0,3.0,3.5,5.0,0
14581000000,1444,14581000000,,0.0,-0.10776563443611842,-0.9682950085363836,0.10776563443611842,0.001,5.050007240127318,10.0,3.0,3.5,5.0,0
14591000000,1445,14591000000,,0.0,-0.1073336371455067,-0.8864061188025968,0.1073336371455067,0.001,4.76228462081902,10.0,3.0,3.5,5.0,0
14601000000,1446,14601000000,,0.0,-0.1071379867803639,-0.9691614735189804,0.1071379867803639,0.001,5.05317722243043,10.0,3.0,3.5,5.0,0
14611000000,1447,14611000000,,0.0,-0.10670640502617257,-0.8871754104761079,0.10670640502617257,0.001,4.765099785285849,10.0,3.0,3.5,5.0,0
14621000000,1448,14621000000,,0.0,-0.10651157900406716,-0.9700358747421681,0.10651157900406716,0.001,5.0563497291234745,10.0,3.0,3.5,5.0,0
14631000000,1449,14631000000,,0.0,-0.10608048639095102,-0.887952019341234,0.10608048639095102,0.001,4.767916081879356,10.0,3.0,3.5,5.0,0
14641000000,1450,14641000000,,0.0,-0.1058865563441076,-0.9709174339910595,0.1058865563441076,0.001,5.059523567860204,10.0,3.0,3.5,5.0,0
14651000000,1451,14651000000,,0.0,-0.10545602149012723,-0.8887352377738273,0.10545602149012723,0.001,4.77073251978236,10.0,3.0,3.5,5.0,0
14661000000,1452,14661000000,,0.0,-0.1052630540687236,-0.9718054225905497,0.1052630540687236,0.001,5.062697628425733,10.0,3.0,3.5,5.0,0
14671000000,1453,14671000000,,0.0,-0.10483314091053053,-0.8895244031716728,0.10483314091053053,0.001,4.773548177200227,10.0,3.0,3.5,5.0,0
14681000000,1454,14681000000,,0.0,-0.10464119808819738,-0.9726991582804628,0.10464119808819738,0.001,5.065870877271973,10.0,3.0,3.5,5.0,0
14691000000,1455,14691000000,,0.0,-0.10421196616756578,-0.8903188951268782,0.10421196616756578,0.001,4.776362196871773,10.0,3.0,3.5,5.0,0
14701000000,1456,14701000000,,0.0,-0.10402110552814214,-0.9735980022885611,0.10402110552814214,0.001,5.069042352510396,10.0,3.0,3.5,5.0,0
14711000000,1457,14711000000,,0.0,-0.10359261026092348,-0.8911181327667692,0.10359261026092348,0.001,4.77917378176738,10.0,3.0,3.5,5.0,0
14721000000,1458,14721000000,,0.0,-0.10340288526765917,-0.9745013565982479,0.10340288526765917,0.001,5.072211159214754,10.0,3.0,3.5,5.0,0
14731000000,1459,14731000000,,0.0,-0.10297517819629398,-0.8919215722770917,0.10297517819629398,0.001,4.7819821911508855,10.0,3.0,3.5,5.0,0
14741000000,1460,14741000000,,0.0,-0.10278663844446623,-0.9754086613639726,0.10278663844446623,0.001,5.075376464922167,10.0,3.0,3.5,5.0,0
14751000000,1461,14751000000,,0.0,-0.10235976747499631,-0.8927287045485078,0.10235976747499631,0.001,4.7847867367612675,10.0,3.0,3.5,5.0,0
14761000000,1462,14761000000,,0.0,-0.1021724589292079,-0.976319392546787,0.1021724589292079,0.001,5.078537495657418,10.0,3.0,3.5,5.0,0
14771000000,1463,14771000000,,0.0,-0.1017464685538707,-0.8935390530296854,0.1017464685538707,0.001,4.787586779483917,10.0,3.0,3.5,5.0,0
14781000000,1464,14781000000,,0.0,-0.10156043377064794,-0.9772330596213783,0.10156043377064794,0.001,5.081693531973405,10.0,3.0,3.5,5.0,0
14791000000,1465,14791000000,,0.0,-0.10113536527680633,-0.8943521716511155,0.10113536527680633,0.001,4.790381725995003,10.0,3.0,3.5,5.0,0
14801000000,1466,14801000000,,0.0,-0.10095064361370554,-0.9781492034915225,0.10095064361370554,0.001,5.0848439053862835,10.0,3.0,3.5,5.0,0
14811000000,1467,14811000000,,0.0,-0.10052653528004996,-0.8951676429284265,0.10052653528004996,0.001,4.793171025734491,10.0,3.0,3.5,5.0,0
14821000000,1468,14821000000,,0.0,-0.10034316309193692,-0.9790673945159241,0.10034316309193692,0.001,5.08798799504566,10.0,3.0,3.5,5.0,0
14831000000,1469,14831000000,,0.0,-0.09992005037270069,-0.8959850761635783,0.09992005037270069,0.001,4.795954168145737,10.0,3.0,3.5,5.0,0
14841000000,1470,14841000000,,0.0,-0.09973806119602813,-0.97998723065344,0.09973806119602813,0.001,5.091125224591823,10.0,3.0,3.5,5.0,0
14851000000,1471,14851000000,,0.0,-0.09931597689395844,-0.8968041057653926,0.09931597689395844,0.001,4.798730679934744,10.0,3.0,3.5,5.0,0
14861000000,1472,14861000000,,0.0,-0.09913540161980183,-0.9809083357207019,0.09913540161980183,0.001,5.094255059145262,10.0,3.0,3.5,5.0,0
14871000000,1473,14871000000,,0.0,-0.09871437604862177,-0.8976243896708005,0.09871437604862177,0.001,4.801500122686013,10.0,3.0,3.5,5.0,0
14881000000,1474,14881000000,,0.0,-0.0985352430851707,-0.9818303577911305,0.0985352430851707,0.001,5.097377002702633,10.0,3.0,3.5,5.0,0
14891000000,1475,14891000000,,0.0,-0.09811530422207504,-0.8984456078754443,0.09811530422207504,0.001,4.804262090441993,10.0,3.0,3.5,5.0,0
14901000000,1476,14901000000,,0.0,-0.0979376396472107,-0.982752967664852,0.0979376396472107,0.001,5.100490595489566,10.0,3.0,3.5,5.0,0
14911000000,1477,14911000000,,0.0,-0.09751881327617618,-0.8992674610565013,0.09751881327617618,0.001,4.80701620770668,10.0,3.0,3.5,5.0,0
14921000000,1478,14921000000,,0.0,-0.097342640980707,-0.9836758574305199,0.097342640980707,0.001,5.103595411568736,10.0,3.0,3.5,5.0,0
14931000000,1479,14931000000,,0.0,-0.09692495082696961,-0.900089669260214,0.09692495082696961,0.001,4.809762127259802,10.0,3.0,3.5,5.0,0
14941000000,1480,14941000000,,0.0,-0.09675029264922408,-0.9845987391591858,0.09675029264922408,0.001,5.106691056662834,10.0,3.0,3.5,5.0,0
14951000000,1481,14951000000,,0.0,-0.09633376050567755,-0.9009119707112723,0.09633376050567755,0.001,4.812499528385684,10.0,3.0,3.5,5.0,0
14961000000,1482,14961000000,,0.0,-0.09616063635783512,-0.9855213436286151,0.09616063635783512,0.001,5.109777166003881,10.0,3.0,3.5,5.0,0
14971000000,1483,14971000000,,0.0,-0.09574528220367817,-0.9017341206595539,0.09574528220367817,0.001,4.8152281150566205,10.0,3.0,3.5,5.0,0
14981000000,1484,14981000000,,0.0,-0.09557371019045924,-0.9864434191723872,0.09557371019045924,0.001,5.112853402441196,10.0,3.0,3.5,5.0,0
14991000000,1485,14991000000,,0.0,-0.09515955230269224,-0.9025558903261139,0.09515955230269224,0.001,4.817947614349389,10.0,3.0,3.5,5.0,0
15001000000,1486,15001000000,,0.0,-0.0949895488328032,-0.9873647305639255,0.0949895488328032,0.001,5.115919454580868,10.0,3.0,3.5,5.0,0
15011000000,1487,15011000000,,0.0,-0.09457660389090528,-0.9033770658963102,0.09457660389090528,0.001,4.820657774840182,10.0,3.0,3.5,5.0,0
15021000000,1488,15021000000,,0.0,-0.09440818378175031,-0.9882850580069021,0.09440818378175031,0.001,5.118975035101074,10.0,3.0,3.5,5.0,0
15031000000,1489,15031000000,,0.0,-0.09399646696605579,-0.9041974475961265,0.09399646696605579,0.001,4.823358365236137,10.0,3.0,3.5,5.0,0
15041000000,1490,15041000000,,0.0,-0.09382964354205203,-0.9892041961598745,0.09382964354205203,0.001,5.122019879163994,10.0,3.0,3.5,5.0,0
15051000000,1491,15051000000,,0.0,-0.09341916862611299,-0.9050168488022228,0.09341916862611299,0.001,4.826049172981605,10.0,3.0,3.5,5.0,0
15061000000,1492,15061000000,,0.0,-0.09325395381108414,-0.9901219532439756,0.09325395381108414,0.001,5.12505374294984,10.0,3.0,3.5,5.0,0
15071000000,1493,15071000000,,0.0,-0.0928447332485014,-0.9058350952369875,0.0928447332485014,0.001,4.828730003065623,10.0,3.0,3.5,5.0,0
15081000000,1494,15081000000,,0.0,-0.09268113765242436,-0.99103815018356,0.09268113765242436,0.001,5.128076402207963,10.0,3.0,3.5,5.0,0
15091000000,1495,15091000000,,0.0,-0.09227318265835827,-0.9066520241858301,0.09227318265835827,0.001,4.831400676804711,10.0,3.0,3.5,5.0,0
15101000000,1496,15101000000,,0.0,-0.09211121565888636,-0.9919526198240927,0.09211121565888636,0.001,5.131087651029701,10.0,3.0,3.5,5.0,0
15111000000,1497,15111000000,,0.0,-0.09170453628665953,-0.9074674837773414,0.09170453628665953,0.001,4.834061030751759,10.0,3.0,3.5,5.0,0
15121000000,1498,15121000000,,0.0,-0.09154420610572611,-0.9928652061999438,0.09154420610572611,0.001,5.134087300631901,10.0,3.0,3.5,5.0,0
15131000000,1499,15131000000,,0.0,-0.09113881131882984,-0.908281332323296,0.09113881131882984,0.001,4.8367109157551855,10.0,3.0,3.5,5.0,0
15141000000,1500,15141000000,,0.0,-0.09098012509453923,-0.9937757638047556,0.09098012509453923,0.001,5.137075178155733,10.0,3.0,3.5,5.0,0
15151000000,1501,15151000000,,0.0,-0.0905760228342194,-0.909093437660127,0.0905760228342194,0.001,4.839350195891878,10.0,3.0,3.5,5.0,0
15161000000,1502,15161000000,,0.0,-0.09041898668850035,-0.994684156984891,0.09041898668850035,0.001,5.140051125723025,10.0,3.0,3.5,5.0,0
15171000000,1503,15171000000,,0.0,-0.09001618393732702,-0.9099036765808248,0.09001618393732702,0.001,4.841978747680095,10.0,3.0,3.5,5.0,0
15181000000,1504,15181000000,,0.0,-0.08986080303939037,-0.9955902592817945,0.08986080303939037,0.001,5.143014999331292,10.0,3.0,3.5,5.0,0
15191000000,1505,15191000000,,0.0,-0.08945930588092565,-0.9107119342550377,0.08945930588092565,0.001,4.844596459175476,10.0,3.0,3.5,5.0,0
15201000000,1506,15201000000,,0.0,-0.08930558450698722,-0.9964939529009627,0.08930558450698722,0.001,5.145966668034177,10.0,3.0,3.5,5.0,0
15211000000,1507,15211000000,,0.0,-0.08890539818192078,-0.9115181037265451,0.08890539818192078,0.001,4.847203229231603,10.0,3.0,3.5,5.0,0
15221000000,1508,15221000000,,0.0,-0.08875333977122857,-0.9973951281444638,0.08875333977122857,0.001,5.148906013000585,10.0,3.0,3.5,5.0,0
15231000000,1509,15231000000,,0.0,-0.08835446873008479,-0.9123220854138134,0.08835446873008479,0.001,4.849798966789282,10.0,3.0,3.5,5.0,0
15241000000,1510,15241000000,,0.0,-0.08820407593763413,-0.9982936829266125,0.08820407593763413,0.001,5.151832926774072,10.0,3.0,3.5,5.0,0
15251000000,1511,15251000000,,0.0,-0.08780652389030053,-0.9131237866560811,0.08780652389030053,0.001,4.852383590163212,10.0,3.0,3.5,5.0,0
15261000000,1512,15261000000,,0.0,-0.08765779863634293,-0.9991895222890335,0.08765779863634293,0.001,5.154747312455852,10.0,3.0,3.5,5.0,0
15271000000,1513,15271000000,,0.0,-0.08726156859864265,-0.9139231212798262,0.08726156859864265,0.001,4.85495702644705,10.0,3.0,3.5,5.0,0
15281000000,1514,15281000000,,0.0,-0.08711451211519794,-1.0000825579656016,0.08711451211519794,0.001,5.157649083070294,10.0,3.0,3.5,5.0,0
15291000000,1515,15291000000,,0.0,-0.08671960645263699,-0.914720009198666,0.08671960645263699,0.001,4.8575192108907,10.0,3.0,3.5,5.0,0
15301000000,1516,15301000000,,0.0,-0.08657421932725118,-1.0009727079740025,0.08657421932725118,0.001,5.16053816087382,10.0,3.0,3.5,5.0,0
15311000000,1517,15311000000,,0.0,-0.08618063979614643,-0.9155143760394983,0.08618063979614643,0.001,4.860070086378346,10.0,3.0,3.5,5.0,0
15321000000,1518,15321000000,,0.0,-0.086036922012938,-1.001859896206651,0.086036922012938,0.001,5.16341447670262,10.0,3.0,3.5,5.0,0
15331000000,1519,15331000000,,0.0,-0.08564466979904228,-0.9163061527747071,0.08564466979904228,0.001,4.862609602859251,10.0,3.0,3.5,5.0,0
15341000000,1520,15341000000,,0.0,-0.08550262077737969,-1.0027440520926165,0.08550262077737969,0.001,5.166277969494039,10.0,3.0,3.5,5.0,0
15351000000,1521,15351000000,,0.0,-0.08511169653223938,-0.9170952754104938,0.08511169653223938,0.001,4.865137716979316,10.0,3.0,3.5,5.0,0
15361000000,1522,15361000000,,0.0,-0.0849713151629965,-1.0036251102331883,0.0849713151629965,0.001,5.169128585659859,10.0,3.0,3.5,5.0,0
15371000000,1523,15371000000,,0.0,-0.08458171903806289,-0.9178816846550036,0.08458171903806289,0.001,4.867654391489997,10.0,3.0,3.5,5.0,0
15381000000,1524,15381000000,,0.0,-0.08444300371775526,-1.0045030100983674,0.08444300371775526,0.001,5.171966278650199,10.0,3.0,3.5,5.0,0
15391000000,1525,15391000000,,0.0,-0.08405473539647712,-0.9186653256417937,0.08405473539647712,0.001,4.870159594930812,10.0,3.0,3.5,5.0,0
15401000000,1526,15401000000,,0.0,-0.08391768405932964,-1.0053776957129061,0.08391768405932964,0.001,5.174791008424545,10.0,3.0,3.5,5.0,0
15411000000,1527,15411000000,,0.0,-0.08353074278734951,-0.9194461476498312,0.08353074278734951,0.001,4.872653301220085,10.0,3.0,3.5,5.0,0
15421000000,1528,15421000000,,0.0,-0.08339535293542077,-1.00624911538443,0.08339535293542077,0.001,5.17760274109329,10.0,3.0,3.5,5.0,0
15431000000,1529,15431000000,,0.0,-0.08300973754887497,-0.9202241038429629,0.08300973754887497,0.001,4.875135489235776,10.0,3.0,3.5,5.0,0
15441000000,1530,15441000000,,0.0,-0.08287600628041414,-1.0071172214339086,0.08287600628041414,0.001,5.180401448426661,10.0,3.0,3.5,5.0,0
15451000000,1531,15451000000,,0.0,-0.0824917152326261,-0.9209991510361096,0.0824917152326261,0.001,4.877606142552494,10.0,3.0,3.5,5.0,0
15461000000,1532,15461000000,,0.0,-0.08235963926867917,-1.0079819699498034,0.08235963926867917,0.001,5.183187107532326,10.0,3.0,3.5,5.0,0
15471000000,1533,15471000000,,0.0,-0.08197667065518832,-0.9217712494643764,0.08197667065518832,0.001,4.880065249041861,10.0,3.0,3.5,5.0,0
15481000000,1534,15481000000,,0.0,-0.08184624636466165,-1.0088433205596699,0.08184624636466165,0.001,5.185959700485377,10.0,3.0,3.5,5.0,0
15491000000,1535,15491000000,,0.0,-0.08146459794677341,-0.9225403625766462,0.08146459794677341,0.001,4.882512800644606,10.0,3.0,3.5,5.0,0
15501000000,1536,15501000000,,0.0,-0.081335821369934,-1.0097012361998612,0.081335821369934,0.001,5.188719213955664,10.0,3.0,3.5,5.0,0
15511000000,1537,15511000000,,0.0,-0.08095549059687013,-0.9233064568273943,0.08095549059687013,0.001,4.884948793053695,10.0,3.0,3.5,5.0,0
15521000000,1538,15521000000,,0.0,-0.08082835746748795,-1.0105556829242468,0.08082835746748795,0.001,5.191465638965731,10.0,3.0,3.5,5.0,0
15531000000,1539,15531000000,,0.0,-0.08044934149718053,-0.924069501501471,0.08044934149718053,0.001,4.88737322544135,10.0,3.0,3.5,5.0,0
15541000000,1540,15541000000,,0.0,-0.08032384726332786,-1.0114066297108544,0.08032384726332786,0.001,5.194198970549722,10.0,3.0,3.5,5.0,0
15551000000,1541,15551000000,,0.0,-0.07994614298199831,-0.9248294685325422,0.07994614298199831,0.001,4.889786100281119,10.0,3.0,3.5,5.0,0
15561000000,1542,15561000000,,0.0,-0.07982228282558257,-1.012254048272229,0.07982228282558257,0.001,5.196919207495583,10.0,3.0,3.5,5.0,0
15571000000,1543,15571000000,,0.0,-0.07944588686611809,-0.9255863323395885,0.07944588686611809,0.001,4.892187423035689,10.0,3.0,3.5,5.0,0
15581000000,1544,15581000000,,0.0,-0.07932365572126088,-1.0130979128924906,0.07932365572126088,0.001,5.199626352072194,10.0,3.0,3.5,5.0,0
15591000000,1545,15591000000,,0.0,-0.07894856448050724,-0.9263400696706581,0.07894856448050724,0.001,4.894577201992387,10.0,3.0,3.5,5.0,0
15601000000,1546,15601000000,,0.0,-0.07882795705085144,-1.013938200274488,0.07882795705085144,0.001,5.202320409830342,10.0,3.0,3.5,5.0,0
15611000000,1547,15611000000,,0.0,-0.07845416670586847,-0.9270906594690828,0.07845416670586847,0.001,4.896955448067245,10.0,3.0,3.5,5.0,0
15621000000,1548,15621000000,,0.0,-0.078335177480783,-1.0147748893807573,0.078335177480783,0.001,5.2050013893594365,10.0,3.0,3.5,5.0,0
15631000000,1549,15631000000,,0.0,-0.07796268400411677,-0.9278380827233057,0.07796268400411677,0.001,4.899322174615005,10.0,3.0,3.5,5.0,0
15641000000,1550,15641000000,,0.0,-0.07784530727398664,-1.0156079613052833,0.07784530727398664,0.001,5.207669302064436,10.0,3.0,3.5,5.0,0
15651000000,1551,15651000000,,0.0,-0.07747410644803399,-0.9285823223492422,0.07747410644803399,0.001,4.901677397235185,10.0,3.0,3.5,5.0,0
15661000000,1552,15661000000,,0.0,-0.07735833631862654,-1.0164373991339597,0.07735833631862654,0.001,5.210324162025723,10.0,3.0,3.5,5.0,0
15671000000,1553,15671000000,,0.0,-0.07698842374914872,-0.9293233630720201,0.07698842374914872,0.001,4.904021133649147,10.0,3.0,3.5,5.0,0
15681000000,1554,15681000000,,0.0,-0.07687425415507398,-1.017263187819714,0.07687425415507398,0.001,5.212965985718718,10.0,3.0,3.5,5.0,0
15691000000,1555,15691000000,,0.0,-0.07650562528386295,-0.9300611913037561,0.07650562528386295,0.001,4.906353403492877,10.0,3.0,3.5,5.0,0
15701000000,1556,15701000000,,0.0,-0.07639305000130125,-1.0180853140811275,0.07639305000130125,0.001,5.215594791955537,10.0,3.0,3.5,5.0,0
15711000000,1557,15711000000,,0.0,-0.07602570011813903,-0.9307957950508519,0.07602570011813903,0.001,4.908674228246089,10.0,3.0,3.5,5.0,0
15721000000,1558,15721000000,,0.0,-0.07591471277674255,-1.0189037662779399,0.07591471277674255,0.001,5.2182106016511325,10.0,3.0,3.5,5.0,0
15731000000,1559,15731000000,,0.0,-0.07554863703060555,-0.9315271638079524,0.07554863703060555,0.001,4.910983631047484,10.0,3.0,3.5,5.0,0
15741000000,1560,15741000000,,0.0,-0.07543923112472406,-1.0197185343223647,0.07543923112472406,0.001,5.220813437725734,10.0,3.0,3.5,5.0,0
15751000000,1561,15751000000,,0.0,-0.07507442453432489,-0.9322552884670653,0.07507442453432489,0.001,4.9132816365974445,10.0,3.0,3.5,5.0,0
15761000000,1562,15761000000,,0.0,-0.07496659343354128,-1.0205296095782508,0.07496659343354128,0.001,5.223403324920455,10.0,3.0,3.5,5.0,0
15771000000,1563,15771000000,,0.0,-0.07460305089724972,-0.9329801612328886,0.07460305089724972,0.001,4.9155682710302235,10.0,3.0,3.5,5.0,0
15781000000,1564,15781000000,,0.0,-0.07449678785628411,-1.02133698476343,0.07449678785628411,0.001,5.225980289676215,10.0,3.0,3.5,5.0,0
15791000000,1565,15791000000,,0.0,-0.07413450416142542,-0.9337017755349076,0.07413450416142542,0.001,4.917843561805881,10.0,3.0,3.5,5.0,0
15801000000,1566,15801000000,,0.0,-0.07402980232946543,-1.0221406538874631,0.07402980232946543,0.001,5.228544360057796,10.0,3.0,3.5,5.0,0
15811000000,1567,15811000000,,0.0,-0.07366877216109735,-0.9344201259607154,0.07366877216109735,0.001,4.9201075376296775,10.0,3.0,3.5,5.0,0
15821000000,1568,15821000000,,0.0,-0.07356562459054761,-1.0229406121483713,0.07356562459054761,0.001,5.231095565580932,10.0,3.0,3.5,5.0,0
15831000000,1569,15831000000,,0.0,-0.07320584253968487,-0.9351352081755497,0.07320584253968487,0.001,4.9223602283363235,10.0,3.0,3.5,5.0,0
15841000000,1570,15841000000,,0.0,-0.0731042421943906,-1.0237368558780002,0.0731042421943906,0.001,5.2336339371601825,10.0,3.0,3.5,5.0,0
15851000000,1571,15851000000,,0.0,-0.07274570276573034,-0.93584701885966,0.07274570276573034,0.001,4.924601664827136,10.0,3.0,3.5,5.0,0
15861000000,1572,15861000000,,0.0,-0.0726456425287223,-1.0245293824610335,0.0726456425287223,0.001,5.236159506960951,10.0,3.0,3.5,5.0,0
15871000000,1573,15871000000,,0.0,-0.07228834014791818,-0.936555555641373,0.07228834014791818,0.001,4.9268318789366505,10.0,3.0,3.5,5.0,0
15881000000,1574,15881000000,,0.0,-0.07218981282868331,-1.0253181902710988,0.07218981282868331,0.001,5.238672308330189,10.0,3.0,3.5,5.0,0
15891000000,1575,15891000000,,0.0,-0.07183374184919877,-0.9372608170439077,0.07183374184919877,0.001,4.929050903446589,10.0,3.0,3.5,5.0,0
15901000000,1576,15901000000,,0.0,-0.07173674019051113,-1.0261032786168571,0.07173674019051113,0.001,5.241172375725556,10.0,3.0,3.5,5.0,0
15911000000,1577,15911000000,,0.0,-0.07138189490000091,-0.9379628024196284,0.07138189490000091,0.001,4.931258771905004,10.0,3.0,3.5,5.0,0
15921000000,1578,15921000000,,0.0,-0.07128641158435478,-1.0268846476757088,0.07128641158435478,0.001,5.2436597446118025,10.0,3.0,3.5,5.0,0
15931000000,1579,15931000000,,0.0,-0.07093278621074095,-0.9386615119085012,0.07093278621074095,0.001,4.933455518662998,10.0,3.0,3.5,5.0,0
15941000000,1580,15941000000,,0.0,-0.07083881386637447,-1.027662298444378,0.07083881386637447,0.001,5.246134451388066,10.0,3.0,3.5,5.0,0
15951000000,1581,15951000000,,0.0,-0.07048640258348193,-0.9393569463825941,0.07048640258348193,0.001,4.935641178742001,10.0,3.0,3.5,5.0,0
15961000000,1582,15961000000,,0.0,-0.0703939337900561,-1.0284362326893846,0.0703939337900561,0.001,5.24859653332666,10.0,3.0,3.5,5.0,0
15971000000,1583,15971000000,,0.0,-0.07004273072296563,-0.9400491074024375,0.07004273072296563,0.001,4.937815787813601,10.0,3.0,3.5,5.0,0
15981000000,1584,15981000000,,0.0,-0.06995175801688003,-1.0292064528886848,0.06995175801688003,0.001,5.251046028481199,10.0,3.0,3.5,5.0,0
15991000000,1585,15991000000,,0.0,-0.06960175724689943,-0.9407379971667092,0.06960175724689943,0.001,4.9399793820917175,10.0,3.0,3.5,5.0,0
16001000000,1586,16001000000,,0.0,-0.06951227312634156,-1.0299729622104705,0.06951227312634156,0.001,5.2534829756883346,10.0,3.0,3.5,5.0,0
16011000000,1587,16011000000,,0.0,-0.06916346869573964,-0.941423618484568,0.06916346869573964,0.001,4.942131998394449,10.0,3.0,3.5,5.0,0
16021000000,1588,16021000000,,0.0,-0.06907546562533806,-1.03073576444488,0.06907546562533806,0.001,5.255907414439394,10.0,3.0,3.5,5.0,0
16031000000,1589,16031000000,,0.0,-0.06872785154173489,-0.9421059747265607,0.06872785154173489,0.001,4.944273673969019,10.0,3.0,3.5,5.0,0
16041000000,1590,16041000000,,0.0,-0.068641321957017,-1.0314948639790764,0.068641321957017,0.001,5.258319384852871,10.0,3.0,3.5,5.0,0
16051000000,1591,16051000000,,0.0,-0.06829489219754326,-0.942785069792484,0.06829489219754326,0.001,4.946404446518184,10.0,3.0,3.5,5.0,0
16061000000,1592,16061000000,,0.0,-0.06820982850905999,-1.0322502657560704,0.06820982850905999,0.001,5.260718927629355,10.0,3.0,3.5,5.0,0
16071000000,1593,16071000000,,0.0,-0.06786457702424986,-0.9434609080791766,0.06786457702424986,0.001,4.94852435415273,10.0,3.0,3.5,5.0,0
16081000000,1594,16081000000,,0.0,-0.06778097162149166,-1.0330019752434532,0.06778097162149166,0.001,5.2631060840146215,10.0,3.0,3.5,5.0,0
16091000000,1595,16091000000,,0.0,-0.06743689233893235,-0.9441334944459083,0.06743689233893235,0.001,4.950633435346155,10.0,3.0,3.5,5.0,0
16101000000,1596,16101000000,,0.0,-0.06735473759398403,-1.0337499983953906,0.06735473759398403,0.001,5.265480895720831,10.0,3.0,3.5,5.0,0
16111000000,1597,16111000000,,0.0,-0.06701182442175213,-0.944802834184773,0.06701182442175213,0.001,4.952731728897465,10.0,3.0,3.5,5.0,0
16121000000,1598,16121000000,,0.0,-0.06693111269273277,-1.0344943416289112,0.06693111269273277,0.001,5.267843404924692,10.0,3.0,3.5,5.0,0
16131000000,1599,16131000000,,0.0,-0.06658935952261036,-0.9454689329969364,0.06658935952261036,0.001,4.954819273890037,10.0,3.0,3.5,5.0,0
16141000000,1600,16141000000,,0.0,-0.06651008315689744,-1.0352350117826081,0.06651008315689744,0.001,5.270193654199497,10.0,3.0,3.5,5.0,0
16151000000,1601,16151000000,,0.0,-0.06616948386739807,-0.9461317969599277,0.06616948386739807,0.001,4.956896109684116,10.0,3.0,3.5,5.0,0
16161000000,1602,16161000000,,0.0,-0.06609163520465611,-1.035972016105379,0.06609163520465611,0.001,5.272531686493409,10.0,3.0,3.5,5.0,0
16171000000,1603,16171000000,,0.0,-0.06575218366387592,-0.946791432510253,0.06575218366387592,0.001,4.958962275862441,10.0,3.0,3.5,5.0,0
16181000000,1604,16181000000,,0.0,-0.06567575503890932,-1.0367053622216174,0.06567575503890932,0.001,5.274857545098373,10.0,3.0,3.5,5.0,0
16191000000,1605,16191000000,,0.0,-0.06533744510716843,-0.9474478464143357,0.06533744510716843,0.001,4.961017812240758,10.0,3.0,3.5,5.0,0
16201000000,1606,16201000000,,0.0,-0.06526242885256295,-1.0374350581006915,0.06526242885256295,0.001,5.277171273602725,10.0,3.0,3.5,5.0,0
16211000000,1607,16211000000,,0.0,-0.06492525438490038,-0.948101045746175,0.06492525438490038,0.001,4.963062758775589,10.0,3.0,3.5,5.0,0
16221000000,1608,16221000000,,0.0,-0.06485164283356415,-1.038161112057,0.06485164283356415,0.001,5.27947291588515,10.0,3.0,3.5,5.0,0
16231000000,1609,16231000000,,0.0,-0.06451559768210391,-0.9487510378769007,0.06451559768210391,0.001,4.965097155619226,10.0,3.0,3.5,5.0,0
16241000000,1610,16241000000,,0.0,-0.06444338316957587,-1.0388835326973265,0.06444338316957587,0.001,5.281762516049359,10.0,3.0,3.5,5.0,0
16251000000,1611,16251000000,,0.0,-0.06410846118569236,-0.9493978304399576,0.06410846118569236,0.001,4.967121043046329,10.0,3.0,3.5,5.0,0
16261000000,1612,16261000000,,0.0,-0.06403763605236978,-1.0396023289321366,0.06403763605236978,0.001,5.2840401184681465,10.0,3.0,3.5,5.0,0
16271000000,1613,16271000000,,0.0,-0.06370383108875632,-0.9500414313262184,0.06370383108875632,0.001,4.969134461428742,10.0,3.0,3.5,5.0,0
16281000000,1614,16281000000,,0.0,-0.06363438768195451,-1.0403175099383624,0.06363438768195451,0.001,5.286305767688261,10.0,3.0,3.5,5.0,0
16291000000,1615,16291000000,,0.0,-0.06330169359456761,-0.9506818486671796,0.06330169359456761,0.001,4.971137451300901,10.0,3.0,3.5,5.0,0
16301000000,1616,16301000000,,0.0,-0.063233624270425,-1.0410290851396917,0.063233624270425,0.001,5.288559508419781,10.0,3.0,3.5,5.0,0
16311000000,1617,16311000000,,0.0,-0.06290203492026691,-0.9513190908027022,0.06290203492026691,0.001,4.973130053204705,10.0,3.0,3.5,5.0,0
16321000000,1618,16321000000,,0.0,-0.06283533204559522,-1.0417370642024366,0.06283533204559522,0.001,5.290801385554625,10.0,3.0,3.5,5.0,0
16331000000,1619,16331000000,,0.0,-0.06250484130040412,-0.9519531662861098,0.06250484130040412,0.001,4.975112307788036,10.0,3.0,3.5,5.0,0
16341000000,1620,16341000000,,0.0,-0.06243949725436426,-1.0424414570104223,0.06243949725436426,0.001,5.293031444101782,10.0,3.0,3.5,5.0,0
16351000000,1621,16351000000,,0.0,-0.0621100989902148,-0.9525840838590698,0.0621100989902148,0.001,4.9770842557267585,10.0,3.0,3.5,5.0,0
16361000000,1622,16361000000,,0.0,-0.06204610616591211,-1.0431422736590548,0.06204610616591211,0.001,5.29524972922674,10.0,3.0,3.5,5.0,0
16371000000,1623,16371000000,,0.0,-0.06171779426868884,-0.953211852441278,0.06171779426868884,0.001,4.979045937762964,10.0,3.0,3.5,5.0,0
16381000000,1624,16381000000,,0.0,-0.06165514507464298,-1.043839524430909,0.06165514507464298,0.001,5.297456286164212,10.0,3.0,3.5,5.0,0
16391000000,1625,16391000000,,0.0,-0.06132791344141264,-0.9538364811166429,0.06132791344141264,0.001,4.980997394616782,10.0,3.0,3.5,5.0,0
16401000000,1626,16401000000,,0.0,-0.061266600302982255,-1.044533219789269,0.061266600302982255,0.001,5.299651160229054,10.0,3.0,3.5,5.0,0
16411000000,1627,16411000000,,0.0,-0.06094044284331801,-0.9544579791258655,0.06094044284331801,0.001,4.9829386670652855,10.0,3.0,3.5,5.0,0
16421000000,1628,16421000000,,0.0,-0.060880458203959265,-1.045223370367143,0.060880458203959265,0.001,5.301834396843859,10.0,3.0,3.5,5.0,0
16431000000,1629,16431000000,,0.0,-0.060555368841122004,-0.9550763558488766,0.060555368841122004,0.001,4.984869795850604,10.0,3.0,3.5,5.0,0
16441000000,1630,16441000000,,0.0,-0.060496705163642694,-1.0459099869528,0.060496705163642694,0.001,5.304006041471964,10.0,3.0,3.5,5.0,0
16451000000,1631,16451000000,,0.0,-0.06017267783572677,-0.955691620800424,0.06017267783572677,0.001,4.986790821718337,10.0,3.0,3.5,5.0,0
16461000000,1632,16461000000,,0.0,-0.06011532760338767,-1.0465930804720454,0.06011532760338767,0.001,5.306166139586016,10.0,3.0,3.5,5.0,0
16471000000,1633,16471000000,,0.0,-0.05979235626437074,-0.9563037836152167,0.05979235626437074,0.001,4.98870178536658,10.0,3.0,3.5,5.0,0
16481000000,1634,16481000000,,0.0,-0.05973631198198781,-1.0472726620021369,0.05973631198198781,0.001,5.3083147367725,10.0,3.0,3.5,5.0,0
16491000000,1635,16491000000,,0.0,-0.05941439060272735,-0.9569128540487558,0.05941439060272735,0.001,4.990602727525115,10.0,3.0,3.5,5.0,0
16501000000,1636,16501000000,,0.0,-0.05935964479760614,-1.0479487427276264,0.05935964479760614,0.001,5.310451878548192,10.0,3.0,3.5,5.0,0
16511000000,1637,16511000000,,0.0,-0.05903876736674718,-0.9575188419519911,0.05903876736674718,0.001,4.992493688820762,10.0,3.0,3.5,5.0,0
16521000000,1638,16521000000,,0.0,-0.058985312589651784,-1.0486213339628048,0.058985312589651784,0.001,5.312577610499464,10.0,3.0,3.5,5.0,0
16531000000,1639,16531000000,,0.0,-0.05866547311447956,-0.9581217572813843,0.05866547311447956,0.001,4.994374709854028,10.0,3.0,3.5,5.0,0
16541000000,1640,16541000000,,0.0,-0.05861330194047287,-1.0492904471256665,0.05861330194047287,0.001,5.31469197821471,10.0,3.0,3.5,5.0,0
16551000000,1641,16551000000,,0.0,-0.058294494447717504,-0.9587216100784329,0.058294494447717504,0.001,4.996245831180826,10.0,3.0,3.5,5.0,0
16561000000,1642,16561000000,,0.0,-0.05824359947696234,-1.049956093732238,0.05824359947696234,0.001,5.316795027234632,10.0,3.0,3.5,5.0,0
16571000000,1643,16571000000,,0.0,-0.057925818013544905,-0.9593184104701681,0.057925818013544905,0.001,4.998107093293328,10.0,3.0,3.5,5.0,0
16581000000,1644,16581000000,,0.0,-0.057876191872054505,-1.050618285390757,0.057876191872054505,0.001,5.318886803113452,10.0,3.0,3.5,5.0,0
16591000000,1645,16591000000,,0.0,-0.05755943050575851,-0.9599121686561595,0.05755943050575851,0.001,4.999958536612066,10.0,3.0,3.5,5.0,0
16601000000,1646,16601000000,,0.0,-0.05751106584608401,-1.0512770338056956,0.05751106584608401,0.001,5.320967351391782,10.0,3.0,3.5,5.0,0
16611000000,1647,16611000000,,0.0,-0.0571953186662153,-0.960502894911573,0.0571953186662153,0.001,5.001800201496041,10.0,3.0,3.5,5.0,0
16621000000,1648,16621000000,,0.0,-0.057148208168082526,-1.051932350744023,0.057148208168082526,0.001,5.323036717537871,10.0,3.0,3.5,5.0,0
16631000000,1649,16631000000,,0.0,-0.05683346928603861,-0.961090599568828,0.05683346928603861,0.001,5.003632128201753,10.0,3.0,3.5,5.0,0
16641000000,1650,16641000000,,0.0,-0.05678760565696628,-1.0525842480594296,0.05678760565696628,0.001,5.325094947018393,10.0,3.0,3.5,5.0,0
16651000000,1651,16651000000,,0.0,-0.056473869206821625,-0.9616752930245177,0.056473869206821625,0.001,5.00545435694796,10.0,3.0,3.5,5.0,0
16661000000,1652,16661000000,,0.0,-0.056429245182632926,-1.0532327376612758,0.056429245182632926,0.001,5.327142085212967,10.0,3.0,3.5,5.0,0
16671000000,1653,16671000000,,0.0,-0.05611650532161416,-0.9622569857235014,0.05611650532161416,0.001,5.007266927804272,10.0,3.0,3.5,5.0,0
16681000000,1654,16681000000,,0.0,-0.056073113667007846,-1.053877831532651,0.056073113667007846,0.001,5.329178177520971,10.0,3.0,3.5,5.0,0
16691000000,1655,16691000000,,0.0,-0.055761364575975136,-0.9628356881630972,0.055761364575975136,0.001,5.009069880810481,10.0,3.0,3.5,5.0,0
16701000000,1656,16701000000,,0.0,-0.055719198084939414,-1.0545195417049837,0.055719198084939414,0.001,5.331203269218218,10.0,3.0,3.5,5.0,0
16711000000,1657,16711000000,,0.0,-0.055408433968838544,-0.9634114108855859,0.055408433968838544,0.001,5.010863255882709,10.0,3.0,3.5,5.0,0
16721000000,1658,16721000000,,0.0,-0.055367485465106725,-1.0551578802585369,0.055367485465106725,0.001,5.333217405525179,10.0,3.0,3.5,5.0,0
16731000000,1659,16731000000,,0.0,-0.05505770055333592,-0.9639841644653067,0.05505770055333592,0.001,5.0126470928372955,10.0,3.0,3.5,5.0,0
16741000000,1660,16741000000,,0.0,-0.055017962890810956,-1.055792859328888,0.055017962890810956,0.001,5.335220631636819,10.0,3.0,3.5,5.0,0
16751000000,1661,16751000000,,0.0,-0.05470915143761612,-0.9645539595202811,0.05470915143761612,0.001,5.014421431396057,10.0,3.0,3.5,5.0,0
16761000000,1662,16761000000,,0.0,-0.05467061750070901,-1.0564244910873175,0.05467061750070901,0.001,5.337212992639964,10.0,3.0,3.5,5.0,0
16771000000,1663,16771000000,,0.0,-0.05436277378550969,-0.9651208066971484,0.05436277378550969,0.001,5.016186311177603,10.0,3.0,3.5,5.0,0
16781000000,1664,16781000000,,0.0,-0.05432543648948318,-1.0570527877472686,0.05432543648948318,0.001,5.339194533554433,10.0,3.0,3.5,5.0,0
16791000000,1665,16791000000,,0.0,-0.05401855481718343,-0.9656847166701867,0.05401855481718343,0.001,5.0179417716948045,10.0,3.0,3.5,5.0,0
16801000000,1666,16801000000,,0.0,-0.053982407108478014,-1.0576777615519861,0.053982407108478014,0.001,5.341165299317913,10.0,3.0,3.5,5.0,0
16811000000,1667,16811000000,,0.0,-0.05367648180974616,-0.9662457001400098,0.05367648180974616,0.001,5.019687852339385,10.0,3.0,3.5,5.0,0
16821000000,1668,16821000000,,0.0,-0.053641516666244726,-1.058299424781609,0.053641516666244726,0.001,5.343125334801044,10.0,3.0,3.5,5.0,0
16831000000,1669,16831000000,,0.0,-0.05333654209777361,-0.966803767827742,0.05333654209777361,0.001,5.021424592409256,10.0,3.0,3.5,5.0,0
16841000000,1670,16841000000,,0.0,-0.0533027525290759,-1.0589177897399107,0.0533027525290759,0.001,5.345074684766473,10.0,3.0,3.5,5.0,0
16851000000,1671,16851000000,,0.0,-0.052998723073813814,-0.9673589304739098,0.052998723073813814,0.001,5.023152031092165,10.0,3.0,3.5,5.0,0
16861000000,1672,16861000000,,0.0,-0.0529661021214336,-1.0595328687549017,0.0529661021214336,0.001,5.3470133938952635,10.0,3.0,3.5,5.0,0
16871000000,1673,16871000000,,0.0,-0.05266301218880187,-0.967911198835424,0.05266301218880187,0.001,5.024870207442247,10.0,3.0,3.5,5.0,0
16881000000,1674,16881000000,,0.0,-0.052631552926420966,-1.0601446741759262,0.052631552926420966,0.001,5.348941506776471,10.0,3.0,3.5,5.0,0
16891000000,1675,16891000000,,0.0,-0.05232939695248984,-0.9684605836807904,0.05232939695248984,0.001,5.026579160400278,10.0,3.0,3.5,5.0,0
16901000000,1676,16901000000,,0.0,-0.0522990924861233,-1.0607532183749957,0.0522990924861233,0.001,5.350859067907862,10.0,3.0,3.5,5.0,0
16911000000,1677,16911000000,,0.0,-0.0519978649338011,-0.9690070957947714,0.0519978649338011,0.001,5.028278928813193,10.0,3.0,3.5,5.0,0
16921000000,1678,16921000000,,0.0,-0.051968708401958,-1.0613585137300818,0.051968708401958,0.001,5.352766121671873,10.0,3.0,3.5,5.0,0
16931000000,1679,16931000000,,0.0,-0.05166840376111992,-0.9695507459612064,0.05166840376111992,0.001,5.029969551365932,10.0,3.0,3.5,5.0,0
16941000000,1680,16941000000,,0.0,-0.05164038833499163,-1.0619605726443526,0.05164038833499163,0.001,5.354662712392101,10.0,3.0,3.5,5.0,0
16951000000,1681,16951000000,,0.0,-0.05134100112263429,-0.9700915449812791,0.05134100112263429,0.001,5.031651066669275,10.0,3.0,3.5,5.0,0
16961000000,1682,16961000000,,0.0,-0.051314120006177966,-1.0625594075198912,0.051314120006177966,0.001,5.356548884227347,10.0,3.0,3.5,5.0,0
16971000000,1683,16971000000,,0.0,-0.05101564476653131,-0.97062950365527,0.05101564476653131,0.001,5.033323513196999,10.0,3.0,3.5,5.0,0
16981000000,1684,16981000000,,0.0,-0.050989891196602244,-1.0631550307716786,0.050989891196602244,0.001,5.35842468126471,10.0,3.0,3.5,5.0,0
16991000000,1685,16991000000,,0.0,-0.050692322501218356,-0.9711646327819558,0.050692322501218356,0.001,5.0349869292792615,10.0,3.0,3.5,5.0,0
17001000000,1686,17001000000,,0.0,-0.05066768974770408,-1.063747454832909,0.05066768974770408,0.001,5.360290147525426,10.0,3.0,3.5,5.0,0
17011000000,1687,17011000000,,0.0,-0.05037102219556644,-0.9716969431731981,0.05037102219556644,0.001,5.03664135315218,10.0,3.0,3.5,5.0,0
17021000000,1688,17021000000,,0.0,-0.05034750356140627,-1.0643366921144195,0.05034750356140627,0.001,5.36214532682679,10.0,3.0,3.5,5.0,0
17031000000,1689,17031000000,,0.0,-0.050051731778987474,-0.9722264456251931,0.050051731778987474,0.001,5.038286822912492,10.0,3.0,3.5,5.0,0
17041000000,1690,17041000000,,0.0,-0.050029320600316396,-1.0649227550607734,0.050029320600316396,0.001,5.3639902629929725,10.0,3.0,3.5,5.0,0
17051000000,1691,17051000000,,0.0,-0.04973443924164922,-0.9727531509463326,0.04973443924164922,0.001,5.039923376554436,10.0,3.0,3.5,5.0,0
17061000000,1692,17061000000,,0.0,-0.04971312888777302,-1.0655056560875205,0.04971312888777302,0.001,5.365824999616654,10.0,3.0,3.5,5.0,0
17071000000,1693,17071000000,,0.0,-0.04941913263449216,-0.9732770699275025,0.04941913263449216,0.001,5.041551051911385,10.0,3.0,3.5,5.0,0
17081000000,1694,17081000000,,0.0,-0.04939891650802686,-1.0660854076325048,0.04939891650802686,0.001,5.367649580282088,10.0,3.0,3.5,5.0,0
17091000000,1695,17091000000,,0.0,-0.049105800069416006,-0.9737982133656512,0.049105800069416006,0.001,5.043169886735983,10.0,3.0,3.5,5.0,0
17101000000,1696,17101000000,,0.0,-0.04908667160623015,-1.0666620221171232,0.04908667160623015,0.001,5.36946404839457,10.0,3.0,3.5,5.0,0
17111000000,1697,17111000000,,0.0,-0.048794429719237975,-0.9743165920437115,0.048794429719237975,0.001,5.044779918603901,10.0,3.0,3.5,5.0,0
17121000000,1698,17121000000,,0.0,-0.04877638238854587,-1.0672355119624393,0.04877638238854587,0.001,5.371268447259791,10.0,3.0,3.5,5.0,0
17131000000,1699,17131000000,,0.0,-0.04848500981780557,-0.9748322167390157,0.04848500981780557,0.001,5.0463811850181,10.0,3.0,3.5,5.0,0
17141000000,1700,17141000000,,0.0,-0.04846803712215131,-1.067805889587627,0.04846803712215131,0.001,5.373062820106188,10.0,3.0,3.5,5.0,0
17151000000,1701,17151000000,,0.0,-0.048177528659994806,-0.9753450982242606,0.048177528659994806,0.001,5.047973723325436,10.0,3.0,3.5,5.0,0
17161000000,1702,17161000000,,0.0,-0.04816162413524516,-1.0683731673974328,0.04816162413524516,0.001,5.374847209982981,10.0,3.0,3.5,5.0,0
17171000000,1703,17171000000,,0.0,-0.04787197460170134,-0.975855247255466,0.04787197460170134,0.001,5.049557570769968,10.0,3.0,3.5,5.0,0
17181000000,1704,17181000000,,0.0,-0.04785713181705287,-1.0689373577935053,0.04785713181705287,0.001,5.37662165985715,10.0,3.0,3.5,5.0,0
17191000000,1705,17191000000,,0.0,-0.0475683360598298,-0.9763626745807561,0.0475683360598298,0.001,5.051132764434346,10.0,3.0,3.5,5.0,0
17201000000,1706,17201000000,,0.0,-0.047554548617798176,-1.0694984731715869,0.047554548617798176,0.001,5.378386212585726,10.0,3.0,3.5,5.0,0
17211000000,1707,17211000000,,0.0,-0.04726660151227691,-0.9768673909389396,0.04726660151227691,0.001,5.052699341305469,10.0,3.0,3.5,5.0,0
17221000000,1708,17221000000,,0.0,-0.047253863048661415,-1.0700565259029093,0.047253863048661415,0.001,5.3801409108692875,10.0,3.0,3.5,5.0,0
17231000000,1709,17231000000,,0.0,-0.04696675949785689,-0.9773694070498031,0.04696675949785689,0.001,5.054257338246311,10.0,3.0,3.5,5.0,0
17241000000,1710,17241000000,,0.0,-0.046955063681726195,-1.0706115283665494,0.046955063681726195,0.001,5.381885797354569,10.0,3.0,3.5,5.0,0
17251000000,1711,17251000000,,0.0,-0.046668798616282814,-0.9778687336280533,0.046668798616282814,0.001,5.0558067919931755,10.0,3.0,3.5,5.0,0
17261000000,1712,17261000000,,0.0,-0.04665813914991368,-1.0711634929126375,0.04665813914991368,0.001,5.383620914494454,10.0,3.0,3.5,5.0,0
17271000000,1713,17271000000,,0.0,-0.04637270752802891,-0.9783653813641647,0.04637270752802891,0.001,5.057347739120662,10.0,3.0,3.5,5.0,0
17281000000,1714,17281000000,,0.0,-0.046363078146889336,-1.0717124318878481,0.046363078146889336,0.001,5.385346304668818,10.0,3.0,3.5,5.0,0
17291000000,1715,17291000000,,0.0,-0.04607847495430839,-0.9788593609424857,0.04607847495430839,0.001,5.058880216144567,10.0,3.0,3.5,5.0,0
17301000000,1716,17301000000,,0.0,-0.04606986942698654,-1.072258357615748,0.04606986942698654,0.001,5.387062010112805,10.0,3.0,3.5,5.0,0
17311000000,1717,17311000000,,0.0,-0.04578608967693221,-0.9793506830267201,0.04578608967693221,0.001,5.060404259405983,10.0,3.0,3.5,5.0,0
17321000000,1718,17321000000,,0.0,-0.045778501805084026,-1.0728012824110027,0.045778501805084026,0.001,5.3887680729440985,10.0,3.0,3.5,5.0,0
17331000000,1719,17331000000,,0.0,-0.045495540538202484,-0.9798393582637043,0.045495540538202484,0.001,5.061919905129823,10.0,3.0,3.5,5.0,0
17341000000,1720,17341000000,,0.0,-0.045488964156506384,-1.0733412185721178,0.045488964156506384,0.001,5.390464535178003,10.0,3.0,3.5,5.0,0
17351000000,1721,17351000000,,0.0,-0.04520681644081215,-0.9803253972851431,0.04520681644081215,0.001,5.063427189439872,10.0,3.0,3.5,5.0,0
17361000000,1722,17361000000,,0.0,-0.045201245416881974,-1.0738781783810143,0.045201245416881974,0.001,5.392151438692331,10.0,3.0,3.5,5.0,0
17371000000,1723,17371000000,,0.0,-0.04491990634769305,-0.9808088107065692,0.04491990634769305,0.001,5.064926148311159,10.0,3.0,3.5,5.0,0
17381000000,1724,17381000000,,0.0,-0.04491533458201591,-1.0744121740954178,0.04491533458201591,0.001,5.393828825242187,10.0,3.0,3.5,5.0,0
17391000000,1725,17391000000,,0.0,-0.044634799281890736,-0.9812896091220733,0.044634799281890736,0.001,5.066416817622041,10.0,3.0,3.5,5.0,0
17401000000,1726,17401000000,,0.0,-0.044631220707746166,-1.0749432179612466,0.044631220707746166,0.001,5.395496736462139,10.0,3.0,3.5,5.0,0
17411000000,1727,17411000000,,0.0,-0.0443514843264019,-0.9817678031098919,0.0443514843264019,0.001,5.067899233094024,10.0,3.0,3.5,5.0,0
17421000000,1728,17421000000,,0.0,-0.04434889290977928,-1.0754713222005925,0.04434889290977928,0.001,5.397155213849515,10.0,3.0,3.5,5.0,0
17431000000,1729,17431000000,,0.0,-0.04406995062401986,-0.9822434032257076,0.04406995062401986,0.001,5.069373430362178,10.0,3.0,3.5,5.0,0
17441000000,1730,17441000000,,0.0,-0.044068340363546454,-1.0759964990266548,0.044068340363546454,0.001,5.3988042988225065,10.0,3.0,3.5,5.0,0
17451000000,1731,17451000000,,0.0,-0.04379018737718088,-0.982716420010212,0.04379018737718088,0.001,5.07083944491503,10.0,3.0,3.5,5.0,0
17461000000,1732,17461000000,,0.0,-0.04378955230402326,-1.076518760617875,0.04378955230402326,0.001,5.400444032622476,10.0,3.0,3.5,5.0,0
17471000000,1733,17471000000,,0.0,-0.04351218384778743,-0.983186863980836,0.04351218384778743,0.001,5.072297312127448,10.0,3.0,3.5,5.0,0
17481000000,1734,17481000000,,0.0,-0.043512518025557334,-1.0770381191399323,0.043512518025557334,0.001,5.402074456396615,10.0,3.0,3.5,5.0,0
17491000000,1735,17491000000,,0.0,-0.0432359293570288,-0.9836547456367093,0.0432359293570288,0.001,5.073747067268626,10.0,3.0,3.5,5.0,0
17501000000,1736,17501000000,,0.0,-0.043237226881692514,-1.0775545867394525,0.043237226881692514,0.001,5.403695611174885,10.0,3.0,3.5,5.0,0
17511000000,1737,17511000000,,0.0,-0.04296141328518921,-0.9841200754541786,0.04296141328518921,0.001,5.075188745453982,10.0,3.0,3.5,5.0,0
17521000000,1738,17521000000,,0.0,-0.04296366828496989,-1.0780681755377535,0.04296366828496989,0.001,5.405307537852913,10.0,3.0,3.5,5.0,0
17531000000,1739,17531000000,,0.0,-0.04268862507146576,-0.9845828638925657,0.04268862507146576,0.001,5.076622381709049,10.0,3.0,3.5,5.0,0
17541000000,1740,17541000000,,0.0,-0.042691831706743955,-1.0785788976303943,0.042691831706743955,0.001,5.406910277187474,10.0,3.0,3.5,5.0,0
17551000000,1741,17551000000,,0.0,-0.042417554213787234,-0.9850431213853287,0.042417554213787234,0.001,5.078048010927668,10.0,3.0,3.5,5.0,0
17561000000,1742,17561000000,,0.0,-0.04242170667699163,-1.0790867650997968,0.04242170667699163,0.001,5.408503869847842,10.0,3.0,3.5,5.0,0
17571000000,1743,17571000000,,0.0,-0.042148190268592955,-0.9855008583462387,0.042148190268592955,0.001,5.079465667891952,10.0,3.0,3.5,5.0,0
17581000000,1744,17581000000,,0.0,-0.04215328278409558,-1.0795917899985545,0.04215328278409558,0.001,5.410088356361182,10.0,3.0,3.5,5.0,0
17591000000,1745,17591000000,,0.0,-0.04188052285062138,-0.9859560851693816,0.04188052285062138,0.001,5.080875387255021,10.0,3.0,3.5,5.0,0
17601000000,1746,17601000000,,0.0,-0.041886549674629237,-1.0800939843592012,0.041886549674629237,0.001,5.4116637771263285,10.0,3.0,3.5,5.0,0
17611000000,1747,17611000000,,0.0,-0.041614541632740476,-0.9864088122260886,0.041614541632740476,0.001,5.082277203580098,10.0,3.0,3.5,5.0,0
17621000000,1748,17621000000,,0.0,-0.04162149705317297,-1.080593360180603,0.04162149705317297,0.001,5.413230172403001,10.0,3.0,3.5,5.0,0
17631000000,1749,17631000000,,0.0,-0.04135023634567059,-0.9868590498592198,0.04135023634567059,0.001,5.083671151254187,10.0,3.0,3.5,5.0,0
17641000000,1750,17641000000,,0.0,-0.04135811468209116,-1.0810899294583964,0.04135811468209116,0.001,5.414787582393869,10.0,3.0,3.5,5.0,0
17651000000,1751,17651000000,,0.0,-0.041087596777849456,-0.9873068084002591,0.041087596777849456,0.001,5.0850572646145205,10.0,3.0,3.5,5.0,0
17661000000,1752,17661000000,,0.0,-0.04109639238128704,-1.0815837041406076,0.04109639238128704,0.001,5.416336047102574,10.0,3.0,3.5,5.0,0
17671000000,1753,17671000000,,0.0,-0.04082661277513466,-0.9877520981480186,0.04082661277513466,0.001,5.086435577843357,10.0,3.0,3.5,5.0,0
17681000000,1754,17681000000,,0.0,-0.04083632002801085,-1.0820746961684018,0.04083632002801085,0.001,5.417875606453371,10.0,3.0,3.5,5.0,0
17691000000,1755,17691000000,,0.0,-0.040567274240626894,-0.9881949293844089,0.040567274240626894,0.001,5.087806125025603,10.0,3.0,3.5,5.0,0
17701000000,1756,17701000000,,0.0,-0.04057788755662184,-1.0825629174446203,0.04057788755662184,0.001,5.4194063002300235,10.0,3.0,3.5,5.0,0
17711000000,1757,17711000000,,0.0,-0.04030957113442213,-0.9886353123648404,0.04030957113442213,0.001,5.089168940112458,10.0,3.0,3.5,5.0,0
17721000000,1758,17721000000,,0.0,-0.04032108495836084,-1.0830483798569053,0.04032108495836084,0.001,5.420928168108027,10.0,3.0,3.5,5.0,0
17731000000,1759,17731000000,,0.0,-0.040053493473397594,-0.9890732573244841,0.040053493473397594,0.001,5.0905240569537735,10.0,3.0,3.5,5.0,0
17741000000,1760,17741000000,,0.0,-0.0400659022811265,-1.0835310952608301,0.0400659022811265,0.001,5.42244124963091,10.0,3.0,3.5,5.0,0
17751000000,1761,17751000000,,0.0,-0.03979903133096219,-0.9895087744718486,0.03979903133096219,0.001,5.091871509286528,10.0,3.0,3.5,5.0,0
17761000000,1762,17761000000,,0.0,-0.03981232962922654,-1.084011075490828,0.03981232962922654,0.001,5.423945584217359,10.0,3.0,3.5,5.0,0
17771000000,1763,17771000000,,0.0,-0.03954617483684775,-0.9899418739962627,0.03954617483684775,0.001,5.093211330736117,10.0,3.0,3.5,5.0,0
17781000000,1764,17781000000,,0.0,-0.03956035716316464,-1.0844883323496564,0.03956035716316464,0.001,5.425441211181116,10.0,3.0,3.5,5.0,0
